0 7514 0.476667 0.453750 0.153333 0.310000
0 7515 0.351667 0.523125 0.120000 0.241250
0 -1  0.515000 0.373125 0.080000 0.161250
0 -1  0.426667 0.335625 0.030000 0.078750
0 -1  0.285833 0.329375 0.035000 0.066250
0 -1  0.235000 0.338750 0.046667 0.097500
0 -1  0.196667 0.339375 0.040000 0.098750
0 -1  0.166667 0.368125 0.076667 0.196250
0 -1  0.090833 0.316875 0.021667 0.041250
0 -1  0.069167 0.313125 0.021667 0.043750
0 -1  0.028333 0.316875 0.026667 0.061250
0 -1  0.019167 0.340000 0.035000 0.090000
