0 7565 0.630833 0.370625 0.121667 0.243750
0 -1  0.944167 0.345625 0.075000 0.221250
0 -1  0.867500 0.361250 0.085000 0.222500
0 -1  0.603333 0.346250 0.066667 0.162500
0 -1  0.473333 0.334375 0.046667 0.156250
0 -1  0.485833 0.351250 0.051667 0.145000
0 -1  0.451667 0.350000 0.060000 0.170000
0 -1  0.407500 0.350625 0.058333 0.113750
0 -1  0.410833 0.378125 0.041667 0.101250
0 -1  0.327500 0.338125 0.058333 0.133750
0 -1  0.250833 0.346250 0.065000 0.135000
0 -1  0.044167 0.350000 0.065000 0.120000
