0 7561 0.594167 0.288750 0.105000 0.212500
0 -1  0.916667 0.205625 0.036667 0.086250
0 -1  0.815000 0.213125 0.050000 0.118750
0 -1  0.795000 0.201250 0.033333 0.080000
0 -1  0.755833 0.208125 0.035000 0.083750
0 -1  0.737500 0.196875 0.018333 0.043750
0 -1  0.723333 0.197500 0.016667 0.042500
0 -1  0.708333 0.203125 0.016667 0.031250
0 -1  0.655833 0.209375 0.025000 0.053750
0 -1  0.537500 0.219375 0.031667 0.066250
0 -1  0.496667 0.230000 0.043333 0.087500
0 -1  0.438333 0.258750 0.063333 0.140000
0 -1  0.272500 0.253750 0.055000 0.095000
