0 7566 0.579167 0.228750 0.035000 0.070000
0 7567 0.540000 0.230000 0.033333 0.067500
0 -1  0.820000 0.228750 0.020000 0.062500
0 -1  0.792500 0.241875 0.048333 0.116250
0 -1  0.759167 0.223125 0.028333 0.068750
0 -1  0.721667 0.233750 0.040000 0.085000
0 -1  0.710833 0.216250 0.021667 0.050000
0 -1  0.690833 0.227500 0.025000 0.060000
0 -1  0.646667 0.224375 0.023333 0.051250
0 -1  0.622500 0.218125 0.025000 0.063750
0 -1  0.530000 0.230625 0.023333 0.063750
0 -1  0.486667 0.255625 0.053333 0.146250
0 -1  0.145833 0.253125 0.051667 0.121250
