0 7600 0.278333 0.328750 0.126667 0.255000
0 7601 0.395000 0.325625 0.136667 0.276250
0 -1  0.894167 0.243750 0.028333 0.082500
0 -1  0.875833 0.240625 0.021667 0.053750
0 -1  0.815833 0.235000 0.025000 0.060000
0 -1  0.797500 0.238750 0.025000 0.062500
0 -1  0.770833 0.235625 0.021667 0.051250
0 -1  0.739167 0.233750 0.025000 0.047500
0 -1  0.711667 0.235625 0.023333 0.038750
0 -1  0.506667 0.260625 0.030000 0.068750
0 -1  0.481667 0.252500 0.023333 0.067500
0 -1  0.221667 0.288750 0.063333 0.125000
0 -1  0.125000 0.286875 0.063333 0.156250
