0 7582 0.629167 0.301875 0.115000 0.231250
0 7583 0.718333 0.340625 0.086667 0.173750
0 7584 0.485000 0.255625 0.076667 0.156250
0 7907 0.430000 0.261875 0.073333 0.148750
0 -1  0.812500 0.218750 0.028333 0.070000
0 -1  0.845000 0.226250 0.036667 0.087500
0 -1  0.873333 0.240000 0.060000 0.160000
0 -1  0.770833 0.228125 0.038333 0.086250
0 -1  0.755833 0.239375 0.028333 0.056250
0 -1  0.705000 0.228750 0.033333 0.082500
0 -1  0.636667 0.231875 0.036667 0.106250
0 -1  0.608333 0.229375 0.040000 0.088750
0 -1  0.394167 0.221250 0.031667 0.067500
0 -1  0.071667 0.260625 0.070000 0.128750
