0 7592 0.545000 0.275000 0.080000 0.160000
0 -1  0.841667 0.229375 0.036667 0.091250
0 -1  0.809167 0.240000 0.045000 0.117500
0 -1  0.747500 0.230625 0.031667 0.088750
0 -1  0.735833 0.214375 0.028333 0.063750
0 -1  0.695000 0.241875 0.043333 0.131250
0 -1  0.673333 0.233125 0.030000 0.081250
0 -1  0.645833 0.216250 0.021667 0.047500
0 -1  0.625833 0.215000 0.021667 0.052500
0 -1  0.521667 0.261875 0.053333 0.146250
0 -1  0.477500 0.261875 0.058333 0.148750
0 -1  0.334167 0.270000 0.055000 0.120000
0 -1  0.390833 0.406875 0.178333 0.443750
