0 7635 0.847500 0.613750 0.055000 0.112500
0 7636 0.655833 0.258750 0.035000 0.070000
0 7637 0.586667 0.252500 0.033333 0.067500
0 7638 0.540000 0.256875 0.033333 0.068750
0 -1  0.643333 0.151250 0.023333 0.045000
0 -1  0.613333 0.141250 0.016667 0.037500
0 -1  0.586667 0.141250 0.016667 0.040000
0 -1  0.566667 0.140625 0.016667 0.046250
0 -1  0.597500 0.164375 0.021667 0.053750
0 -1  0.392500 0.143750 0.021667 0.040000
0 -1  0.175833 0.146875 0.021667 0.048750
0 -1  0.162500 0.151875 0.021667 0.043750
