0 7654 0.527500 0.342500 0.091667 0.185000
0 -1  0.542500 0.288750 0.081667 0.165000
0 -1  0.519167 0.201250 0.065000 0.132500
0 -1  0.806667 0.072500 0.033333 0.112500
0 -1  0.767500 0.073750 0.041667 0.102500
0 -1  0.695000 0.080625 0.053333 0.123750
0 -1  0.561667 0.066875 0.040000 0.101250
0 -1  0.529167 0.071250 0.048333 0.132500
0 -1  0.449167 0.070625 0.041667 0.103750
0 -1  0.479167 0.094375 0.055000 0.128750
0 -1  0.488333 0.148125 0.063333 0.163750
0 -1  0.500000 0.170625 0.053333 0.148750
0 -1  0.188333 0.358125 0.036667 0.088750
0 -1  0.169167 0.365000 0.041667 0.100000
0 -1  0.087500 0.383125 0.045000 0.071250
0 -1  0.040000 0.377500 0.060000 0.115000
0 -1  0.930000 0.381875 0.130000 0.261250
