0 7641 0.565833 0.215000 0.035000 0.070000
0 7642 0.566667 0.371250 0.040000 0.080000
0 7643 0.671667 0.371875 0.033333 0.068750
0 7644 0.623333 0.325000 0.036667 0.075000
0 7645 0.594167 0.365625 0.035000 0.071250
0 -1  0.421667 0.059375 0.023333 0.043750
0 -1  0.423333 0.070625 0.020000 0.043750
0 -1  0.377500 0.076875 0.025000 0.043750
0 -1  0.395833 0.093125 0.015000 0.038750
0 -1  0.380833 0.090625 0.015000 0.036250
0 -1  0.365833 0.110625 0.028333 0.048750
0 -1  0.416667 0.132500 0.030000 0.060000
