0 7652 0.445000 0.251875 0.063333 0.128750
0 7653 0.590833 0.656875 0.088333 0.176250
0 -1  0.529167 0.681875 0.098333 0.196250
0 -1  0.549167 0.842500 0.115000 0.230000
0 -1  0.647500 0.791250 0.085000 0.172500
0 -1  0.740833 0.212500 0.041667 0.105000
0 -1  0.711667 0.216875 0.036667 0.096250
0 -1  0.686667 0.210625 0.036667 0.088750
0 -1  0.661667 0.213750 0.036667 0.102500
0 -1  0.606667 0.223125 0.036667 0.106250
0 -1  0.586667 0.222500 0.043333 0.105000
0 -1  0.553333 0.223750 0.040000 0.107500
0 -1  0.455000 0.243125 0.043333 0.096250
0 -1  0.845000 0.463750 0.093333 0.175000
0 -1  0.670833 0.540625 0.061667 0.111250
