0 7654 0.525000 0.666250 0.090000 0.182500
0 -1  0.517500 0.560625 0.088333 0.176250
0 -1  0.476667 0.470000 0.110000 0.222500
0 -1  0.441667 0.368750 0.096667 0.192500
0 -1  0.408333 0.303750 0.083333 0.167500
0 -1  0.385833 0.221250 0.088333 0.177500
0 -1  0.380833 0.151250 0.081667 0.165000
0 -1  0.376667 0.085625 0.083333 0.168750
0 -1  0.593333 0.181875 0.040000 0.113750
0 -1  0.180833 0.156875 0.048333 0.098750
0 -1  0.151667 0.187500 0.053333 0.080000
0 -1  0.107500 0.175000 0.065000 0.125000
0 -1  0.248333 0.204375 0.063333 0.138750
0 -1  0.265000 0.233125 0.060000 0.123750
0 -1  0.570833 0.237500 0.068333 0.140000
0 -1  0.653333 0.211250 0.076667 0.155000
