0 7662 0.397500 0.381875 0.058333 0.118750
0 7663 0.365000 0.384375 0.063333 0.128750
0 -1  0.515833 0.375000 0.045000 0.092500
0 -1  0.576667 0.367500 0.050000 0.102500
0 -1  0.308333 0.343750 0.023333 0.047500
0 -1  0.263333 0.364375 0.033333 0.086250
0 -1  0.286667 0.374375 0.033333 0.103750
0 -1  0.249167 0.368750 0.035000 0.087500
0 -1  0.185000 0.398750 0.023333 0.047500
0 -1  0.134167 0.356875 0.028333 0.058750
0 -1  0.118333 0.373750 0.036667 0.082500
0 -1  0.040000 0.381875 0.046667 0.133750
0 -1  0.025833 0.383750 0.041667 0.105000
