0 7641 0.486667 0.206875 0.023333 0.048750
0 7642 0.561667 0.389375 0.036667 0.073750
0 7643 0.617500 0.406250 0.031667 0.065000
0 7644 0.651667 0.375625 0.036667 0.073750
0 7645 0.587500 0.386250 0.031667 0.065000
0 -1  0.062500 0.260625 0.038333 0.056250
0 -1  0.580833 0.145625 0.018333 0.041250
0 -1  0.548333 0.156875 0.020000 0.036250
0 -1  0.531667 0.157500 0.016667 0.037500
0 -1  0.521667 0.176250 0.013333 0.032500
0 -1  0.553333 0.183125 0.020000 0.046250
0 -1  0.538333 0.195000 0.020000 0.045000
0 -1  0.512500 0.195625 0.021667 0.051250
