0 7657 0.414167 0.376250 0.105000 0.212500
0 -1  0.914167 0.304375 0.031667 0.056250
0 -1  0.824167 0.322500 0.038333 0.077500
0 -1  0.178333 0.351875 0.056667 0.118750
0 -1  0.251667 0.338125 0.036667 0.076250
0 -1  0.280000 0.330625 0.036667 0.088750
0 -1  0.320833 0.328125 0.025000 0.058750
0 -1  0.432500 0.344375 0.038333 0.126250
0 -1  0.469167 0.334375 0.031667 0.091250
0 -1  0.493333 0.308750 0.020000 0.050000
0 -1  0.045833 0.116875 0.028333 0.043750
0 -1  0.020833 0.116875 0.025000 0.051250
