0 7685 0.399167 0.544375 0.145000 0.311250
0 -1  0.037500 0.501875 0.061667 0.161250
0 -1  0.094167 0.508125 0.078333 0.188750
0 -1  0.267500 0.551875 0.105000 0.276250
0 -1  0.537500 0.486250 0.058333 0.152500
0 -1  0.635000 0.483125 0.050000 0.146250
0 -1  0.678333 0.488125 0.043333 0.138750
0 -1  0.711667 0.513750 0.066667 0.195000
0 -1  0.763333 0.490000 0.046667 0.147500
0 -1  0.814167 0.476875 0.035000 0.093750
0 -1  0.880833 0.483750 0.038333 0.130000
0 -1  0.910000 0.490000 0.063333 0.137500
