0 7680 0.430000 0.423750 0.120000 0.242500
0 7925 0.305833 0.431875 0.108333 0.218750
0 -1  0.703333 0.323750 0.020000 0.045000
0 -1  0.666667 0.315000 0.020000 0.035000
0 -1  0.596667 0.318125 0.023333 0.038750
0 -1  0.815000 0.290000 0.016667 0.037500
0 -1  0.353333 0.370625 0.023333 0.051250
0 -1  0.153333 0.344375 0.020000 0.046250
0 -1  0.175833 0.330625 0.018333 0.031250
0 -1  0.195833 0.330000 0.015000 0.030000
0 -1  0.119167 0.343750 0.021667 0.035000
0 -1  0.135833 0.381250 0.021667 0.047500
0 -1  0.113333 0.382500 0.023333 0.047500
0 -1  0.372500 0.306250 0.018333 0.032500
0 -1  0.090833 0.330000 0.018333 0.040000
0 -1  0.978333 0.321875 0.020000 0.046250
