0 7685 0.494167 0.343125 0.088333 0.178750
0 7686 0.635833 0.456250 0.168333 0.340000
0 -1  0.884167 0.142500 0.035000 0.085000
0 -1  0.657500 0.150000 0.041667 0.102500
0 -1  0.621667 0.146875 0.043333 0.096250
0 -1  0.415000 0.140000 0.030000 0.087500
0 -1  0.434167 0.140000 0.031667 0.085000
0 -1  0.419167 0.166250 0.035000 0.075000
0 -1  0.450833 0.173125 0.035000 0.098750
0 -1  0.439167 0.223750 0.045000 0.117500
0 -1  0.451667 0.261875 0.053333 0.136250
0 -1  0.469167 0.306875 0.048333 0.151250
0 -1  0.302500 0.397500 0.021667 0.062500
0 -1  0.283333 0.398750 0.023333 0.062500
0 -1  0.243333 0.401875 0.030000 0.063750
0 -1  0.210833 0.401875 0.028333 0.066250
0 -1  0.152500 0.445000 0.075000 0.205000
