0 7685 0.676667 0.545625 0.170000 0.343750
0 7927 0.319167 0.507500 0.075000 0.152500
0 -1  0.455000 0.474375 0.020000 0.063750
0 -1  0.387500 0.470625 0.018333 0.048750
0 -1  0.370000 0.473750 0.023333 0.055000
0 -1  0.370000 0.480000 0.016667 0.037500
0 -1  0.346667 0.504375 0.043333 0.131250
0 -1  0.280833 0.487500 0.035000 0.082500
0 -1  0.239167 0.489375 0.038333 0.081250
0 -1  0.190833 0.516250 0.058333 0.142500
0 -1  0.166667 0.531875 0.053333 0.103750
0 -1  0.128333 0.511250 0.066667 0.140000
0 -1  0.401667 0.278125 0.036667 0.063750
0 -1  0.465833 0.250625 0.031667 0.081250
0 -1  0.513333 0.240000 0.040000 0.080000
0 -1  0.509167 0.263125 0.035000 0.086250
0 -1  0.514167 0.309375 0.031667 0.081250
0 -1  0.540000 0.295625 0.046667 0.113750
0 -1  0.555000 0.343125 0.053333 0.146250
0 -1  0.557500 0.398125 0.058333 0.133750
0 -1  0.551667 0.441250 0.063333 0.145000
0 -1  0.595833 0.518750 0.068333 0.207500
