0 7748 0.587500 0.382500 0.111667 0.225000
0 7749 0.494167 0.376250 0.105000 0.217500
0 -1  0.841667 0.358125 0.023333 0.061250
0 -1  0.635000 0.375625 0.103333 0.208750
0 -1  0.689167 0.370625 0.035000 0.098750
0 -1  0.733333 0.366875 0.043333 0.091250
0 -1  0.765000 0.363750 0.030000 0.070000
0 -1  0.801667 0.366875 0.033333 0.081250
0 -1  0.823333 0.365625 0.033333 0.091250
0 -1  0.883333 0.366250 0.046667 0.105000
0 -1  0.931667 0.366875 0.040000 0.103750
0 -1  0.955000 0.363125 0.056667 0.141250
