0 7985 0.450833 0.491875 0.161667 0.433750
0 7986 0.253333 0.421250 0.086667 0.207500
0 -1  0.149167 0.417500 0.081667 0.177500
0 -1  0.970833 0.377500 0.038333 0.077500
0 -1  0.938333 0.361250 0.020000 0.052500
0 -1  0.920833 0.365625 0.021667 0.048750
0 -1  0.769167 0.380625 0.038333 0.086250
0 -1  0.530833 0.380625 0.035000 0.113750
0 -1  0.583333 0.361250 0.030000 0.062500
0 -1  0.605000 0.364375 0.023333 0.053750
0 -1  0.615833 0.361250 0.021667 0.060000
0 -1  0.640000 0.365625 0.026667 0.058750
