0 7975 0.576667 0.523750 0.073333 0.200000
0 7976 0.493333 0.502500 0.076667 0.162500
0 -1  0.694167 0.438125 0.011667 0.036250
0 -1  0.630000 0.465625 0.046667 0.096250
0 -1  0.446667 0.480625 0.060000 0.136250
0 -1  0.136667 0.383750 0.023333 0.047500
0 -1  0.178333 0.413750 0.023333 0.055000
0 -1  0.201667 0.416875 0.026667 0.053750
0 -1  0.235833 0.450625 0.041667 0.088750
0 -1  0.399167 0.439375 0.018333 0.051250
0 -1  0.384167 0.433125 0.018333 0.038750
0 -1  0.370000 0.432500 0.016667 0.037500
0 -1  0.342500 0.437500 0.021667 0.050000
0 -1  0.322500 0.438125 0.021667 0.056250
0 -1  0.295000 0.441250 0.020000 0.055000
0 -1  0.281667 0.436250 0.023333 0.060000
