0 7973 0.461667 0.512500 0.193333 0.415000
0 7974 0.724167 0.611875 0.228333 0.481250
0 -1  0.800833 0.286250 0.018333 0.037500
0 -1  0.916667 0.362500 0.023333 0.050000
0 -1  0.741667 0.348750 0.020000 0.042500
0 -1  0.714167 0.356875 0.028333 0.063750
0 -1  0.795833 0.420625 0.091667 0.218750
0 -1  0.854167 0.465000 0.101667 0.225000
0 -1  0.658333 0.386250 0.050000 0.120000
0 -1  0.585833 0.446250 0.118333 0.237500
0 -1  0.369167 0.346250 0.035000 0.072500
0 -1  0.304167 0.358125 0.031667 0.091250
0 -1  0.279167 0.381250 0.051667 0.135000
0 -1  0.185833 0.341250 0.038333 0.085000
0 -1  0.100833 0.371875 0.045000 0.128750
0 -1  0.125000 0.371250 0.050000 0.157500
0 -1  0.040833 0.341250 0.028333 0.077500
0 -1  0.067500 0.342500 0.038333 0.080000
0 -1  0.240000 0.341875 0.030000 0.066250
0 -1  0.410000 0.419375 0.086667 0.203750
