0 7998 0.454167 0.601875 0.145000 0.273750
0 7999 0.714167 0.545625 0.081667 0.156250
0 8076 0.197500 0.530000 0.061667 0.147500
0 -1  0.364167 0.480625 0.018333 0.046250
0 -1  0.385833 0.483125 0.021667 0.046250
0 -1  0.410000 0.485000 0.023333 0.055000
0 -1  0.547500 0.490625 0.025000 0.056250
0 -1  0.607500 0.512500 0.038333 0.095000
0 -1  0.015000 0.480000 0.026667 0.060000
0 -1  0.046667 0.479375 0.023333 0.056250
0 -1  0.104167 0.513125 0.048333 0.108750
0 -1  0.141667 0.507500 0.053333 0.112500
