0 7994 0.508750 0.719167 0.065000 0.265000
0 7995 0.570625 0.692500 0.061250 0.231667
0 -1  0.886250 0.704167 0.052500 0.191667
0 -1  0.834375 0.694167 0.048750 0.201667
0 -1  0.810625 0.705000 0.046250 0.186667
0 -1  0.744375 0.695000 0.046250 0.173333
0 -1  0.633750 0.640000 0.027500 0.116667
0 -1  0.612500 0.643333 0.020000 0.080000
0 -1  0.466250 0.640833 0.032500 0.125000
0 -1  0.429375 0.659167 0.033750 0.138333
0 -1  0.363125 0.618333 0.016250 0.083333
0 -1  0.352500 0.615000 0.020000 0.080000
0 -1  0.328750 0.616667 0.017500 0.076667
0 -1  0.309375 0.616667 0.021250 0.100000
0 -1  0.276250 0.619167 0.020000 0.088333
0 -1  0.264375 0.614167 0.013750 0.071667
0 -1  0.245625 0.622500 0.021250 0.115000
0 -1  0.208125 0.629167 0.026250 0.108333
0 -1  0.140000 0.622500 0.022500 0.098333
0 -1  0.107500 0.610833 0.020000 0.085000
0 -1  0.090625 0.615000 0.018750 0.093333
0 -1  0.070625 0.613333 0.021250 0.090000
0 -1  0.045000 0.627500 0.030000 0.108333
0 -1  0.021250 0.608333 0.025000 0.083333
