0 7963 0.482500 0.570625 0.081667 0.241250
0 7964 0.584167 0.563125 0.075000 0.216250
0 -1  0.906667 0.748125 0.176667 0.503750
0 -1  0.826667 0.717500 0.270000 0.560000
0 -1  0.422500 0.470625 0.021667 0.048750
0 -1  0.404167 0.475000 0.028333 0.062500
0 -1  0.379167 0.477500 0.021667 0.057500
0 -1  0.347500 0.491875 0.051667 0.108750
0 -1  0.318333 0.470000 0.026667 0.057500
0 -1  0.304167 0.485000 0.028333 0.082500
0 -1  0.435000 0.477500 0.036667 0.067500
0 -1  0.457500 0.518125 0.058333 0.133750
0 -1  0.269167 0.481875 0.031667 0.071250
0 -1  0.191667 0.463125 0.020000 0.043750
0 -1  0.284167 0.496875 0.045000 0.091250
0 -1  0.151667 0.517500 0.063333 0.150000
0 -1  0.225833 0.501250 0.061667 0.132500
0 -1  0.234167 0.542500 0.051667 0.107500
0 -1  0.518333 0.484375 0.036667 0.073750
