0 7956 0.552500 0.495000 0.171667 0.435000
0 7957 0.818333 0.581250 0.150000 0.340000
0 -1  0.163333 0.482500 0.133333 0.345000
0 -1  0.345833 0.463125 0.135000 0.341250
0 -1  0.952500 0.490625 0.085000 0.343750
0 -1  0.830000 0.478125 0.130000 0.303750
0 -1  0.700000 0.397500 0.080000 0.192500
0 -1  0.275833 0.348750 0.041667 0.102500
0 -1  0.616667 0.347500 0.040000 0.100000
0 -1  0.410000 0.347500 0.046667 0.110000
0 -1  0.441667 0.344375 0.030000 0.078750
0 -1  0.478333 0.339375 0.033333 0.083750
0 -1  0.500000 0.330625 0.020000 0.046250
