0 7991 0.339167 0.454375 0.108333 0.251250
0 -1  0.227500 0.381875 0.045000 0.103750
0 -1  0.254167 0.384375 0.038333 0.108750
0 -1  0.416667 0.384375 0.040000 0.093750
0 -1  0.458333 0.380000 0.036667 0.085000
0 -1  0.555000 0.375000 0.026667 0.065000
0 -1  0.583333 0.373125 0.023333 0.048750
0 -1  0.610000 0.396250 0.040000 0.095000
0 -1  0.652500 0.394375 0.045000 0.106250
0 -1  0.722500 0.381250 0.028333 0.070000
0 -1  0.768333 0.386250 0.030000 0.062500
0 -1  0.822500 0.382500 0.025000 0.055000
0 -1  0.861667 0.392500 0.030000 0.067500
0 -1  0.892500 0.397500 0.031667 0.062500
0 -1  0.945833 0.399375 0.038333 0.081250
0 -1  0.968333 0.439375 0.056667 0.173750
