0 7978 0.289167 0.575000 0.215000 0.480000
0 7979 0.617500 0.521250 0.128333 0.275000
0 -1  0.900833 0.420625 0.028333 0.058750
0 -1  0.829167 0.431875 0.038333 0.071250
0 -1  0.566667 0.561250 0.063333 0.155000
0 -1  0.025000 0.446875 0.046667 0.141250
0 -1  0.072500 0.431875 0.035000 0.081250
0 -1  0.114167 0.426250 0.041667 0.090000
0 -1  0.131667 0.439375 0.043333 0.103750
0 -1  0.475000 0.580000 0.123333 0.405000
0 -1  0.185833 0.541875 0.091667 0.236250
0 -1  0.068333 0.578125 0.103333 0.203750
0 -1  0.043333 0.546250 0.066667 0.240000
