0 7977 0.496667 0.503125 0.123333 0.331250
0 -1  0.117500 0.391875 0.041667 0.093750
0 -1  0.199167 0.395625 0.035000 0.088750
0 -1  0.270000 0.444375 0.100000 0.211250
0 -1  0.335833 0.402500 0.035000 0.077500
0 -1  0.386667 0.402500 0.030000 0.077500
0 -1  0.454167 0.405625 0.035000 0.081250
0 -1  0.983333 0.416875 0.026667 0.088750
0 -1  0.955833 0.413125 0.031667 0.063750
0 -1  0.921667 0.411250 0.030000 0.065000
0 -1  0.877500 0.410000 0.041667 0.095000
0 -1  0.901667 0.448750 0.043333 0.107500
0 -1  0.822500 0.423125 0.048333 0.126250
0 -1  0.782500 0.428125 0.048333 0.136250
0 -1  0.745833 0.420000 0.051667 0.122500
0 -1  0.700833 0.421875 0.055000 0.138750
0 -1  0.665833 0.403125 0.041667 0.083750
0 -1  0.615000 0.406875 0.040000 0.096250
0 -1  0.584167 0.403125 0.035000 0.086250
0 -1  0.563333 0.405625 0.030000 0.073750
