0 7962 0.385000 0.468125 0.140000 0.343750
0 -1  0.090833 0.538125 0.178333 0.508750
0 -1  0.855833 0.382500 0.061667 0.170000
0 -1  0.756667 0.370000 0.060000 0.130000
0 -1  0.696667 0.354375 0.066667 0.141250
0 -1  0.665000 0.333750 0.040000 0.090000
0 -1  0.621667 0.347500 0.020000 0.050000
0 -1  0.585833 0.334375 0.031667 0.081250
0 -1  0.322500 0.355625 0.058333 0.158750
0 -1  0.598333 0.368125 0.053333 0.111250
0 -1  0.605833 0.371875 0.038333 0.113750
0 -1  0.632500 0.496875 0.088333 0.238750
0 -1  0.794167 0.454375 0.138333 0.313750
