0 7994 0.508125 0.651667 0.043750 0.200000
0 7995 0.440000 0.637500 0.047500 0.188333
0 -1  0.089375 0.588333 0.026250 0.103333
0 -1  0.112500 0.600000 0.035000 0.133333
0 -1  0.171250 0.590833 0.027500 0.108333
0 -1  0.208125 0.604167 0.028750 0.128333
0 -1  0.221875 0.584167 0.023750 0.101667
0 -1  0.418125 0.612500 0.026250 0.115000
0 -1  0.481875 0.618333 0.028750 0.123333
0 -1  0.543750 0.621667 0.030000 0.133333
0 -1  0.557500 0.627500 0.027500 0.135000
0 -1  0.720000 0.670000 0.055000 0.233333
0 -1  0.795625 0.660833 0.043750 0.191667
0 -1  0.978125 0.700833 0.041250 0.221667
0 -1  0.361875 0.599167 0.033750 0.115000
