0 7980 0.461667 0.468750 0.080000 0.202500
0 -1  0.070000 0.368125 0.026667 0.068750
0 -1  0.123333 0.379375 0.026667 0.063750
0 -1  0.156667 0.383750 0.020000 0.060000
0 -1  0.661667 0.398750 0.020000 0.040000
0 -1  0.060833 0.583750 0.118333 0.462500
0 -1  0.173333 0.516875 0.126667 0.296250
0 -1  0.273333 0.577500 0.190000 0.470000
0 -1  0.638333 0.445625 0.046667 0.118750
0 -1  0.596667 0.438125 0.053333 0.126250
0 -1  0.525833 0.496875 0.118333 0.283750
0 -1  0.428333 0.440625 0.053333 0.141250
0 -1  0.354167 0.491250 0.098333 0.217500
