0 8062 0.133333 0.469375 0.263333 0.791250
0 8063 0.580833 0.521250 0.325000 0.800000
0 -1  0.345833 0.335000 0.125000 0.292500
0 -1  0.966667 0.285000 0.050000 0.100000
0 -1  0.913333 0.281875 0.043333 0.096250
0 -1  0.894167 0.281250 0.038333 0.080000
0 -1  0.847500 0.269375 0.031667 0.071250
0 -1  0.685833 0.266250 0.035000 0.077500
0 -1  0.704167 0.266250 0.035000 0.075000
0 -1  0.737500 0.280625 0.045000 0.108750
0 -1  0.730833 0.263125 0.028333 0.078750
0 -1  0.759167 0.273750 0.035000 0.090000
0 -1  0.789167 0.268750 0.038333 0.092500
0 -1  0.793333 0.293125 0.050000 0.101250
