0 8035 0.537500 0.389375 0.108333 0.226250
0 -1  0.427500 0.518750 0.111667 0.247500
0 -1  0.232500 0.245000 0.048333 0.097500
0 -1  0.949167 0.255000 0.041667 0.085000
0 -1  0.877500 0.211250 0.038333 0.080000
0 -1  0.832500 0.215000 0.035000 0.077500
0 -1  0.809167 0.256875 0.038333 0.083750
0 -1  0.370000 0.183750 0.020000 0.055000
0 -1  0.395000 0.185000 0.020000 0.055000
0 -1  0.622500 0.171250 0.021667 0.055000
0 -1  0.655833 0.189375 0.028333 0.061250
0 -1  0.677500 0.167500 0.021667 0.055000
0 -1  0.696667 0.170625 0.020000 0.048750
0 -1  0.700833 0.208125 0.028333 0.068750
0 -1  0.735000 0.245000 0.030000 0.077500
0 -1  0.708333 0.311250 0.050000 0.125000
0 -1  0.727500 0.297500 0.045000 0.122500
