0 8065 0.368333 0.508125 0.163333 0.341250
0 -1  0.690833 0.472500 0.091667 0.195000
0 -1  0.761667 0.410000 0.050000 0.097500
0 -1  0.181667 0.488125 0.103333 0.278750
0 -1  0.129167 0.433125 0.081667 0.183750
0 -1  0.604167 0.460625 0.101667 0.223750
0 -1  0.972500 0.434375 0.051667 0.156250
0 -1  0.930833 0.419375 0.058333 0.128750
0 -1  0.887500 0.411875 0.041667 0.091250
0 -1  0.524167 0.468750 0.081667 0.200000
0 -1  0.477500 0.461250 0.121667 0.240000
0 -1  0.204167 0.387500 0.031667 0.070000
0 -1  0.266667 0.399375 0.043333 0.083750
0 -1  0.220000 0.390000 0.023333 0.065000
