0 8039 0.474167 0.418125 0.091667 0.208750
0 8040 0.418333 0.395625 0.086667 0.203750
0 -1  0.836667 0.248125 0.040000 0.076250
0 -1  0.779167 0.235000 0.028333 0.065000
0 -1  0.759167 0.222500 0.021667 0.062500
0 -1  0.745833 0.208750 0.028333 0.062500
0 -1  0.738333 0.221250 0.033333 0.067500
0 -1  0.710000 0.220000 0.023333 0.062500
0 -1  0.686667 0.221250 0.030000 0.062500
0 -1  0.654167 0.221875 0.028333 0.066250
0 -1  0.406667 0.180000 0.030000 0.062500
0 -1  0.435833 0.182500 0.018333 0.050000
0 -1  0.560833 0.196250 0.025000 0.060000
0 -1  0.575000 0.193125 0.023333 0.053750
0 -1  0.064167 0.257500 0.048333 0.107500
0 -1  0.119167 0.306250 0.051667 0.125000
0 -1  0.240833 0.258125 0.031667 0.063750
0 -1  0.272500 0.248125 0.041667 0.083750
0 -1  0.322500 0.263750 0.045000 0.100000
0 -1  0.627500 0.300625 0.055000 0.113750
0 -1  0.531667 0.260000 0.036667 0.077500
0 -1  0.516667 0.227500 0.030000 0.067500
0 -1  0.468333 0.234375 0.040000 0.083750
0 -1  0.355000 0.229375 0.030000 0.073750
0 -1  0.373333 0.255625 0.036667 0.086250
0 -1  0.450833 0.250000 0.038333 0.082500
0 -1  0.430000 0.219375 0.026667 0.058750
0 -1  0.399167 0.231875 0.025000 0.066250
0 -1  0.395833 0.252500 0.028333 0.077500
0 -1  0.418333 0.269375 0.036667 0.098750
