0 8044 0.546667 0.457500 0.210000 0.485000
0 8071 0.371667 0.434375 0.200000 0.508750
0 -1  0.339167 0.288125 0.045000 0.098750
0 -1  0.301667 0.294375 0.036667 0.086250
0 -1  0.280000 0.301250 0.036667 0.092500
0 -1  0.254167 0.316250 0.055000 0.127500
0 -1  0.230000 0.290625 0.036667 0.081250
0 -1  0.191667 0.293125 0.050000 0.118750
0 -1  0.145000 0.288125 0.050000 0.113750
0 -1  0.105833 0.279375 0.035000 0.081250
0 -1  0.075000 0.279375 0.040000 0.091250
0 -1  0.080000 0.459375 0.156667 0.531250
