0 8096 0.777500 0.410000 0.132500 0.633333
0 8097 0.901250 0.398889 0.137500 0.651111
0 8100 0.226250 0.378889 0.095000 0.455556
0 -1  0.125000 0.421111 0.062500 0.308889
0 -1  0.669375 0.370000 0.043750 0.268889
0 -1  0.321250 0.101111 0.032500 0.166667
0 -1  0.302500 0.160000 0.032500 0.093333
0 -1  0.346250 0.254444 0.037500 0.162222
0 -1  0.334375 0.342222 0.031250 0.111111
0 -1  0.318750 0.403333 0.030000 0.166667
0 -1  0.300625 0.254444 0.036250 0.162222
0 -1  0.293125 0.334444 0.028750 0.228889
