0 8119 0.188750 0.785556 0.090000 0.411111
0 8186 0.263125 0.602222 0.038750 0.191111
0 8187 0.302500 0.591111 0.042500 0.204444
0 8188 0.468750 0.757778 0.097500 0.462222
0 8189 0.566875 0.762222 0.093750 0.448889
0 8190 0.880000 0.661111 0.057500 0.273333
0 -1  0.678750 0.660000 0.042500 0.244444
0 -1  0.653750 0.675556 0.050000 0.248889
0 -1  0.350625 0.553333 0.021250 0.128889
0 -1  0.327500 0.575556 0.035000 0.191111
0 -1  0.219375 0.585556 0.038750 0.180000
0 -1  0.191250 0.571111 0.035000 0.151111
0 -1  0.166250 0.544444 0.022500 0.111111
0 -1  0.129375 0.570000 0.026250 0.162222
0 -1  0.096875 0.567778 0.031250 0.162222
0 -1  0.070625 0.610000 0.028750 0.220000
0 -1  0.041250 0.610000 0.032500 0.215556
