0 8120 0.216250 0.793333 0.077500 0.400000
0 8185 0.740625 0.671111 0.053750 0.271111
0 -1  0.833125 0.653333 0.036250 0.213333
0 -1  0.796250 0.634444 0.030000 0.233333
0 -1  0.980625 0.594444 0.023750 0.175556
0 -1  0.415000 0.584444 0.030000 0.133333
0 -1  0.358750 0.805556 0.085000 0.371111
0 -1  0.281250 0.795556 0.057500 0.373333
0 -1  0.376875 0.604444 0.028750 0.160000
0 -1  0.325625 0.626667 0.028750 0.213333
0 -1  0.154375 0.666667 0.033750 0.235556
0 -1  0.116875 0.612222 0.031250 0.188889
0 -1  0.083750 0.583333 0.022500 0.153333
0 -1  0.033750 0.582222 0.025000 0.124444
0 -1  0.053750 0.627778 0.035000 0.175556
0 -1  0.050000 0.830000 0.075000 0.326667
0 -1  0.480000 0.698889 0.047500 0.255556
0 -1  0.442500 0.836667 0.065000 0.313333
