0 8120 0.370625 0.795556 0.078750 0.373333
0 8185 0.858125 0.674444 0.053750 0.255556
0 -1  0.065000 0.603333 0.027500 0.135556
0 -1  0.101250 0.580000 0.020000 0.088889
0 -1  0.120625 0.602222 0.016250 0.120000
0 -1  0.147500 0.630000 0.030000 0.140000
0 -1  0.190625 0.601111 0.028750 0.135556
0 -1  0.220000 0.614444 0.020000 0.162222
0 -1  0.250000 0.635556 0.025000 0.191111
0 -1  0.325625 0.755556 0.048750 0.320000
0 -1  0.281875 0.805556 0.051250 0.362222
0 -1  0.283125 0.584444 0.036250 0.102222
0 -1  0.405000 0.792222 0.045000 0.317778
0 -1  0.900625 0.655556 0.036250 0.244444
0 -1  0.938750 0.653333 0.027500 0.244444
0 -1  0.976250 0.683333 0.032500 0.255556
0 -1  0.720625 0.575556 0.028750 0.128889
0 -1  0.697500 0.597778 0.032500 0.137778
0 -1  0.686875 0.588889 0.021250 0.120000
0 -1  0.020000 0.675556 0.035000 0.204444
