0 8131 0.725625 0.780000 0.048750 0.235556
0 8132 0.770625 0.773333 0.051250 0.244444
0 -1  0.846875 0.707778 0.016250 0.100000
0 -1  0.866875 0.710000 0.008750 0.091111
0 -1  0.881250 0.715556 0.020000 0.106667
0 -1  0.796875 0.723333 0.028750 0.108889
0 -1  0.663125 0.735556 0.021250 0.151111
0 -1  0.635625 0.748889 0.026250 0.124444
0 -1  0.611875 0.708889 0.013750 0.080000
0 -1  0.595625 0.711111 0.013750 0.080000
0 -1  0.510625 0.702222 0.018750 0.080000
0 -1  0.391875 0.707778 0.013750 0.068889
0 -1  0.372500 0.710000 0.017500 0.073333
0 -1  0.293125 0.714444 0.021250 0.077778
0 -1  0.249375 0.716667 0.016250 0.091111
0 -1  0.233750 0.717778 0.020000 0.084444
0 -1  0.211875 0.724444 0.023750 0.115556
0 -1  0.185625 0.718889 0.018750 0.100000
0 -1  0.171250 0.718889 0.020000 0.113333
0 -1  0.146875 0.716667 0.021250 0.091111
0 -1  0.122500 0.717778 0.020000 0.111111
0 -1  0.101250 0.705556 0.020000 0.108889
