0 8114 0.370000 0.614444 0.130000 0.620000
0 8115 0.526250 0.623333 0.142500 0.677778
0 8116 0.907500 0.546667 0.107500 0.511111
0 -1  0.975625 0.534444 0.043750 0.562222
0 -1  0.802500 0.464444 0.042500 0.262222
0 -1  0.746250 0.446667 0.047500 0.288889
0 -1  0.637500 0.451111 0.037500 0.244444
0 -1  0.671875 0.436667 0.026250 0.188889
0 -1  0.612500 0.453333 0.035000 0.235556
0 -1  0.569375 0.448889 0.031250 0.226667
0 -1  0.459375 0.447778 0.036250 0.184444
0 -1  0.293750 0.511111 0.037500 0.302222
0 -1  0.246875 0.522222 0.056250 0.324444
0 -1  0.181250 0.517778 0.042500 0.266667
0 -1  0.146875 0.523333 0.038750 0.237778
0 -1  0.106875 0.536667 0.053750 0.304444
0 -1  0.062500 0.554444 0.037500 0.224444
0 -1  0.023750 0.534444 0.045000 0.277778
0 -1  0.928125 0.450000 0.061250 0.291111
0 -1  0.868750 0.467778 0.057500 0.277778
