0 8116 0.564375 0.601111 0.163750 0.780000
0 8117 0.896875 0.488889 0.111250 0.528889
0 8184 0.153125 0.582222 0.103750 0.524444
0 -1  0.368750 0.466667 0.062500 0.351111
0 -1  0.438750 0.458889 0.052500 0.313333
0 -1  0.262500 0.551111 0.072500 0.568889
0 -1  0.206250 0.493333 0.037500 0.266667
0 -1  0.053125 0.552222 0.063750 0.357778
0 -1  0.711875 0.421111 0.063750 0.348889
0 -1  0.666250 0.412222 0.047500 0.268889
0 -1  0.790000 0.433333 0.062500 0.328889
0 -1  0.815000 0.411111 0.040000 0.262222
0 -1  0.963750 0.464444 0.065000 0.546667
0 -1  0.626250 0.428889 0.060000 0.284444
