0 8119 0.154375 0.727778 0.078750 0.380000
0 8186 0.441250 0.612222 0.045000 0.220000
0 8187 0.483125 0.608889 0.051250 0.248889
0 -1  0.904375 0.676667 0.043750 0.260000
0 -1  0.897500 0.680000 0.062500 0.257778
0 -1  0.404375 0.584444 0.031250 0.155556
0 -1  0.361250 0.597778 0.030000 0.213333
0 -1  0.331875 0.604444 0.036250 0.173333
0 -1  0.276875 0.581111 0.026250 0.162222
0 -1  0.241250 0.573333 0.037500 0.173333
0 -1  0.198750 0.653333 0.032500 0.257778
0 -1  0.105625 0.587778 0.028750 0.184444
0 -1  0.048750 0.580000 0.032500 0.186667
0 -1  0.025000 0.554444 0.017500 0.140000
0 -1  0.011250 0.564444 0.020000 0.177778
