0 8119 0.286250 0.670000 0.057500 0.277778
0 8186 0.696875 0.641111 0.056250 0.268889
0 8187 0.750000 0.637778 0.062500 0.302222
0 -1  0.037500 0.556667 0.022500 0.135556
0 -1  0.054375 0.546667 0.021250 0.124444
0 -1  0.133125 0.522222 0.018750 0.084444
0 -1  0.154375 0.537778 0.016250 0.106667
0 -1  0.170625 0.574444 0.026250 0.166667
0 -1  0.196250 0.557778 0.027500 0.155556
0 -1  0.212500 0.566667 0.012500 0.142222
0 -1  0.228125 0.574444 0.023750 0.157778
0 -1  0.631250 0.608889 0.045000 0.235556
0 -1  0.602500 0.616667 0.032500 0.220000
0 -1  0.575625 0.532222 0.023750 0.113333
0 -1  0.543125 0.543333 0.023750 0.095556
0 -1  0.520000 0.590000 0.022500 0.180000
0 -1  0.491875 0.594444 0.038750 0.184444
0 -1  0.460625 0.520000 0.018750 0.084444
0 -1  0.424375 0.566667 0.031250 0.151111
0 -1  0.395000 0.603333 0.035000 0.197778
0 -1  0.376250 0.570000 0.022500 0.157778
0 -1  0.363125 0.572222 0.023750 0.171111
0 -1  0.340000 0.615556 0.035000 0.208889
