0 8114 0.495625 0.737778 0.056250 0.271111
0 8115 0.565000 0.733333 0.055000 0.262222
0 8183 0.700625 0.697778 0.056250 0.266667
0 -1  0.045000 0.765556 0.037500 0.246667
0 -1  0.073125 0.753333 0.043750 0.235556
0 -1  0.130625 0.790000 0.051250 0.313333
0 -1  0.234375 0.747778 0.041250 0.202222
0 -1  0.308125 0.770000 0.093750 0.446667
0 -1  0.386250 0.708889 0.027500 0.204444
0 -1  0.420000 0.696667 0.027500 0.184444
0 -1  0.451250 0.702222 0.032500 0.204444
0 -1  0.620625 0.658889 0.026250 0.140000
0 -1  0.646875 0.660000 0.018750 0.151111
0 -1  0.935000 0.754444 0.050000 0.402222
0 -1  0.957500 0.710000 0.035000 0.264444
0 -1  0.846875 0.772222 0.106250 0.437778
0 -1  0.183750 0.740000 0.030000 0.208889
0 -1  0.716875 0.678889 0.036250 0.180000
0 -1  0.772500 0.678889 0.035000 0.140000
0 -1  0.533750 0.690000 0.047500 0.228889
