0 8116 0.556250 0.486667 0.120000 0.573333
0 8117 0.761875 0.426667 0.093750 0.448889
0 -1  0.320625 0.398889 0.043750 0.273333
0 -1  0.416250 0.373333 0.032500 0.244444
0 -1  0.441875 0.366667 0.041250 0.275556
0 -1  0.509375 0.356667 0.043750 0.277778
0 -1  0.642500 0.365556 0.045000 0.282222
0 -1  0.706250 0.353333 0.047500 0.266667
0 -1  0.870000 0.318889 0.032500 0.188889
0 -1  0.894375 0.306667 0.026250 0.146667
0 -1  0.953750 0.424444 0.087500 0.657778
0 -1  0.816250 0.390000 0.072500 0.446667
0 -1  0.264375 0.395556 0.038750 0.213333
0 -1  0.076250 0.451111 0.045000 0.235556
0 -1  0.030625 0.456667 0.048750 0.233333
0 -1  0.828125 0.314444 0.041250 0.197778
