0 8185 0.891250 0.672222 0.055000 0.273333
0 8291 0.207500 0.810000 0.075000 0.344444
0 8292 0.293125 0.811111 0.073750 0.364444
0 -1  0.086875 0.601111 0.026250 0.144444
0 -1  0.050625 0.572222 0.018750 0.077778
0 -1  0.017500 0.708889 0.032500 0.235556
0 -1  0.143750 0.614444 0.025000 0.135556
0 -1  0.164375 0.647778 0.031250 0.188889
0 -1  0.531875 0.590000 0.026250 0.131111
0 -1  0.776875 0.592222 0.021250 0.135556
0 -1  0.758125 0.590000 0.018750 0.113333
0 -1  0.978125 0.631111 0.036250 0.231111
0 -1  0.940625 0.658889 0.036250 0.255556
0 -1  0.634375 0.561111 0.026250 0.100000
0 -1  0.505625 0.586667 0.023750 0.106667
0 -1  0.498750 0.675556 0.032500 0.182222
0 -1  0.463125 0.594444 0.023750 0.135556
0 -1  0.381875 0.595556 0.026250 0.133333
0 -1  0.348750 0.592222 0.022500 0.135556
0 -1  0.321875 0.660000 0.036250 0.195556
0 -1  0.287500 0.652222 0.047500 0.215556
0 -1  0.261250 0.623333 0.032500 0.166667
0 -1  0.688750 0.583333 0.020000 0.153333
0 -1  0.111250 0.587778 0.020000 0.126667
0 -1  0.433125 0.722222 0.061250 0.293333
