0 8201 0.572500 0.683333 0.117500 0.562222
0 8202 0.444375 0.533333 0.068750 0.355556
0 8203 0.495000 0.554444 0.075000 0.420000
0 8204 0.285625 0.478889 0.056250 0.268889
0 -1  0.805000 0.395556 0.030000 0.186667
0 -1  0.777500 0.386667 0.032500 0.173333
0 -1  0.730625 0.395556 0.016250 0.155556
0 -1  0.706875 0.404444 0.023750 0.168889
0 -1  0.745000 0.446667 0.027500 0.195556
0 -1  0.685000 0.363333 0.025000 0.122222
0 -1  0.664375 0.363333 0.016250 0.113333
0 -1  0.609375 0.438889 0.023750 0.188889
0 -1  0.629375 0.564444 0.051250 0.368889
0 -1  0.388750 0.492222 0.037500 0.322222
0 -1  0.408125 0.544444 0.041250 0.328889
0 -1  0.353750 0.385556 0.032500 0.166667
0 -1  0.626875 0.141111 0.016250 0.077778
0 -1  0.656875 0.134444 0.018750 0.091111
