0 8196 0.365000 0.721111 0.082500 0.397778
0 8197 0.804375 0.652222 0.068750 0.322222
0 8288 0.649375 0.770000 0.086250 0.433333
0 8289 0.578125 0.772222 0.078750 0.433333
0 8290 0.473750 0.602222 0.060000 0.248889
0 -1  0.283125 0.632222 0.038750 0.211111
0 -1  0.241250 0.616667 0.035000 0.233333
0 -1  0.200000 0.643333 0.047500 0.220000
0 -1  0.076250 0.700000 0.050000 0.288889
0 -1  0.108125 0.533333 0.023750 0.111111
0 -1  0.088750 0.524444 0.017500 0.106667
0 -1  0.055625 0.535556 0.016250 0.080000
0 -1  0.730625 0.597778 0.028750 0.222222
0 -1  0.705000 0.622222 0.027500 0.177778
0 -1  0.848125 0.595556 0.038750 0.200000
0 -1  0.963750 0.570000 0.025000 0.180000
0 -1  0.896875 0.528889 0.018750 0.146667
0 -1  0.875000 0.527778 0.020000 0.144444
0 -1  0.521875 0.655556 0.066250 0.328889
0 -1  0.570625 0.592222 0.038750 0.224444
