0 8197 0.956250 0.738889 0.070000 0.348889
0 8288 0.528750 0.715556 0.052500 0.253333
0 8289 0.477500 0.724444 0.050000 0.235556
0 8290 0.273125 0.722222 0.051250 0.266667
0 -1  0.800000 0.800000 0.077500 0.364444
0 -1  0.741875 0.666667 0.031250 0.208889
0 -1  0.781250 0.753333 0.035000 0.293333
0 -1  0.699375 0.714444 0.041250 0.264444
0 -1  0.665000 0.691111 0.032500 0.213333
0 -1  0.601250 0.606667 0.020000 0.120000
0 -1  0.617500 0.606667 0.015000 0.146667
0 -1  0.578125 0.607778 0.021250 0.140000
0 -1  0.553125 0.612222 0.018750 0.135556
0 -1  0.431875 0.604444 0.016250 0.115556
0 -1  0.368125 0.637778 0.021250 0.146667
0 -1  0.348125 0.634444 0.016250 0.135556
0 -1  0.324375 0.655556 0.023750 0.128889
0 -1  0.408750 0.716667 0.035000 0.215556
0 -1  0.203750 0.714444 0.037500 0.224444
0 -1  0.086250 0.715556 0.035000 0.208889
0 -1  0.014375 0.714444 0.023750 0.184444
0 -1  0.138125 0.801111 0.066250 0.313333
