0 8188 0.245000 0.775556 0.075000 0.360000
0 8189 0.327500 0.783333 0.072500 0.344444
0 8190 0.648750 0.758889 0.057500 0.277778
0 -1  0.582500 0.693333 0.035000 0.151111
0 -1  0.486250 0.737778 0.035000 0.235556
0 -1  0.456875 0.756667 0.038750 0.224444
0 -1  0.340000 0.683333 0.032500 0.197778
0 -1  0.266250 0.657778 0.017500 0.115556
0 -1  0.194375 0.664444 0.018750 0.146667
0 -1  0.141875 0.686667 0.031250 0.195556
0 -1  0.106875 0.682222 0.026250 0.173333
0 -1  0.076250 0.665556 0.025000 0.153333
0 -1  0.053750 0.673333 0.017500 0.146667
0 -1  0.038750 0.731111 0.032500 0.235556
0 -1  0.010625 0.723333 0.018750 0.255556
