0 8192 0.396875 0.680000 0.076250 0.395556
0 8193 0.533125 0.676667 0.071250 0.348889
0 8194 0.758750 0.601111 0.060000 0.291111
0 8195 0.808125 0.620000 0.063750 0.302222
0 8196 0.965000 0.667778 0.067500 0.375556
0 -1  0.671875 0.528889 0.031250 0.186667
0 -1  0.684375 0.552222 0.041250 0.233333
0 -1  0.841250 0.581111 0.032500 0.224444
0 -1  0.878750 0.542222 0.020000 0.151111
0 -1  0.900000 0.544444 0.022500 0.208889
0 -1  0.932500 0.588889 0.045000 0.284444
0 -1  0.132500 0.551111 0.037500 0.191111
0 -1  0.315000 0.491111 0.025000 0.137778
0 -1  0.451250 0.482222 0.020000 0.128889
0 -1  0.433125 0.696667 0.056250 0.380000
