0 8196 0.515000 0.687778 0.072500 0.366667
0 8197 0.835625 0.637778 0.068750 0.315556
0 8288 0.676875 0.776667 0.086250 0.446667
0 8289 0.607500 0.777778 0.075000 0.431111
0 -1  0.146875 0.545556 0.031250 0.140000
0 -1  0.186875 0.538889 0.026250 0.162222
0 -1  0.246875 0.660000 0.053750 0.297778
0 -1  0.336875 0.552222 0.028750 0.166667
0 -1  0.343125 0.613333 0.041250 0.204444
0 -1  0.377500 0.585556 0.035000 0.215556
0 -1  0.409375 0.597778 0.026250 0.213333
0 -1  0.451250 0.542222 0.025000 0.151111
0 -1  0.468750 0.534444 0.022500 0.157778
0 -1  0.576875 0.591111 0.026250 0.240000
0 -1  0.714375 0.632222 0.031250 0.228889
0 -1  0.740625 0.627778 0.018750 0.211111
0 -1  0.683750 0.566667 0.020000 0.191111
0 -1  0.648750 0.584444 0.035000 0.208889
0 -1  0.615000 0.561111 0.022500 0.162222
0 -1  0.961875 0.586667 0.041250 0.213333
0 -1  0.910625 0.562222 0.028750 0.177778
0 -1  0.881250 0.581111 0.032500 0.193333
