0 8188 0.336875 0.755556 0.078750 0.368889
0 8189 0.430000 0.761111 0.072500 0.375556
0 8190 0.758125 0.708889 0.053750 0.271111
0 -1  0.621250 0.647778 0.027500 0.166667
0 -1  0.576875 0.693333 0.031250 0.257778
0 -1  0.558750 0.722222 0.035000 0.222222
0 -1  0.270625 0.606667 0.018750 0.120000
0 -1  0.245000 0.598889 0.027500 0.122222
0 -1  0.215625 0.618889 0.036250 0.171111
0 -1  0.176875 0.644444 0.026250 0.173333
0 -1  0.143125 0.624444 0.028750 0.177778
0 -1  0.120625 0.634444 0.028750 0.153333
0 -1  0.044375 0.656667 0.026250 0.211111
0 -1  0.064375 0.618889 0.021250 0.144444
0 -1  0.018750 0.657778 0.035000 0.240000
0 -1  0.203125 0.773333 0.073750 0.306667
