0 8192 0.221875 0.726667 0.081250 0.440000
0 8193 0.371875 0.697778 0.073750 0.351111
0 8194 0.620000 0.617778 0.052500 0.302222
0 8195 0.650625 0.630000 0.061250 0.291111
0 8196 0.892500 0.667778 0.072500 0.366667
0 8290 0.851875 0.594444 0.056250 0.291111
0 -1  0.468125 0.471111 0.018750 0.088889
0 -1  0.453750 0.474444 0.020000 0.082222
0 -1  0.430625 0.476667 0.018750 0.117778
0 -1  0.075625 0.567778 0.036250 0.202222
0 -1  0.794375 0.552222 0.026250 0.166667
0 -1  0.774375 0.527778 0.026250 0.162222
0 -1  0.743750 0.554444 0.030000 0.166667
0 -1  0.720000 0.587778 0.030000 0.228889
0 -1  0.697500 0.574444 0.027500 0.224444
0 -1  0.961875 0.571111 0.041250 0.244444
0 -1  0.275000 0.684444 0.070000 0.337778
