0 8181 0.866250 0.762222 0.095000 0.457778
0 8255 0.516875 0.471111 0.108750 0.520000
0 8256 0.584375 0.454444 0.113750 0.540000
0 -1  0.371250 0.401111 0.047500 0.353333
0 -1  0.420625 0.418889 0.068750 0.433333
0 -1  0.675000 0.417778 0.062500 0.355556
0 -1  0.796875 0.465556 0.056250 0.477778
0 -1  0.849375 0.430000 0.061250 0.380000
0 -1  0.906250 0.446667 0.080000 0.386667
0 -1  0.301250 0.440000 0.080000 0.480000
0 -1  0.135625 0.526667 0.078750 0.622222
0 -1  0.226250 0.566667 0.137500 0.831111
