0 8257 0.699375 0.704444 0.031250 0.151111
0 8258 0.730000 0.695556 0.035000 0.164444
0 -1  0.970625 0.697778 0.023750 0.124444
0 -1  0.922500 0.691111 0.020000 0.128889
0 -1  0.911250 0.701111 0.020000 0.122222
0 -1  0.869375 0.667778 0.023750 0.100000
0 -1  0.832500 0.674444 0.020000 0.100000
0 -1  0.798125 0.693333 0.021250 0.106667
0 -1  0.778750 0.698889 0.017500 0.108889
0 -1  0.756875 0.705556 0.021250 0.100000
0 -1  0.657500 0.665556 0.017500 0.082222
0 -1  0.596250 0.685556 0.022500 0.082222
0 -1  0.573750 0.684444 0.022500 0.080000
0 -1  0.550000 0.678889 0.025000 0.100000
0 -1  0.479375 0.663333 0.008750 0.046667
0 -1  0.458125 0.668889 0.011250 0.057778
0 -1  0.448125 0.673333 0.008750 0.057778
0 -1  0.434375 0.670000 0.016250 0.064444
0 -1  0.405625 0.666667 0.008750 0.057778
0 -1  0.374375 0.681111 0.013750 0.068889
0 -1  0.357500 0.682222 0.012500 0.075556
0 -1  0.275625 0.665556 0.011250 0.073333
0 -1  0.262500 0.667778 0.012500 0.073333
0 -1  0.249375 0.690000 0.013750 0.095556
0 -1  0.218125 0.676667 0.016250 0.095556
0 -1  0.200625 0.681111 0.013750 0.091111
0 -1  0.147500 0.706667 0.020000 0.128889
0 -1  0.126250 0.696667 0.017500 0.113333
0 -1  0.113750 0.700000 0.012500 0.124444
0 -1  0.093750 0.704444 0.022500 0.142222
0 -1  0.073125 0.677778 0.018750 0.106667
