0 8260 0.579375 0.795556 0.028750 0.142222
0 8261 0.613125 0.800000 0.028750 0.142222
0 -1  0.856875 0.763333 0.018750 0.091111
0 -1  0.752500 0.756667 0.012500 0.055556
0 -1  0.723750 0.783333 0.022500 0.100000
0 -1  0.705625 0.783333 0.018750 0.091111
0 -1  0.688750 0.764444 0.012500 0.062222
0 -1  0.656875 0.768889 0.018750 0.080000
0 -1  0.668750 0.793333 0.020000 0.084444
0 -1  0.523750 0.784444 0.020000 0.124444
0 -1  0.501875 0.786667 0.018750 0.115556
0 -1  0.408125 0.757778 0.016250 0.066667
0 -1  0.379375 0.762222 0.013750 0.057778
0 -1  0.354375 0.748889 0.011250 0.066667
0 -1  0.307500 0.768889 0.020000 0.102222
0 -1  0.288750 0.772222 0.015000 0.095556
0 -1  0.274375 0.753333 0.016250 0.066667
0 -1  0.225625 0.758889 0.018750 0.073333
0 -1  0.206875 0.776667 0.023750 0.095556
0 -1  0.178125 0.747778 0.016250 0.091111
0 -1  0.160000 0.766667 0.020000 0.106667
0 -1  0.114375 0.767778 0.018750 0.113333
0 -1  0.077500 0.774444 0.022500 0.144444
0 -1  0.096250 0.763333 0.015000 0.113333
0 -1  0.056250 0.755556 0.020000 0.106667
0 -1  0.021250 0.745556 0.025000 0.122222
