0 8257 0.836875 0.832222 0.033750 0.162222
0 8258 0.873125 0.823333 0.031250 0.153333
0 8259 0.754375 0.825556 0.043750 0.188889
0 -1  0.972500 0.788889 0.025000 0.120000
0 -1  0.793125 0.791111 0.023750 0.137778
0 -1  0.683750 0.771111 0.020000 0.093333
0 -1  0.622500 0.776667 0.020000 0.095556
0 -1  0.561875 0.795556 0.021250 0.124444
0 -1  0.531875 0.773333 0.018750 0.084444
0 -1  0.477500 0.784444 0.020000 0.088889
0 -1  0.450625 0.778889 0.018750 0.095556
0 -1  0.430625 0.773333 0.016250 0.102222
0 -1  0.350000 0.758889 0.012500 0.046667
0 -1  0.330625 0.772222 0.021250 0.095556
0 -1  0.296250 0.778889 0.017500 0.091111
0 -1  0.277500 0.770000 0.017500 0.064444
0 -1  0.241875 0.761111 0.013750 0.073333
0 -1  0.155625 0.803333 0.028750 0.140000
0 -1  0.124375 0.796667 0.016250 0.131111
0 -1  0.095000 0.787778 0.020000 0.108889
0 -1  0.018125 0.765556 0.028750 0.113333
0 -1  0.707500 0.765556 0.017500 0.073333
