0 8257 0.839375 0.851111 0.038750 0.168889
0 8258 0.893125 0.843333 0.038750 0.180000
0 8259 0.686250 0.831111 0.035000 0.151111
0 -1  0.911250 0.797778 0.020000 0.120000
0 -1  0.810000 0.838889 0.020000 0.095556
0 -1  0.733750 0.797778 0.015000 0.093333
0 -1  0.611250 0.808889 0.020000 0.111111
0 -1  0.585000 0.793333 0.020000 0.084444
0 -1  0.553750 0.807778 0.022500 0.100000
0 -1  0.530000 0.808889 0.020000 0.102222
0 -1  0.508750 0.805556 0.022500 0.104444
0 -1  0.482500 0.791111 0.012500 0.062222
0 -1  0.408125 0.800000 0.013750 0.075556
0 -1  0.379375 0.794444 0.013750 0.068889
0 -1  0.368750 0.794444 0.010000 0.055556
0 -1  0.351875 0.797778 0.018750 0.080000
0 -1  0.334375 0.800000 0.016250 0.071111
0 -1  0.309375 0.785556 0.016250 0.077778
0 -1  0.211875 0.781111 0.011250 0.082222
0 -1  0.223125 0.781111 0.013750 0.082222
0 -1  0.201250 0.780000 0.015000 0.075556
0 -1  0.168750 0.824444 0.022500 0.133333
0 -1  0.146250 0.814444 0.025000 0.126667
0 -1  0.120000 0.781111 0.022500 0.113333
0 -1  0.089375 0.781111 0.018750 0.086667
0 -1  0.071875 0.783333 0.013750 0.095556
0 -1  0.059375 0.796667 0.023750 0.126667
0 -1  0.021875 0.830000 0.036250 0.180000
