0 8291 0.129375 0.811111 0.076250 0.355556
0 8292 0.210625 0.813333 0.068750 0.364444
0 -1  0.966875 0.640000 0.038750 0.266667
0 -1  0.930000 0.628889 0.027500 0.235556
0 -1  0.915625 0.655556 0.036250 0.244444
0 -1  0.846875 0.572222 0.023750 0.140000
0 -1  0.661875 0.566667 0.023750 0.142222
0 -1  0.595000 0.590000 0.035000 0.135556
0 -1  0.569375 0.588889 0.026250 0.142222
0 -1  0.511875 0.576667 0.028750 0.117778
0 -1  0.483750 0.574444 0.025000 0.135556
0 -1  0.515625 0.681111 0.041250 0.197778
0 -1  0.360000 0.692222 0.030000 0.224444
0 -1  0.344375 0.641111 0.031250 0.202222
0 -1  0.308750 0.654444 0.030000 0.224444
0 -1  0.473750 0.688889 0.035000 0.240000
0 -1  0.429375 0.597778 0.018750 0.137778
0 -1  0.273750 0.618889 0.022500 0.153333
0 -1  0.258125 0.616667 0.026250 0.166667
0 -1  0.182500 0.635556 0.032500 0.177778
0 -1  0.138125 0.597778 0.026250 0.128889
0 -1  0.103125 0.605556 0.036250 0.188889
0 -1  0.066250 0.565556 0.030000 0.117778
0 -1  0.023750 0.610000 0.032500 0.162222
0 -1  0.405000 0.793333 0.077500 0.368889
0 -1  0.017500 0.806667 0.032500 0.297778
