0 8260 0.557500 0.876667 0.045000 0.220000
0 8261 0.605000 0.882222 0.042500 0.204444
0 -1  0.737500 0.800000 0.012500 0.066667
0 -1  0.723750 0.820000 0.012500 0.093333
0 -1  0.693125 0.820000 0.021250 0.088889
0 -1  0.665625 0.830000 0.018750 0.095556
0 -1  0.638750 0.817778 0.015000 0.084444
0 -1  0.596250 0.810000 0.017500 0.100000
0 -1  0.521875 0.840000 0.021250 0.146667
0 -1  0.497500 0.840000 0.025000 0.133333
0 -1  0.450625 0.793333 0.011250 0.062222
0 -1  0.397500 0.796667 0.012500 0.060000
0 -1  0.385000 0.803333 0.010000 0.055556
0 -1  0.350625 0.805556 0.013750 0.073333
0 -1  0.336875 0.804444 0.016250 0.057778
0 -1  0.266875 0.818889 0.018750 0.104444
0 -1  0.243750 0.822222 0.015000 0.106667
0 -1  0.208750 0.808889 0.015000 0.088889
0 -1  0.227500 0.811111 0.012500 0.088889
0 -1  0.196250 0.807778 0.017500 0.082222
0 -1  0.162500 0.798889 0.017500 0.077778
0 -1  0.132500 0.811111 0.017500 0.080000
0 -1  0.111250 0.801111 0.020000 0.100000
0 -1  0.082500 0.810000 0.015000 0.095556
0 -1  0.064375 0.812222 0.013750 0.077778
0 -1  0.051250 0.803333 0.015000 0.091111
0 -1  0.036875 0.805556 0.013750 0.095556
0 -1  0.021875 0.804444 0.016250 0.097778
0 -1  0.293125 0.805556 0.011250 0.086667
