0 8260 0.543125 0.881111 0.041250 0.202222
0 8261 0.580000 0.882222 0.037500 0.182222
0 -1  0.823125 0.818889 0.026250 0.104444
0 -1  0.716875 0.810000 0.016250 0.073333
0 -1  0.696875 0.827778 0.018750 0.095556
0 -1  0.674375 0.833333 0.021250 0.111111
0 -1  0.648125 0.841111 0.021250 0.095556
0 -1  0.630000 0.816667 0.012500 0.073333
0 -1  0.611250 0.824444 0.015000 0.075556
0 -1  0.502500 0.844444 0.022500 0.137778
0 -1  0.473125 0.846667 0.026250 0.133333
0 -1  0.441875 0.797778 0.018750 0.057778
0 -1  0.386875 0.804444 0.011250 0.057778
0 -1  0.375625 0.806667 0.011250 0.057778
0 -1  0.345625 0.821111 0.018750 0.073333
0 -1  0.327500 0.816667 0.015000 0.064444
0 -1  0.300625 0.802222 0.013750 0.062222
0 -1  0.284375 0.810000 0.016250 0.073333
0 -1  0.255000 0.824444 0.025000 0.106667
0 -1  0.236875 0.825556 0.016250 0.095556
0 -1  0.215000 0.818889 0.015000 0.095556
0 -1  0.196250 0.816667 0.017500 0.095556
0 -1  0.150625 0.806667 0.021250 0.084444
0 -1  0.137500 0.820000 0.017500 0.084444
0 -1  0.116250 0.816667 0.020000 0.108889
0 -1  0.102500 0.815556 0.017500 0.088889
0 -1  0.085625 0.821111 0.018750 0.091111
0 -1  0.068750 0.808889 0.017500 0.084444
0 -1  0.053750 0.836667 0.022500 0.135556
0 -1  0.032500 0.842222 0.025000 0.124444
