0 8325 0.531875 0.707778 0.118750 0.566667
0 8346 0.653125 0.634444 0.086250 0.411111
0 8347 0.769375 0.655556 0.101250 0.484444
0 8348 0.373750 0.705556 0.092500 0.442222
0 -1  0.449375 0.666667 0.066250 0.377778
0 -1  0.699375 0.625556 0.038750 0.237778
0 -1  0.858750 0.666667 0.117500 0.653333
0 -1  0.928125 0.610000 0.061250 0.464444
0 -1  0.272500 0.691111 0.125000 0.591111
0 -1  0.205000 0.690000 0.052500 0.406667
0 -1  0.171875 0.645556 0.023750 0.237778
0 -1  0.156250 0.615556 0.025000 0.204444
0 -1  0.095000 0.613333 0.025000 0.151111
0 -1  0.060625 0.658889 0.038750 0.277778
0 -1  0.021875 0.684444 0.041250 0.431111
