0 8325 0.405625 0.720000 0.113750 0.546667
0 8346 0.581875 0.707778 0.093750 0.491111
0 8347 0.674375 0.717778 0.116250 0.555556
0 8348 0.243750 0.762222 0.097500 0.466667
0 -1  0.059375 0.720000 0.113750 0.546667
0 -1  0.504375 0.725556 0.056250 0.424444
0 -1  0.117500 0.731111 0.072500 0.413333
0 -1  0.171250 0.677778 0.030000 0.231111
0 -1  0.153125 0.663333 0.028750 0.224444
0 -1  0.308750 0.730000 0.067500 0.415556
0 -1  0.459375 0.701111 0.043750 0.362222
0 -1  0.779375 0.687778 0.126250 0.606667
0 -1  0.753125 0.684444 0.056250 0.466667
0 -1  0.852500 0.667778 0.067500 0.553333
0 -1  0.916875 0.663333 0.118750 0.651111
