0 917 0.436667 0.531875 0.100000 0.151250
0 918 0.517778 0.527500 0.097778 0.147500
0 919 0.056667 0.451875 0.082222 0.123750
0 920 0.448889 0.375625 0.048889 0.073750
0 921 0.420000 0.385000 0.048889 0.075000
0 922 0.265556 0.383750 0.055556 0.085000
0 -1  0.730000 0.365000 0.037778 0.065000
0 -1  0.703333 0.368750 0.037778 0.070000
0 -1  0.567778 0.379375 0.042222 0.076250
0 -1  0.214444 0.390000 0.042222 0.082500
0 -1  0.174444 0.397500 0.051111 0.085000
0 -1  0.286667 0.462500 0.075556 0.147500
0 -1  0.257778 0.479375 0.093333 0.143750
0 -1  0.051111 0.415000 0.053333 0.092500
0 -1  0.072222 0.438750 0.064444 0.115000
0 -1  0.016667 0.438750 0.028889 0.080000
0 -1  0.028889 0.544375 0.053333 0.193750
