0 889 0.441111 0.549375 0.175556 0.266250
0 890 0.124444 0.540625 0.155556 0.233750
0 1621 0.164444 0.511250 0.133333 0.200000
0 -1  0.810000 0.458750 0.024444 0.042500
0 -1  0.830000 0.461875 0.024444 0.048750
0 -1  0.841111 0.465000 0.028889 0.052500
0 -1  0.730000 0.463750 0.024444 0.055000
0 -1  0.740000 0.468125 0.026667 0.058750
0 -1  0.766667 0.465000 0.026667 0.057500
0 -1  0.673333 0.466250 0.031111 0.077500
0 -1  0.624444 0.465000 0.026667 0.075000
0 -1  0.640000 0.481250 0.040000 0.085000
0 -1  0.908889 0.463750 0.031111 0.062500
0 -1  0.923333 0.488125 0.046667 0.106250
0 -1  0.385556 0.478125 0.055556 0.106250
0 -1  0.278889 0.481875 0.051111 0.121250
0 -1  0.296667 0.502500 0.060000 0.130000
0 -1  0.555556 0.518750 0.111111 0.212500
