0 917 0.377778 0.523750 0.080000 0.122500
0 918 0.451111 0.520625 0.084444 0.128750
0 919 0.643333 0.520000 0.095556 0.142500
0 920 0.525556 0.426250 0.055556 0.085000
0 921 0.408889 0.413125 0.048889 0.073750
0 922 0.727778 0.428750 0.055556 0.085000
0 -1  0.313333 0.432500 0.048889 0.092500
0 -1  0.242222 0.446875 0.040000 0.061250
0 -1  0.345556 0.463125 0.060000 0.106250
0 -1  0.627778 0.429375 0.046667 0.086250
0 -1  0.510000 0.509375 0.064444 0.133750
0 -1  0.978889 0.422500 0.037778 0.082500
0 -1  0.946667 0.531250 0.102222 0.155000
0 -1  0.957778 0.555625 0.084444 0.158750
0 -1  0.147778 0.487500 0.073333 0.122500
0 -1  0.238889 0.572500 0.095556 0.190000
0 -1  0.157778 0.596875 0.111111 0.218750
0 -1  0.104444 0.635000 0.146667 0.232500
