0 886 0.404444 0.530625 0.142222 0.216250
0 887 0.188889 0.485000 0.133333 0.200000
0 888 0.545556 0.483125 0.091111 0.138750
0 -1  0.802222 0.438125 0.026667 0.051250
0 -1  0.780000 0.446250 0.035556 0.070000
0 -1  0.708889 0.453750 0.044444 0.097500
0 -1  0.715556 0.465000 0.053333 0.102500
0 -1  0.641111 0.450625 0.046667 0.108750
0 -1  0.626667 0.475000 0.071111 0.122500
0 -1  0.454444 0.451250 0.051111 0.107500
0 -1  0.484444 0.465000 0.053333 0.120000
0 -1  0.338889 0.457500 0.055556 0.122500
0 -1  0.916667 0.503125 0.126667 0.196250
0 -1  0.214444 0.461250 0.064444 0.150000
