0 1035 0.163333 0.508750 0.162222 0.242500
0 1037 0.230000 0.411875 0.051111 0.078750
0 1038 0.352222 0.492500 0.175556 0.265000
0 1039 0.880000 0.473125 0.093333 0.141250
0 1040 0.754444 0.443750 0.086667 0.132500
0 1041 0.421111 0.415000 0.064444 0.097500
0 1624 0.627778 0.431250 0.073333 0.112500
0 -1  0.478889 0.423750 0.046667 0.070000
0 -1  0.730000 0.425625 0.060000 0.106250
0 -1  0.787778 0.488750 0.117778 0.197500
0 -1  0.686667 0.403125 0.035556 0.056250
0 -1  0.488889 0.412500 0.044444 0.085000
0 -1  0.518889 0.418125 0.046667 0.086250
0 -1  0.265556 0.399375 0.033333 0.061250
0 -1  0.042222 0.490625 0.080000 0.266250
0 -1  0.381111 0.401250 0.037778 0.075000
