0 1038 0.480000 0.568750 0.404444 0.607500
0 1039 0.848889 0.435625 0.120000 0.181250
0 1040 0.634444 0.409375 0.117778 0.178750
0 1041 0.123333 0.385625 0.077778 0.116250
0 1624 0.380000 0.378750 0.066667 0.100000
0 -1  0.171111 0.386250 0.071111 0.107500
0 -1  0.048889 0.371875 0.044444 0.073750
0 -1  0.285556 0.361875 0.033333 0.058750
0 -1  0.205556 0.400625 0.051111 0.093750
0 -1  0.250000 0.389375 0.055556 0.106250
0 -1  0.556667 0.388125 0.077778 0.143750
0 -1  0.045556 0.476875 0.086667 0.248750
