0 1110 0.261111 0.473125 0.157778 0.238750
0 1112 0.120000 0.396250 0.057778 0.087500
0 1637 0.688889 0.493125 0.173333 0.261250
0 -1  0.787778 0.386875 0.024444 0.061250
0 -1  0.761111 0.387500 0.033333 0.077500
0 -1  0.818889 0.401250 0.033333 0.090000
0 -1  0.852222 0.400000 0.068889 0.100000
0 -1  0.872222 0.401875 0.037778 0.093750
0 -1  0.922222 0.396875 0.040000 0.093750
0 -1  0.942222 0.401250 0.040000 0.097500
0 -1  0.601111 0.385000 0.028889 0.050000
0 -1  0.618889 0.390000 0.046667 0.075000
0 -1  0.701111 0.457500 0.113333 0.202500
0 -1  0.344444 0.416875 0.048889 0.103750
0 -1  0.313333 0.420000 0.053333 0.107500
0 -1  0.197778 0.391250 0.044444 0.077500
