0 1119 0.520000 0.452500 0.115556 0.175000
0 1120 0.820000 0.481250 0.146667 0.220000
0 -1  0.643333 0.405000 0.024444 0.062500
0 -1  0.674444 0.405000 0.024444 0.060000
0 -1  0.708889 0.413125 0.035556 0.068750
0 -1  0.606667 0.410000 0.044444 0.077500
0 -1  0.563333 0.406875 0.033333 0.073750
0 -1  0.753333 0.408750 0.040000 0.072500
0 -1  0.983333 0.413750 0.024444 0.065000
0 -1  0.333333 0.431250 0.066667 0.132500
0 -1  0.233333 0.477500 0.102222 0.207500
0 -1  0.085556 0.519375 0.131111 0.261250
0 -1  0.895556 0.538125 0.200000 0.381250
0 -1  0.453333 0.503750 0.151111 0.272500
