0 1136 0.210000 0.583125 0.148889 0.226250
0 1137 0.477778 0.516250 0.111111 0.167500
0 1138 0.784444 0.544375 0.111111 0.168750
0 -1  0.417778 0.489375 0.022222 0.026250
0 -1  0.393333 0.481875 0.026667 0.046250
0 -1  0.368889 0.479375 0.031111 0.048750
0 -1  0.302222 0.478125 0.026667 0.043750
0 -1  0.283333 0.472500 0.024444 0.040000
0 -1  0.256667 0.474375 0.020000 0.036250
0 -1  0.105556 0.488125 0.042222 0.066250
0 -1  0.047778 0.491875 0.033333 0.056250
0 -1  0.026667 0.501875 0.026667 0.036250
0 -1  0.934444 0.536250 0.113333 0.172500
