0 1137 0.542222 0.560000 0.160000 0.242500
0 1138 0.783333 0.590000 0.144444 0.217500
0 -1  0.936667 0.476250 0.028889 0.047500
0 -1  0.965556 0.485625 0.020000 0.028750
0 -1  0.910000 0.475000 0.028889 0.047500
0 -1  0.882222 0.473125 0.026667 0.043750
0 -1  0.855556 0.469375 0.026667 0.041250
0 -1  0.786667 0.468750 0.022222 0.030000
0 -1  0.747778 0.478125 0.028889 0.051250
0 -1  0.758889 0.481875 0.033333 0.058750
0 -1  0.704444 0.482500 0.031111 0.060000
0 -1  0.682222 0.492500 0.022222 0.040000
0 -1  0.655556 0.480000 0.035556 0.057500
0 -1  0.601111 0.473125 0.028889 0.048750
