0 1113 0.111111 0.487500 0.217778 0.412500
0 1114 0.365556 0.451250 0.215556 0.325000
0 1115 0.731111 0.385625 0.133333 0.201250
0 1116 0.736667 0.476875 0.224444 0.338750
0 -1  0.237778 0.342500 0.048889 0.112500
0 -1  0.036667 0.392500 0.068889 0.202500
0 -1  0.128889 0.400625 0.115556 0.188750
0 -1  0.390000 0.370625 0.077778 0.183750
0 -1  0.503333 0.366875 0.055556 0.178750
0 -1  0.535556 0.368125 0.066667 0.143750
0 -1  0.605556 0.397500 0.131111 0.207500
0 -1  0.903333 0.412500 0.140000 0.280000
0 -1  0.925556 0.438125 0.135556 0.313750
