0 1110 0.474444 0.483125 0.117778 0.176250
0 1112 0.170000 0.434375 0.055556 0.086250
0 1637 0.795556 0.493750 0.120000 0.182500
0 -1  0.648889 0.425000 0.031111 0.050000
0 -1  0.703333 0.430625 0.042222 0.073750
0 -1  0.401111 0.430000 0.033333 0.065000
0 -1  0.366667 0.419375 0.022222 0.056250
0 -1  0.321111 0.424375 0.028889 0.061250
0 -1  0.251111 0.428125 0.044444 0.076250
0 -1  0.286667 0.429375 0.048889 0.078750
0 -1  0.030000 0.457500 0.055556 0.150000
0 -1  0.836667 0.430000 0.024444 0.062500
0 -1  0.861111 0.442500 0.028889 0.090000
0 -1  0.921111 0.444375 0.037778 0.096250
0 -1  0.968889 0.439375 0.031111 0.093750
0 -1  0.984444 0.442500 0.026667 0.095000
0 -1  0.896667 0.486250 0.113333 0.180000
