0 1105 0.512222 0.490000 0.180000 0.270000
0 1106 0.412222 0.444375 0.135556 0.206250
0 -1  0.856667 0.452500 0.140000 0.205000
0 -1  0.743333 0.410625 0.086667 0.166250
0 -1  0.578889 0.403125 0.060000 0.136250
0 -1  0.633333 0.417500 0.088889 0.155000
0 -1  0.642222 0.462500 0.128889 0.225000
0 -1  0.536667 0.420000 0.091111 0.155000
0 -1  0.304444 0.375000 0.044444 0.100000
0 -1  0.176667 0.387500 0.091111 0.155000
0 -1  0.053333 0.522500 0.102222 0.185000
0 -1  0.114444 0.450625 0.117778 0.251250
0 -1  0.034444 0.373750 0.064444 0.117500
