0 1223 0.294444 0.585000 0.042222 0.065000
0 1224 0.444444 0.575000 0.048889 0.075000
0 1225 0.333333 0.570625 0.044444 0.068750
0 1225 0.244444 0.577500 0.044444 0.067500
0 1226 0.371111 0.565000 0.044444 0.067500
0 1227 0.803333 0.562500 0.046667 0.070000
0 -1  0.681111 0.570625 0.051111 0.071250
0 -1  0.518889 0.527500 0.020000 0.030000
0 -1  0.491111 0.522500 0.026667 0.045000
0 -1  0.565556 0.571875 0.042222 0.068750
0 -1  0.428889 0.571875 0.057778 0.076250
0 -1  0.988889 0.563750 0.022222 0.065000
0 -1  0.110000 0.561250 0.042222 0.062500
