0 1224 0.603333 0.612500 0.055556 0.085000
0 1225 0.362222 0.623125 0.053333 0.081250
0 1227 0.143333 0.603125 0.042222 0.066250
0 -1  0.313333 0.550625 0.017778 0.023750
0 -1  0.295556 0.545625 0.022222 0.038750
0 -1  0.262222 0.605625 0.057778 0.076250
0 -1  0.307778 0.603750 0.042222 0.065000
0 -1  0.321111 0.637500 0.046667 0.075000
0 -1  0.383333 0.609375 0.028889 0.076250
0 -1  0.370000 0.614375 0.028889 0.076250
0 -1  0.512222 0.611250 0.037778 0.082500
0 -1  0.674444 0.610625 0.033333 0.076250
0 -1  0.872222 0.607500 0.037778 0.077500
0 -1  0.786667 0.616250 0.048889 0.077500
