0 1272 0.450000 0.495625 0.122222 0.186250
0 1273 0.233333 0.477500 0.111111 0.167500
0 1274 0.372222 0.480625 0.100000 0.151250
0 1275 0.133333 0.506250 0.124444 0.187500
0 -1  0.635556 0.433125 0.031111 0.081250
0 -1  0.673333 0.431875 0.031111 0.066250
0 -1  0.567778 0.433125 0.024444 0.063750
0 -1  0.583333 0.433750 0.028889 0.080000
0 -1  0.537778 0.435625 0.040000 0.068750
0 -1  0.485556 0.473750 0.082222 0.165000
0 -1  0.987778 0.433750 0.020000 0.080000
0 -1  0.957778 0.433750 0.048889 0.087500
0 -1  0.907778 0.458125 0.060000 0.141250
0 -1  0.292222 0.462500 0.060000 0.120000
0 -1  0.172222 0.466250 0.064444 0.130000
0 -1  0.110000 0.472500 0.073333 0.127500
0 -1  0.032222 0.473125 0.060000 0.156250
