0 1260 0.502222 0.450625 0.142222 0.216250
0 1261 0.092222 0.495000 0.166667 0.250000
0 -1  0.812222 0.391250 0.033333 0.067500
0 -1  0.671111 0.416875 0.053333 0.126250
0 -1  0.620000 0.392500 0.048889 0.075000
0 -1  0.556667 0.383125 0.033333 0.056250
0 -1  0.375556 0.390625 0.031111 0.071250
0 -1  0.402222 0.421875 0.066667 0.156250
0 -1  0.284444 0.411875 0.062222 0.128750
0 -1  0.266667 0.428125 0.062222 0.141250
0 -1  0.176667 0.401875 0.042222 0.103750
0 -1  0.147778 0.407500 0.055556 0.115000
0 -1  0.118889 0.423125 0.095556 0.156250
0 -1  0.047778 0.418750 0.060000 0.140000
0 -1  0.030000 0.420625 0.055556 0.153750
