0 1263 0.610000 0.428750 0.086667 0.130000
0 1264 0.506667 0.416250 0.102222 0.155000
0 1265 0.396667 0.420625 0.095556 0.143750
0 1266 0.063333 0.431250 0.122222 0.185000
0 1267 0.266667 0.416250 0.102222 0.155000
0 -1  0.762222 0.381875 0.035556 0.058750
0 -1  0.793333 0.385625 0.035556 0.066250
0 -1  0.731111 0.386250 0.035556 0.070000
0 -1  0.677778 0.381250 0.035556 0.060000
0 -1  0.644444 0.386875 0.035556 0.066250
0 -1  0.536667 0.383750 0.033333 0.075000
0 -1  0.478889 0.387500 0.033333 0.070000
0 -1  0.398889 0.410000 0.064444 0.125000
0 -1  0.291111 0.400625 0.048889 0.098750
0 -1  0.164444 0.417500 0.066667 0.145000
0 -1  0.114444 0.413750 0.064444 0.122500
0 -1  0.196667 0.441875 0.077778 0.168750
