0 1271 0.575556 0.459375 0.160000 0.241250
0 1273 0.346667 0.415000 0.106667 0.162500
0 1274 0.475556 0.420625 0.097778 0.148750
0 1275 0.247778 0.444375 0.122222 0.183750
0 -1  0.751111 0.379375 0.035556 0.083750
0 -1  0.696667 0.378125 0.033333 0.081250
0 -1  0.652222 0.381875 0.033333 0.068750
0 -1  0.410000 0.395000 0.051111 0.105000
0 -1  0.287778 0.401875 0.055556 0.121250
0 -1  0.216667 0.412500 0.064444 0.122500
0 -1  0.137778 0.411250 0.080000 0.155000
0 -1  0.085556 0.426875 0.100000 0.196250
0 -1  0.974444 0.375000 0.037778 0.075000
0 -1  0.955556 0.383125 0.040000 0.071250
0 -1  0.791111 0.378125 0.026667 0.066250
0 -1  0.024444 0.463750 0.044444 0.230000
