0 1269 0.528889 0.422500 0.080000 0.122500
0 -1  0.668889 0.395625 0.031111 0.061250
0 -1  0.702222 0.392500 0.022222 0.050000
0 -1  0.722222 0.400625 0.035556 0.068750
0 -1  0.628889 0.403125 0.035556 0.066250
0 -1  0.605556 0.403750 0.028889 0.067500
0 -1  0.570000 0.400625 0.033333 0.078750
0 -1  0.455556 0.443125 0.084444 0.166250
0 -1  0.325556 0.447500 0.073333 0.152500
0 -1  0.245556 0.421875 0.055556 0.106250
0 -1  0.201111 0.443750 0.077778 0.170000
0 -1  0.041111 0.441250 0.073333 0.132500
0 -1  0.084444 0.441250 0.080000 0.160000
0 -1  0.114444 0.474375 0.086667 0.191250
