0 1262 0.613333 0.535000 0.271111 0.407500
0 -1  0.121111 0.437500 0.131111 0.255000
0 -1  0.247778 0.400000 0.077778 0.170000
0 -1  0.281111 0.422500 0.077778 0.170000
0 -1  0.470000 0.385000 0.082222 0.162500
0 -1  0.398889 0.403750 0.091111 0.180000
0 -1  0.497778 0.411875 0.097778 0.208750
0 -1  0.701111 0.380625 0.068889 0.116250
0 -1  0.728889 0.383750 0.066667 0.145000
0 -1  0.763333 0.374375 0.051111 0.118750
0 -1  0.897778 0.368125 0.040000 0.106250
0 -1  0.866667 0.376250 0.062222 0.117500
0 -1  0.826667 0.388125 0.075556 0.153750
0 -1  0.960000 0.395000 0.071111 0.145000
