0 1263 0.540000 0.433125 0.168889 0.253750
0 1264 0.888889 0.352500 0.111111 0.167500
0 1265 0.763333 0.360000 0.100000 0.150000
0 1266 0.402222 0.364375 0.120000 0.181250
0 1267 0.633333 0.351250 0.106667 0.160000
0 -1  0.802222 0.342500 0.071111 0.132500
0 -1  0.673333 0.341875 0.062222 0.121250
0 -1  0.563333 0.343125 0.060000 0.123750
0 -1  0.520000 0.350000 0.080000 0.147500
0 -1  0.425556 0.353125 0.082222 0.143750
0 -1  0.262222 0.359375 0.093333 0.171250
0 -1  0.290000 0.388750 0.113333 0.225000
0 -1  0.186667 0.380000 0.106667 0.192500
0 -1  0.051111 0.403125 0.097778 0.183750
0 -1  0.037778 0.378750 0.071111 0.187500
