0 1365 0.450000 0.431250 0.166667 0.250000
0 -1  0.703333 0.373125 0.028889 0.066250
0 -1  0.721111 0.381875 0.033333 0.073750
0 -1  0.677778 0.379375 0.031111 0.066250
0 -1  0.633333 0.375625 0.035556 0.081250
0 -1  0.760000 0.376250 0.022222 0.050000
0 -1  0.783333 0.375625 0.024444 0.056250
0 -1  0.804444 0.372500 0.026667 0.060000
0 -1  0.892222 0.373750 0.033333 0.052500
0 -1  0.314444 0.398750 0.060000 0.130000
0 -1  0.131111 0.399375 0.071111 0.156250
0 -1  0.916667 0.586250 0.157778 0.547500
