0 1321 0.675556 0.529375 0.142222 0.216250
0 1322 0.827778 0.426250 0.100000 0.152500
0 1323 0.482222 0.601875 0.146667 0.221250
0 -1  0.792222 0.334375 0.051111 0.086250
0 -1  0.921111 0.323750 0.064444 0.097500
0 -1  0.974444 0.405000 0.037778 0.122500
0 -1  0.945556 0.462500 0.077778 0.112500
0 -1  0.206667 0.561875 0.120000 0.196250
0 -1  0.137778 0.634375 0.168889 0.246250
0 -1  0.020000 0.259375 0.035556 0.053750
0 -1  0.088889 0.275625 0.044444 0.076250
0 -1  0.092222 0.298750 0.055556 0.087500
0 -1  0.036667 0.323125 0.055556 0.096250
