0 1350 0.148889 0.660000 0.168889 0.255000
0 1351 0.584444 0.621250 0.151111 0.227500
0 1353 0.873333 0.468750 0.066667 0.100000
0 -1  0.461111 0.585000 0.104444 0.157500
0 -1  0.875556 0.467500 0.066667 0.100000
0 -1  0.421111 0.544375 0.082222 0.158750
0 -1  0.061111 0.607500 0.117778 0.190000
0 -1  0.833333 0.421875 0.026667 0.041250
0 -1  0.802222 0.411875 0.035556 0.058750
0 -1  0.745556 0.395000 0.024444 0.040000
0 -1  0.723333 0.391875 0.028889 0.041250
0 -1  0.670000 0.390625 0.024444 0.038750
