0 1306 0.542222 0.434375 0.088889 0.133750
0 -1  0.751111 0.380000 0.031111 0.052500
0 -1  0.806667 0.378750 0.022222 0.045000
0 -1  0.824444 0.383125 0.035556 0.063750
0 -1  0.852222 0.378125 0.024444 0.046250
0 -1  0.887778 0.377500 0.024444 0.045000
0 -1  0.746667 0.413125 0.035556 0.061250
0 -1  0.701111 0.401875 0.046667 0.083750
0 -1  0.642222 0.384375 0.022222 0.033750
0 -1  0.910000 0.395625 0.055556 0.103750
0 -1  0.953333 0.385625 0.053333 0.078750
0 -1  0.946667 0.406250 0.062222 0.102500
0 -1  0.532222 0.406875 0.060000 0.108750
0 -1  0.353333 0.414375 0.062222 0.106250
0 -1  0.217778 0.452500 0.084444 0.135000
0 -1  0.118889 0.453750 0.091111 0.137500
0 -1  0.291111 0.546250 0.226667 0.367500
