0 1424 0.538889 0.486250 0.140000 0.210000
0 -1  0.188889 0.410625 0.022222 0.036250
0 -1  0.127778 0.413750 0.028889 0.055000
0 -1  0.145556 0.415625 0.037778 0.061250
0 -1  0.222222 0.403750 0.022222 0.045000
0 -1  0.243333 0.404375 0.020000 0.043750
0 -1  0.285556 0.455625 0.091111 0.131250
0 -1  0.600000 0.408125 0.040000 0.078750
0 -1  0.432222 0.453750 0.055556 0.125000
0 -1  0.935556 0.418125 0.026667 0.046250
0 -1  0.911111 0.411250 0.040000 0.060000
0 -1  0.842222 0.413125 0.048889 0.061250
0 -1  0.745556 0.410625 0.033333 0.066250
0 -1  0.718889 0.412500 0.046667 0.062500
