0 1367 0.406667 0.455625 0.093333 0.141250
0 -1  0.912222 0.414375 0.033333 0.053750
0 -1  0.870000 0.424375 0.037778 0.063750
0 -1  0.638889 0.410000 0.024444 0.057500
0 -1  0.617778 0.411875 0.017778 0.051250
0 -1  0.592222 0.413750 0.024444 0.050000
0 -1  0.557778 0.420625 0.035556 0.071250
0 -1  0.523333 0.412500 0.028889 0.065000
0 -1  0.502222 0.416250 0.026667 0.065000
0 -1  0.468889 0.414375 0.031111 0.081250
0 -1  0.243333 0.436250 0.046667 0.102500
0 -1  0.204444 0.451875 0.075556 0.166250
0 -1  0.131111 0.453125 0.097778 0.193750
0 -1  0.047778 0.453125 0.082222 0.166250
0 -1  0.936667 0.560000 0.117778 0.357500
