0 1372 0.513333 0.405625 0.071111 0.108750
0 1373 0.661111 0.500625 0.211111 0.318750
0 1374 0.881111 0.521250 0.206667 0.312500
0 1375 0.302222 0.426250 0.106667 0.162500
0 -1  0.771111 0.380000 0.035556 0.062500
0 -1  0.722222 0.383125 0.035556 0.063750
0 -1  0.631111 0.382500 0.040000 0.067500
0 -1  0.560000 0.394375 0.044444 0.083750
0 -1  0.752222 0.408750 0.051111 0.097500
0 -1  0.834444 0.415625 0.073333 0.123750
0 -1  0.074444 0.468125 0.144444 0.286250
0 -1  0.971111 0.383750 0.031111 0.055000
