0 1474 0.543333 0.742500 0.228889 0.345000
0 -1  0.408889 0.245000 0.031111 0.062500
0 -1  0.211111 0.231875 0.026667 0.053750
0 -1  0.233333 0.245625 0.026667 0.051250
0 -1  0.267778 0.270625 0.037778 0.073750
0 -1  0.238889 0.270000 0.033333 0.062500
0 -1  0.210000 0.272500 0.042222 0.077500
0 -1  0.176667 0.269375 0.037778 0.076250
0 -1  0.115556 0.238750 0.035556 0.055000
0 -1  0.157778 0.288750 0.048889 0.090000
0 -1  0.111111 0.268125 0.040000 0.081250
0 -1  0.082222 0.270000 0.040000 0.072500
0 -1  0.022222 0.284375 0.035556 0.048750
