0 1488 0.722222 0.371875 0.044444 0.068750
0 1489 0.484444 0.404375 0.066667 0.101250
0 1490 0.753333 0.357500 0.040000 0.062500
0 -1  0.300000 0.475625 0.093333 0.141250
0 -1  0.145556 0.468125 0.100000 0.151250
0 -1  0.778889 0.354375 0.024444 0.053750
0 -1  0.708889 0.353125 0.026667 0.061250
0 -1  0.570000 0.393125 0.042222 0.073750
0 -1  0.470000 0.394375 0.046667 0.081250
0 -1  0.157778 0.443750 0.053333 0.112500
0 -1  0.288889 0.451875 0.093333 0.131250
0 -1  0.108889 0.431875 0.057778 0.108750
0 -1  0.033333 0.431250 0.062222 0.112500
