0 1509 0.520000 0.347500 0.080000 0.120000
0 -1  0.698889 0.325000 0.028889 0.065000
0 -1  0.684444 0.329375 0.031111 0.068750
0 -1  0.657778 0.328125 0.035556 0.063750
0 -1  0.635556 0.332500 0.031111 0.080000
0 -1  0.722222 0.340625 0.040000 0.071250
0 -1  0.812222 0.328125 0.024444 0.051250
0 -1  0.793333 0.327500 0.026667 0.045000
0 -1  0.773333 0.325000 0.022222 0.052500
0 -1  0.560000 0.335000 0.031111 0.072500
0 -1  0.571111 0.337500 0.035556 0.087500
0 -1  0.580000 0.367500 0.071111 0.127500
0 -1  0.460000 0.373125 0.097778 0.143750
0 -1  0.291111 0.353125 0.057778 0.151250
0 -1  0.327778 0.356875 0.060000 0.133750
0 -1  0.076667 0.359375 0.055556 0.143750
0 -1  0.145556 0.364375 0.086667 0.143750
0 -1  0.050000 0.385625 0.082222 0.203750
0 -1  0.065556 0.520625 0.126667 0.491250
