0 1519 0.537778 0.407500 0.146667 0.220000
0 1520 0.397778 0.400000 0.146667 0.220000
0 -1  0.843333 0.338750 0.028889 0.075000
0 -1  0.854444 0.341250 0.037778 0.087500
0 -1  0.794444 0.343125 0.037778 0.078750
0 -1  0.886667 0.375625 0.075556 0.133750
0 -1  0.582222 0.355000 0.048889 0.147500
0 -1  0.608889 0.359375 0.048889 0.131250
0 -1  0.367778 0.393750 0.077778 0.177500
0 -1  0.314444 0.376250 0.073333 0.177500
0 -1  0.181111 0.383125 0.091111 0.161250
0 -1  0.106667 0.370000 0.088889 0.162500
0 -1  0.073333 0.397500 0.142222 0.230000
0 -1  0.028889 0.399375 0.053333 0.188750
