0 1514 0.684444 0.441250 0.200000 0.300000
0 -1  0.838889 0.315000 0.037778 0.065000
0 -1  0.755556 0.370625 0.097778 0.206250
0 -1  0.514444 0.314375 0.033333 0.078750
0 -1  0.565556 0.329375 0.051111 0.101250
0 -1  0.603333 0.345000 0.060000 0.130000
0 -1  0.466667 0.336875 0.075556 0.131250
0 -1  0.661111 0.301875 0.028889 0.061250
0 -1  0.790000 0.309375 0.028889 0.053750
0 -1  0.965556 0.321250 0.042222 0.085000
0 -1  0.976667 0.346250 0.042222 0.122500
0 -1  0.297778 0.327500 0.075556 0.142500
0 -1  0.365556 0.355000 0.086667 0.172500
0 -1  0.145556 0.339375 0.082222 0.143750
0 -1  0.071111 0.334375 0.062222 0.138750
0 -1  0.033333 0.343750 0.062222 0.177500
