0 1511 0.443333 0.392500 0.140000 0.210000
0 -1  0.907778 0.320000 0.028889 0.057500
0 -1  0.842222 0.320625 0.031111 0.061250
0 -1  0.866667 0.333125 0.035556 0.073750
0 -1  0.814444 0.324375 0.033333 0.076250
0 -1  0.737778 0.329375 0.031111 0.073750
0 -1  0.747778 0.332500 0.042222 0.085000
0 -1  0.688889 0.332500 0.035556 0.080000
0 -1  0.771111 0.364375 0.066667 0.131250
0 -1  0.983333 0.324375 0.028889 0.063750
0 -1  0.468889 0.343125 0.066667 0.151250
0 -1  0.535556 0.362500 0.093333 0.155000
0 -1  0.325556 0.356250 0.091111 0.140000
0 -1  0.206667 0.361250 0.075556 0.175000
0 -1  0.078889 0.368125 0.091111 0.161250
0 -1  0.024444 0.351875 0.044444 0.166250
0 -1  0.248889 0.423750 0.142222 0.270000
