0 1511 0.173333 0.361250 0.168889 0.255000
0 -1  0.080000 0.329375 0.111111 0.178750
0 -1  0.195556 0.341875 0.088889 0.223750
0 -1  0.252222 0.332500 0.073333 0.170000
0 -1  0.488889 0.359375 0.088889 0.193750
0 -1  0.440000 0.353750 0.111111 0.230000
0 -1  0.527778 0.320625 0.064444 0.153750
0 -1  0.595556 0.326250 0.071111 0.157500
0 -1  0.631111 0.336875 0.088889 0.178750
0 -1  0.713333 0.321250 0.080000 0.172500
0 -1  0.948889 0.355625 0.093333 0.208750
0 -1  0.864444 0.350625 0.142222 0.231250
