0 1519 0.182222 0.321250 0.115556 0.175000
0 1520 0.291111 0.318750 0.124444 0.187500
0 -1  0.934444 0.336250 0.126667 0.232500
0 -1  0.826667 0.311250 0.088889 0.172500
0 -1  0.770000 0.306875 0.082222 0.171250
0 -1  0.805556 0.336250 0.077778 0.187500
0 -1  0.654444 0.315625 0.077778 0.156250
0 -1  0.580000 0.309375 0.080000 0.158750
0 -1  0.517778 0.299375 0.062222 0.166250
0 -1  0.483333 0.294375 0.060000 0.133750
0 -1  0.450000 0.308750 0.064444 0.130000
0 -1  0.385556 0.300000 0.073333 0.155000
