0 1514 0.446667 0.348125 0.155556 0.233750
0 1515 0.755556 0.313750 0.120000 0.182500
0 -1  0.953333 0.303125 0.088889 0.178750
0 -1  0.894444 0.296250 0.095556 0.170000
0 -1  0.882222 0.316875 0.088889 0.176250
0 -1  0.775556 0.301875 0.075556 0.161250
0 -1  0.698889 0.296875 0.060000 0.161250
0 -1  0.556667 0.290000 0.082222 0.157500
0 -1  0.544444 0.363125 0.253333 0.321250
0 -1  0.423333 0.263750 0.046667 0.100000
0 -1  0.373333 0.303750 0.097778 0.187500
0 -1  0.238889 0.291875 0.095556 0.163750
