0 1595 0.473333 0.631875 0.208889 0.313750
0 1598 0.536667 0.774375 0.233333 0.351250
0 -1  0.622222 0.189375 0.031111 0.061250
0 -1  0.552222 0.193750 0.033333 0.060000
0 -1  0.531111 0.191250 0.026667 0.052500
0 -1  0.530000 0.226875 0.042222 0.076250
0 -1  0.495556 0.241250 0.031111 0.052500
0 -1  0.451111 0.261875 0.035556 0.051250
0 -1  0.358889 0.230625 0.042222 0.093750
0 -1  0.392222 0.240625 0.051111 0.091250
0 -1  0.364444 0.274375 0.031111 0.048750
0 -1  0.030000 0.268125 0.055556 0.103750
0 -1  0.346667 0.645000 0.111111 0.167500
