0 11913 0.655625 0.628995 0.063750 0.545662
0 -1  0.073125 0.663242 0.133750 0.650685
0 -1  0.184375 0.650685 0.138750 0.675799
0 -1  0.131875 0.646119 0.138750 0.680365
0 -1  0.245000 0.684932 0.112500 0.611872
0 -1  0.741875 0.681507 0.126250 0.618721
0 -1  0.578125 0.638128 0.118750 0.582192
0 -1  0.511875 0.601598 0.071250 0.404110
0 -1  0.468750 0.592466 0.072500 0.431507
0 -1  0.423125 0.611872 0.081250 0.447489
0 -1  0.359375 0.618721 0.076250 0.465753
0 -1  0.936250 0.640411 0.110000 0.682648
