0 11928 0.540000 0.655251 0.065000 0.365297
0 -1  0.849375 0.647260 0.081250 0.372146
0 -1  0.803750 0.659817 0.080000 0.525114
0 -1  0.734375 0.668950 0.061250 0.369863
0 -1  0.676875 0.657534 0.056250 0.356164
0 -1  0.606875 0.654110 0.056250 0.344749
0 -1  0.483125 0.647260 0.053750 0.331050
0 -1  0.445000 0.641553 0.055000 0.337900
0 -1  0.400625 0.667808 0.053750 0.303653
0 -1  0.375000 0.664384 0.055000 0.315068
0 -1  0.338750 0.656393 0.055000 0.331050
0 -1  0.290000 0.656393 0.050000 0.344749
0 -1  0.251250 0.674658 0.060000 0.358447
0 -1  0.181250 0.687215 0.062500 0.424658
0 -1  0.117500 0.670091 0.100000 0.600457
0 -1  0.061875 0.674658 0.101250 0.623288
