0 11288 0.717500 0.326667 0.050000 0.235556
0 11290 0.653750 0.607778 0.105000 0.500000
0 11291 0.473750 0.506667 0.085000 0.404444
0 11292 0.771250 0.324444 0.047500 0.226667
0 11293 0.061250 0.607778 0.107500 0.513333
0 -1  0.886875 0.307778 0.043750 0.202222
0 -1  0.904375 0.395556 0.066250 0.284444
0 -1  0.246875 0.454444 0.066250 0.380000
0 -1  0.201875 0.455556 0.068750 0.355556
0 -1  0.158750 0.487778 0.070000 0.393333
0 -1  0.273125 0.670000 0.096250 0.588889
0 -1  0.221250 0.757778 0.195000 0.440000
