0 11317 0.482500 0.416667 0.047500 0.228889
0 -1  0.609375 0.632222 0.078750 0.428889
0 -1  0.685625 0.662222 0.111250 0.595556
0 -1  0.825625 0.682222 0.098750 0.577778
0 -1  0.893125 0.694444 0.121250 0.562222
0 -1  0.948125 0.684444 0.086250 0.582222
0 -1  0.399375 0.644444 0.088750 0.475556
0 -1  0.359375 0.702222 0.091250 0.551111
0 -1  0.308125 0.730000 0.086250 0.491111
0 -1  0.211250 0.697778 0.097500 0.555556
0 -1  0.133750 0.678889 0.107500 0.597778
0 -1  0.043125 0.661111 0.081250 0.460000
