0 10687 0.541250 0.682222 0.087500 0.417778
0 10688 0.640000 0.688889 0.087500 0.417778
0 -1  0.331250 0.668889 0.072500 0.346667
0 -1  0.288750 0.637778 0.057500 0.342222
0 -1  0.386250 0.258889 0.035000 0.166667
0 -1  0.416875 0.317778 0.041250 0.195556
0 -1  0.436875 0.335556 0.041250 0.195556
0 -1  0.528125 0.307778 0.038750 0.184444
0 -1  0.543750 0.318889 0.030000 0.144444
0 -1  0.656875 0.234444 0.028750 0.140000
0 -1  0.679375 0.198889 0.023750 0.113333
0 -1  0.825000 0.315556 0.042500 0.200000
0 -1  0.934375 0.262222 0.033750 0.151111
