0 10684 0.536875 0.538889 0.108750 0.517778
0 10685 0.776250 0.538889 0.090000 0.473333
0 10686 0.853125 0.543333 0.093750 0.482222
0 10697 0.446250 0.522222 0.097500 0.466667
0 -1  0.972500 0.515556 0.055000 0.360000
0 -1  0.908125 0.530000 0.078750 0.424444
0 -1  0.722500 0.550000 0.077500 0.455556
0 -1  0.667500 0.548889 0.067500 0.426667
0 -1  0.613750 0.555556 0.082500 0.484444
0 -1  0.509375 0.536667 0.096250 0.455556
0 -1  0.411250 0.541111 0.085000 0.477778
0 -1  0.291250 0.545556 0.082500 0.500000
0 -1  0.201250 0.584444 0.095000 0.582222
0 -1  0.110000 0.573333 0.110000 0.617778
0 -1  0.045625 0.582222 0.081250 0.515556
