0 680 0.559167 0.456875 0.145000 0.291250
0 -1  0.970000 0.370000 0.046667 0.105000
0 -1  0.900833 0.375625 0.045000 0.106250
0 -1  0.938333 0.387500 0.043333 0.087500
0 -1  0.651667 0.358125 0.036667 0.068750
0 -1  0.624167 0.349375 0.035000 0.081250
0 -1  0.729167 0.371875 0.051667 0.116250
0 -1  0.525833 0.360000 0.051667 0.092500
0 -1  0.481667 0.355625 0.050000 0.106250
0 -1  0.487500 0.423125 0.051667 0.111250
0 -1  0.419167 0.385625 0.068333 0.178750
0 -1  0.340833 0.372500 0.085000 0.190000
0 -1  0.858333 0.400625 0.096667 0.186250
