0 10683 0.709375 0.563333 0.143750 0.686667
0 -1  0.112500 0.547778 0.077500 0.495556
0 -1  0.029375 0.545556 0.056250 0.486667
0 -1  0.026875 0.566667 0.051250 0.493333
0 -1  0.178750 0.544444 0.075000 0.528889
0 -1  0.251250 0.504444 0.087500 0.488889
0 -1  0.313125 0.510000 0.093750 0.446667
0 -1  0.364375 0.516667 0.103750 0.495556
0 -1  0.420625 0.511111 0.103750 0.493333
0 -1  0.463125 0.538889 0.111250 0.526667
0 -1  0.538125 0.542222 0.116250 0.555556
0 -1  0.611250 0.542222 0.087500 0.582222
0 -1  0.648125 0.540000 0.103750 0.631111
0 -1  0.808125 0.566667 0.131250 0.720000
0 -1  0.923750 0.598889 0.130000 0.686667
