0 10678 0.426250 0.583333 0.130000 0.620000
0 10679 0.731875 0.627778 0.131250 0.628889
0 -1  0.951250 0.560000 0.097500 0.551111
0 -1  0.836250 0.550000 0.062500 0.517778
0 -1  0.878750 0.533333 0.085000 0.488889
0 -1  0.760000 0.497778 0.082500 0.480000
0 -1  0.634375 0.561111 0.123750 0.664444
0 -1  0.543125 0.590000 0.118750 0.682222
0 -1  0.265625 0.615556 0.116250 0.666667
0 -1  0.179375 0.507778 0.116250 0.553333
0 -1  0.104375 0.538889 0.106250 0.575556
0 -1  0.063750 0.528889 0.125000 0.595556
