0 10687 0.518750 0.574444 0.070000 0.433333
0 10692 0.563750 0.532222 0.062500 0.300000
0 -1  0.616875 0.558889 0.066250 0.317778
0 -1  0.648750 0.546667 0.070000 0.333333
0 -1  0.701875 0.557778 0.068750 0.328889
0 -1  0.747500 0.553333 0.070000 0.333333
0 -1  0.826250 0.527778 0.080000 0.380000
0 -1  0.904375 0.550000 0.076250 0.366667
0 -1  0.953750 0.537778 0.075000 0.360000
0 -1  0.305000 0.624444 0.125000 0.702222
0 -1  0.212500 0.551111 0.065000 0.306667
0 -1  0.140625 0.613333 0.113750 0.711111
0 -1  0.045000 0.587778 0.080000 0.753333
