0 10687 0.561875 0.512222 0.046250 0.224444
0 10692 0.692500 0.368889 0.022500 0.111111
0 -1  0.877500 0.188889 0.027500 0.133333
0 -1  0.853750 0.185556 0.027500 0.131111
0 -1  0.837500 0.191111 0.027500 0.133333
0 -1  0.806250 0.183333 0.027500 0.131111
0 -1  0.778125 0.190000 0.028750 0.135556
0 -1  0.755625 0.193333 0.028750 0.137778
0 -1  0.736250 0.188889 0.030000 0.146667
0 -1  0.720625 0.187778 0.028750 0.140000
0 -1  0.704375 0.188889 0.028750 0.137778
0 -1  0.686875 0.181111 0.026250 0.126667
0 -1  0.667500 0.176667 0.025000 0.117778
0 -1  0.669375 0.175556 0.023750 0.111111
0 -1  0.620625 0.176667 0.021250 0.100000
0 -1  0.605625 0.180000 0.023750 0.111111
0 -1  0.587500 0.183333 0.025000 0.117778
0 -1  0.570625 0.180000 0.026250 0.124444
0 -1  0.555000 0.170000 0.022500 0.108889
0 -1  0.650000 0.313333 0.015000 0.075556
0 -1  0.630625 0.316667 0.018750 0.091111
0 -1  0.615000 0.293333 0.020000 0.097778
0 -1  0.608750 0.327778 0.020000 0.095556
0 -1  0.457500 0.281111 0.037500 0.180000
0 -1  0.444375 0.275556 0.041250 0.195556
0 -1  0.410000 0.284444 0.045000 0.213333
0 -1  0.396875 0.275556 0.043750 0.208889
0 -1  0.380625 0.283333 0.048750 0.233333
0 -1  0.358750 0.292222 0.050000 0.237778
0 -1  0.314375 0.276667 0.043750 0.206667
0 -1  0.322500 0.444444 0.052500 0.248889
0 -1  0.295625 0.462222 0.046250 0.217778
0 -1  0.169375 0.354444 0.048750 0.233333
0 -1  0.132500 0.405556 0.037500 0.206667
0 -1  0.169375 0.425556 0.041250 0.228889
0 -1  0.842500 0.501111 0.040000 0.246667
0 -1  0.806875 0.384444 0.021250 0.115556
0 -1  0.761875 0.354444 0.021250 0.104444
0 -1  0.726250 0.346667 0.022500 0.097778
0 -1  0.509375 0.346667 0.021250 0.111111
0 -1  0.486250 0.296667 0.020000 0.140000
