0 680 0.485000 0.353750 0.180000 0.362500
0 -1  0.853333 0.103125 0.053333 0.121250
0 -1  0.870833 0.131875 0.051667 0.118750
0 -1  0.921667 0.122500 0.040000 0.110000
0 -1  0.957500 0.159375 0.051667 0.103750
0 -1  0.910833 0.193125 0.061667 0.113750
0 -1  0.959167 0.258125 0.071667 0.161250
0 -1  0.910833 0.285625 0.091667 0.191250
0 -1  0.832500 0.267500 0.078333 0.185000
0 -1  0.750833 0.268750 0.078333 0.180000
0 -1  0.682500 0.264375 0.071667 0.181250
0 -1  0.556667 0.239375 0.073333 0.176250
0 -1  0.401667 0.275000 0.116667 0.250000
0 -1  0.309167 0.250625 0.068333 0.163750
0 -1  0.110000 0.267500 0.083333 0.205000
0 -1  0.144167 0.255625 0.088333 0.211250
