0 684 0.480833 0.340625 0.115000 0.246250
0 -1  0.905833 0.369375 0.178333 0.391250
0 -1  0.875000 0.558750 0.223333 0.480000
0 -1  0.764167 0.252500 0.025000 0.062500
0 -1  0.749167 0.254375 0.028333 0.076250
0 -1  0.729167 0.255625 0.028333 0.073750
0 -1  0.660833 0.269375 0.035000 0.093750
0 -1  0.622500 0.267500 0.031667 0.085000
0 -1  0.690833 0.253750 0.025000 0.052500
0 -1  0.589167 0.283125 0.028333 0.053750
0 -1  0.581667 0.269375 0.026667 0.048750
0 -1  0.567500 0.276875 0.025000 0.061250
0 -1  0.508333 0.271250 0.026667 0.065000
0 -1  0.531667 0.271875 0.020000 0.048750
0 -1  0.428333 0.275000 0.036667 0.087500
0 -1  0.324167 0.281875 0.031667 0.071250
0 -1  0.294167 0.288125 0.028333 0.073750
0 -1  0.352500 0.293125 0.045000 0.111250
