0 692 0.320833 0.243125 0.151667 0.303750
0 693 0.540000 0.280625 0.163333 0.351250
0 -1  0.614167 0.193125 0.028333 0.078750
0 -1  0.638333 0.192500 0.033333 0.082500
0 -1  0.894167 0.199375 0.035000 0.088750
0 -1  0.860000 0.201250 0.046667 0.105000
0 -1  0.824167 0.200625 0.041667 0.106250
0 -1  0.376667 0.194375 0.033333 0.093750
0 -1  0.407500 0.200000 0.028333 0.082500
0 -1  0.435000 0.197500 0.036667 0.090000
0 -1  0.248333 0.221250 0.060000 0.145000
0 -1  0.147500 0.260000 0.121667 0.272500
0 -1  0.931667 0.226250 0.103333 0.217500
