0 11237 0.436875 0.585556 0.093750 0.482222
0 11244 0.510000 0.598889 0.095000 0.526667
0 -1  0.468125 0.268889 0.018750 0.093333
0 -1  0.445625 0.282222 0.021250 0.102222
0 -1  0.435000 0.280000 0.017500 0.084444
0 -1  0.423125 0.284444 0.018750 0.093333
0 -1  0.401875 0.302222 0.023750 0.115556
0 -1  0.373125 0.298889 0.028750 0.140000
0 -1  0.331250 0.321111 0.025000 0.117778
0 -1  0.271250 0.298889 0.025000 0.117778
0 -1  0.231875 0.300000 0.026250 0.124444
0 -1  0.218750 0.317778 0.025000 0.120000
0 -1  0.200625 0.315556 0.026250 0.124444
0 -1  0.031250 0.298889 0.025000 0.122222
0 -1  0.016250 0.312222 0.022500 0.144444
0 -1  0.145625 0.574444 0.073750 0.353333
0 -1  0.235000 0.546667 0.057500 0.382222
0 -1  0.254375 0.522222 0.038750 0.368889
0 -1  0.689375 0.486667 0.078750 0.373333
0 -1  0.723750 0.466667 0.050000 0.404444
0 -1  0.759375 0.642222 0.116250 0.555556
0 -1  0.542500 0.521111 0.062500 0.464444
0 -1  0.495625 0.503333 0.058750 0.482222
