0 11223 0.436875 0.525556 0.121250 0.637778
0 11224 0.562500 0.564444 0.115000 0.644444
0 11225 0.791250 0.627778 0.085000 0.468889
0 11226 0.922500 0.646667 0.100000 0.551111
0 11227 0.255625 0.600000 0.111250 0.564444
0 -1  0.318125 0.507778 0.058750 0.308889
0 -1  0.951250 0.601111 0.070000 0.473333
0 -1  0.880625 0.620000 0.068750 0.484444
0 -1  0.125625 0.476667 0.051250 0.268889
0 -1  0.033750 0.653333 0.057500 0.542222
0 -1  0.694375 0.483333 0.041250 0.277778
0 -1  0.174375 0.468889 0.038750 0.217778
0 -1  0.377500 0.580000 0.055000 0.466667
