0 11231 0.460000 0.472222 0.115000 0.580000
0 11232 0.793750 0.438889 0.087500 0.575556
0 11233 0.910625 0.484444 0.116250 0.644444
0 11234 0.630000 0.498889 0.132500 0.682222
0 -1  0.390625 0.295556 0.066250 0.315556
0 -1  0.969375 0.447778 0.053750 0.464444
0 -1  0.955625 0.452222 0.051250 0.513333
0 -1  0.844375 0.473333 0.131250 0.626667
0 -1  0.700000 0.523333 0.140000 0.668889
0 -1  0.565000 0.368889 0.090000 0.431111
0 -1  0.233750 0.428889 0.090000 0.431111
0 -1  0.256875 0.427778 0.091250 0.433333
0 -1  0.181875 0.633333 0.143750 0.684444
0 -1  0.118750 0.470000 0.110000 0.522222
0 -1  0.088750 0.475556 0.112500 0.537778
0 -1  0.055000 0.656667 0.100000 0.664444
0 -1  0.495625 0.245556 0.026250 0.113333
