0 11224 0.590625 0.561111 0.116250 0.673333
0 11226 0.781875 0.650000 0.096250 0.531111
0 11228 0.123750 0.648889 0.097500 0.640000
0 11229 0.206875 0.652222 0.106250 0.562222
0 11230 0.708750 0.644444 0.080000 0.444444
0 11235 0.370625 0.542222 0.136250 0.657778
0 -1  0.062500 0.650000 0.087500 0.611111
0 -1  0.288750 0.624444 0.082500 0.613333
0 -1  0.471875 0.610000 0.091250 0.433333
0 -1  0.540625 0.594444 0.096250 0.460000
0 -1  0.653125 0.593333 0.078750 0.484444
0 -1  0.853750 0.658889 0.115000 0.646667
0 -1  0.938750 0.725556 0.107500 0.513333
