0 11231 0.143125 0.554444 0.153750 0.868889
0 11232 0.796250 0.438889 0.102500 0.580000
0 11233 0.905000 0.474444 0.115000 0.651111
0 11234 0.608125 0.568889 0.128750 0.640000
0 -1  0.948750 0.466667 0.085000 0.520000
0 -1  0.852500 0.396667 0.067500 0.464444
0 -1  0.721250 0.411111 0.090000 0.560000
0 -1  0.545000 0.396667 0.082500 0.393333
0 -1  0.470000 0.532222 0.145000 0.691111
0 -1  0.390625 0.277778 0.066250 0.315556
0 -1  0.409375 0.425556 0.088750 0.424444
0 -1  0.333750 0.451111 0.112500 0.533333
0 -1  0.259375 0.444444 0.101250 0.484444
0 -1  0.075000 0.500000 0.122500 0.582222
0 -1  0.037500 0.602222 0.065000 0.733333
