0 10636 0.704375 0.554444 0.123750 0.757778
0 -1  0.913125 0.546667 0.138750 0.857778
0 -1  0.794375 0.554444 0.106250 0.802222
0 -1  0.776250 0.360000 0.085000 0.453333
0 -1  0.661250 0.372222 0.065000 0.508889
0 -1  0.576875 0.420000 0.086250 0.537778
0 -1  0.561875 0.494444 0.083750 0.588889
0 -1  0.505625 0.522222 0.118750 0.915556
0 -1  0.461250 0.527778 0.160000 0.917778
0 -1  0.300625 0.556667 0.153750 0.851111
0 -1  0.205625 0.415556 0.076250 0.542222
0 -1  0.045000 0.556667 0.080000 0.846667
0 -1  0.070000 0.467778 0.097500 0.624444
