0 10618 0.595000 0.693333 0.037500 0.182222
0 10619 0.541875 0.681111 0.046250 0.224444
0 10620 0.286250 0.622222 0.095000 0.515556
0 10621 0.422500 0.613333 0.090000 0.533333
0 10622 0.819375 0.668889 0.061250 0.293333
0 10623 0.879375 0.661111 0.071250 0.348889
0 10624 0.930625 0.713333 0.028750 0.142222
0 -1  0.460625 0.688889 0.048750 0.235556
0 -1  0.370000 0.726667 0.020000 0.097778
0 -1  0.355000 0.722222 0.020000 0.097778
0 -1  0.237500 0.680000 0.065000 0.311111
0 -1  0.021875 0.675556 0.036250 0.195556
0 -1  0.500625 0.715556 0.026250 0.146667
