0 10642 0.520625 0.794444 0.028750 0.131111
0 -1  0.878125 0.496667 0.016250 0.077778
0 -1  0.781875 0.564444 0.018750 0.093333
0 -1  0.730625 0.496667 0.013750 0.068889
0 -1  0.872500 0.637778 0.020000 0.097778
0 -1  0.847500 0.640000 0.020000 0.097778
0 -1  0.906875 0.902222 0.036250 0.173333
0 -1  0.628125 0.498889 0.013750 0.064444
0 -1  0.616875 0.510000 0.016250 0.082222
0 -1  0.604375 0.521111 0.016250 0.082222
0 -1  0.591875 0.525556 0.016250 0.082222
0 -1  0.579375 0.514444 0.016250 0.082222
0 -1  0.536875 0.550000 0.013750 0.068889
0 -1  0.269375 0.507778 0.013750 0.068889
0 -1  0.215625 0.596667 0.021250 0.104444
0 -1  0.314375 0.568889 0.018750 0.093333
0 -1  0.301250 0.578889 0.020000 0.095556
0 -1  0.091250 0.798889 0.032500 0.157778
0 -1  0.058125 0.804444 0.036250 0.173333
0 -1  0.032500 0.797778 0.037500 0.182222
0 -1  0.483125 0.636667 0.026250 0.126667
0 -1  0.499375 0.678889 0.021250 0.100000
0 -1  0.475000 0.687778 0.025000 0.122222
0 -1  0.666250 0.557778 0.017500 0.084444
0 -1  0.654375 0.560000 0.018750 0.088889
0 -1  0.930625 0.708889 0.028750 0.137778
0 -1  0.895625 0.708889 0.026250 0.124444
0 -1  0.648125 0.923333 0.028750 0.140000
0 -1  0.561875 0.760000 0.031250 0.151111
0 -1  0.304375 0.937778 0.023750 0.111111
0 -1  0.323125 0.948889 0.018750 0.088889
0 -1  0.109375 0.492222 0.018750 0.068889
