0 10443 0.455000 0.698889 0.047500 0.348889
0 -1  0.305625 0.585556 0.061250 0.291111
0 -1  0.401250 0.543333 0.042500 0.220000
0 -1  0.560000 0.522222 0.035000 0.204444
0 -1  0.876875 0.554444 0.031250 0.233333
0 -1  0.914375 0.547778 0.033750 0.224444
0 -1  0.847500 0.644444 0.040000 0.320000
0 -1  0.822500 0.608889 0.040000 0.297778
0 -1  0.697500 0.590000 0.062500 0.260000
0 -1  0.758750 0.646667 0.055000 0.280000
0 -1  0.223125 0.528889 0.041250 0.213333
0 -1  0.107500 0.562222 0.045000 0.231111
0 -1  0.053125 0.637778 0.051250 0.328889
