0 62 0.469167 0.401250 0.101667 0.205000
0 63 0.645833 0.376250 0.085000 0.172500
0 64 0.586667 0.423750 0.056667 0.112500
0 -1  0.896667 0.050000 0.040000 0.077500
0 -1  0.025833 0.098125 0.038333 0.088750
0 -1  0.437500 0.224375 0.045000 0.128750
0 -1  0.027500 0.261250 0.048333 0.147500
0 -1  0.123333 0.226875 0.053333 0.136250
0 -1  0.205833 0.265625 0.055000 0.151250
0 -1  0.155000 0.268125 0.060000 0.146250
0 -1  0.165833 0.346250 0.065000 0.177500
0 -1  0.760833 0.326875 0.058333 0.151250
0 -1  0.460833 0.508125 0.081667 0.198750
0 -1  0.956667 0.621250 0.083333 0.237500
