0 10419 0.395000 0.444444 0.050000 0.368889
0 10420 0.496875 0.403333 0.068750 0.335556
0 10421 0.650625 0.490000 0.081250 0.517778
0 10422 0.570625 0.436667 0.058750 0.371111
0 -1  0.815625 0.448889 0.063750 0.475556
0 -1  0.774375 0.380000 0.053750 0.257778
0 -1  0.705625 0.395556 0.061250 0.293333
0 -1  0.443125 0.377778 0.048750 0.235556
0 -1  0.416250 0.390000 0.062500 0.300000
0 -1  0.359375 0.372222 0.053750 0.255556
0 -1  0.274375 0.576667 0.143750 0.815556
0 -1  0.173750 0.474444 0.115000 0.544444
0 -1  0.078125 0.520000 0.128750 0.608889
