0 10419 0.400625 0.411111 0.061250 0.293333
0 10420 0.509375 0.367778 0.043750 0.206667
0 10421 0.607500 0.440000 0.072500 0.400000
0 -1  0.895625 0.528889 0.131250 0.626667
0 -1  0.821250 0.451111 0.097500 0.462222
0 -1  0.769375 0.383333 0.053750 0.255556
0 -1  0.752500 0.384444 0.052500 0.253333
0 -1  0.668750 0.386667 0.055000 0.262222
0 -1  0.582500 0.408889 0.062500 0.297778
0 -1  0.453125 0.381111 0.026250 0.242222
0 -1  0.428750 0.396667 0.045000 0.286667
0 -1  0.286875 0.577778 0.141250 0.800000
0 -1  0.183750 0.477778 0.057500 0.542222
