0 10442 0.518125 0.698889 0.053750 0.340000
0 10443 0.400000 0.715556 0.047500 0.302222
0 -1  0.630625 0.528889 0.048750 0.213333
0 -1  0.776875 0.630000 0.061250 0.326667
0 -1  0.918750 0.625556 0.057500 0.295556
0 -1  0.882500 0.611111 0.050000 0.297778
0 -1  0.860625 0.646667 0.043750 0.293333
0 -1  0.663125 0.730000 0.078750 0.402222
0 -1  0.565625 0.682222 0.058750 0.382222
0 -1  0.479375 0.665556 0.051250 0.366667
0 -1  0.443750 0.537778 0.047500 0.231111
0 -1  0.411250 0.538889 0.040000 0.206667
0 -1  0.342500 0.591111 0.057500 0.288889
0 -1  0.218750 0.534444 0.042500 0.224444
0 -1  0.249375 0.742222 0.063750 0.360000
0 -1  0.171875 0.736667 0.086250 0.397778
0 -1  0.079375 0.655556 0.101250 0.333333
