0 11120 0.763750 0.502222 0.075000 0.360000
0 11124 0.471875 0.451111 0.103750 0.546667
0 11125 0.881875 0.496667 0.081250 0.388889
0 11126 0.675625 0.535556 0.063750 0.306667
0 11127 0.568750 0.504444 0.075000 0.360000
0 -1  0.074375 0.508889 0.058750 0.306667
0 -1  0.185000 0.511111 0.070000 0.333333
0 -1  0.286250 0.505556 0.060000 0.344444
0 -1  0.359375 0.523333 0.041250 0.273333
0 -1  0.387500 0.513333 0.062500 0.320000
0 -1  0.705625 0.508889 0.053750 0.284444
0 -1  0.813750 0.528889 0.057500 0.297778
