0 11120 0.846875 0.450000 0.088750 0.473333
0 11134 0.722500 0.416667 0.080000 0.451111
0 11146 0.611875 0.421111 0.098750 0.526667
0 11147 0.500000 0.451111 0.100000 0.568889
0 -1  0.172500 0.380000 0.062500 0.355556
0 -1  0.135625 0.460000 0.091250 0.537778
0 -1  0.233750 0.410000 0.070000 0.428889
0 -1  0.300000 0.444444 0.080000 0.506667
0 -1  0.365625 0.392222 0.061250 0.380000
0 -1  0.421250 0.416667 0.062500 0.424444
0 -1  0.658750 0.374444 0.055000 0.402222
0 -1  0.837500 0.378889 0.080000 0.384444
