0 11120 0.835625 0.461111 0.093750 0.495556
0 11134 0.683750 0.412222 0.082500 0.446667
0 11146 0.556250 0.412222 0.090000 0.504444
0 11147 0.456875 0.447778 0.088750 0.593333
0 -1  0.120625 0.390000 0.066250 0.397778
0 -1  0.079375 0.493333 0.086250 0.582222
0 -1  0.175625 0.410000 0.078750 0.451111
0 -1  0.248125 0.444444 0.076250 0.524444
0 -1  0.310000 0.401111 0.060000 0.420000
0 -1  0.397500 0.414444 0.060000 0.442222
0 -1  0.674375 0.346667 0.078750 0.373333
0 -1  0.831875 0.337778 0.051250 0.288889
