0 11192 0.180625 0.576667 0.133750 0.753333
0 -1  0.297500 0.448889 0.047500 0.280000
0 -1  0.351250 0.464444 0.047500 0.306667
0 -1  0.407500 0.451111 0.045000 0.302222
0 -1  0.475000 0.474444 0.047500 0.300000
0 -1  0.563750 0.468889 0.042500 0.266667
0 -1  0.621250 0.464444 0.032500 0.271111
0 -1  0.666875 0.453333 0.066250 0.386667
0 -1  0.744375 0.472222 0.066250 0.388889
0 -1  0.794375 0.453333 0.051250 0.355556
0 -1  0.226250 0.316667 0.035000 0.255556
0 -1  0.156250 0.196667 0.040000 0.237778
0 -1  0.122500 0.193333 0.042500 0.257778
0 -1  0.106250 0.165556 0.040000 0.255556
0 -1  0.847500 0.457778 0.045000 0.262222
