0 724 0.609167 0.381875 0.288333 0.576250
0 -1  0.535833 0.208125 0.088333 0.231250
0 -1  0.476667 0.181875 0.043333 0.113750
0 -1  0.435833 0.185000 0.041667 0.100000
0 -1  0.403333 0.170625 0.036667 0.103750
0 -1  0.380833 0.179375 0.038333 0.106250
0 -1  0.340833 0.180000 0.038333 0.110000
0 -1  0.316667 0.178125 0.043333 0.126250
0 -1  0.242500 0.176875 0.048333 0.138750
0 -1  0.191667 0.253750 0.080000 0.185000
0 -1  0.069167 0.218125 0.135000 0.343750
0 -1  0.433333 0.267500 0.076667 0.192500
0 -1  0.816667 0.191250 0.033333 0.080000
0 -1  0.686667 0.197500 0.043333 0.090000
0 -1  0.749167 0.195000 0.035000 0.092500
0 -1  0.772500 0.191875 0.035000 0.098750
0 -1  0.790833 0.200000 0.035000 0.092500
0 -1  0.978333 0.221250 0.036667 0.092500
0 -1  0.935833 0.220625 0.055000 0.148750
0 -1  0.898333 0.216250 0.070000 0.152500
0 -1  0.855000 0.220625 0.066667 0.153750
