0 11201 0.529375 0.551111 0.133750 0.737778
0 -1  0.323750 0.288889 0.047500 0.280000
0 -1  0.353750 0.285556 0.042500 0.277778
0 -1  0.405000 0.267778 0.062500 0.295556
0 -1  0.436250 0.301111 0.037500 0.282222
0 -1  0.497500 0.268889 0.040000 0.231111
0 -1  0.516875 0.273333 0.043750 0.253333
0 -1  0.556875 0.273333 0.036250 0.213333
0 -1  0.596875 0.265556 0.036250 0.228889
0 -1  0.616875 0.295556 0.051250 0.244444
0 -1  0.661250 0.301111 0.040000 0.282222
0 -1  0.694375 0.304444 0.043750 0.284444
0 -1  0.723125 0.305556 0.046250 0.300000
0 -1  0.771250 0.308889 0.047500 0.271111
