0 11192 0.235625 0.574444 0.111250 0.668889
0 -1  0.300000 0.471111 0.045000 0.320000
0 -1  0.350625 0.460000 0.046250 0.311111
0 -1  0.381875 0.456667 0.046250 0.317778
0 -1  0.426875 0.462222 0.046250 0.324444
0 -1  0.475000 0.477778 0.045000 0.315556
0 -1  0.522500 0.471111 0.037500 0.280000
0 -1  0.560625 0.464444 0.038750 0.266667
0 -1  0.609375 0.457778 0.048750 0.271111
0 -1  0.658125 0.480000 0.058750 0.355556
0 -1  0.747500 0.467778 0.055000 0.375556
0 -1  0.243750 0.321111 0.040000 0.255556
0 -1  0.188125 0.257778 0.041250 0.257778
0 -1  0.157500 0.187778 0.035000 0.224444
0 -1  0.126875 0.191111 0.031250 0.231111
0 -1  0.111250 0.157778 0.032500 0.231111
