0 730 0.807500 0.302500 0.138333 0.277500
0 -1  0.550000 0.228750 0.043333 0.115000
0 -1  0.615833 0.245000 0.038333 0.107500
0 -1  0.711667 0.238750 0.056667 0.142500
0 -1  0.836667 0.264375 0.073333 0.156250
0 -1  0.940833 0.248750 0.065000 0.150000
0 -1  0.916667 0.251250 0.063333 0.135000
0 -1  0.251667 0.237500 0.046667 0.137500
0 -1  0.305833 0.242500 0.041667 0.127500
0 -1  0.340000 0.258750 0.063333 0.157500
0 -1  0.400833 0.253125 0.071667 0.176250
0 -1  0.534167 0.286250 0.038333 0.082500
0 -1  0.165833 0.271250 0.078333 0.190000
