0 736 0.927500 0.360625 0.068333 0.143750
0 -1  0.437500 0.255000 0.031667 0.120000
0 -1  0.314167 0.250000 0.035000 0.120000
0 -1  0.340000 0.260625 0.040000 0.126250
0 -1  0.376667 0.251250 0.040000 0.137500
0 -1  0.280833 0.253125 0.035000 0.118750
0 -1  0.512500 0.253125 0.041667 0.116250
0 -1  0.838333 0.278125 0.056667 0.138750
0 -1  0.712500 0.269375 0.055000 0.148750
0 -1  0.591667 0.395625 0.270000 0.468750
0 -1  0.051667 0.277500 0.073333 0.212500
0 -1  0.095833 0.299375 0.105000 0.208750
