0 746 0.548333 0.279375 0.120000 0.241250
0 -1  0.036667 0.238125 0.070000 0.286250
0 -1  0.176667 0.252500 0.096667 0.282500
0 -1  0.260000 0.203125 0.053333 0.131250
0 -1  0.339167 0.211250 0.041667 0.102500
0 -1  0.359167 0.210625 0.048333 0.121250
0 -1  0.274167 0.228750 0.071667 0.167500
0 -1  0.416667 0.208125 0.036667 0.113750
0 -1  0.436667 0.220625 0.033333 0.116250
0 -1  0.475833 0.215625 0.038333 0.108750
0 -1  0.520833 0.218750 0.041667 0.112500
0 -1  0.598333 0.225625 0.040000 0.106250
0 -1  0.640833 0.225625 0.031667 0.101250
0 -1  0.680833 0.228125 0.041667 0.113750
0 -1  0.815833 0.240000 0.041667 0.110000
0 -1  0.710833 0.248125 0.061667 0.156250
0 -1  0.765833 0.251250 0.055000 0.160000
0 -1  0.863333 0.289375 0.103333 0.293750
0 -1  0.941667 0.323750 0.110000 0.357500
