0 11476 0.155625 0.715556 0.111250 0.528889
0 11477 0.282500 0.708889 0.115000 0.546667
0 11478 0.856875 0.626667 0.081250 0.391111
0 11479 0.445000 0.600000 0.055000 0.262222
0 11480 0.520625 0.607778 0.053750 0.260000
0 11481 0.567500 0.612222 0.047500 0.228889
0 11482 0.409375 0.590000 0.061250 0.291111
0 11483 0.052500 0.628889 0.070000 0.333333
0 -1  0.101250 0.607778 0.040000 0.304444
0 -1  0.547500 0.607778 0.025000 0.282222
0 -1  0.585000 0.562222 0.032500 0.217778
0 -1  0.647500 0.586667 0.037500 0.226667
0 -1  0.751875 0.564444 0.036250 0.186667
0 -1  0.815000 0.548889 0.042500 0.244444
0 -1  0.916875 0.524444 0.028750 0.155556
0 -1  0.939375 0.511111 0.023750 0.142222
0 -1  0.017500 0.571111 0.027500 0.186667
