0 11479 0.653750 0.740000 0.102500 0.488889
0 11482 0.586250 0.704444 0.092500 0.506667
0 11483 0.109375 0.674444 0.093750 0.460000
0 -1  0.798750 0.758889 0.085000 0.464444
0 -1  0.876875 0.781111 0.058750 0.406667
0 -1  0.913125 0.674444 0.066250 0.388889
0 -1  0.399375 0.542222 0.023750 0.120000
0 -1  0.430000 0.542222 0.020000 0.128889
0 -1  0.455000 0.543333 0.022500 0.131111
0 -1  0.712500 0.584444 0.035000 0.195556
0 -1  0.031250 0.654444 0.055000 0.375556
0 -1  0.161250 0.653333 0.042500 0.391111
