0 11476 0.344375 0.601111 0.043750 0.211111
0 11477 0.396875 0.595556 0.046250 0.222222
0 11478 0.622500 0.578889 0.037500 0.180000
0 11479 0.423750 0.567778 0.027500 0.135556
0 11480 0.466250 0.583333 0.030000 0.144444
0 11481 0.498125 0.577778 0.026250 0.128889
0 -1  0.768750 0.596667 0.037500 0.224444
0 -1  0.866250 0.598889 0.045000 0.228889
0 -1  0.046250 0.664444 0.065000 0.457778
0 -1  0.685625 0.563333 0.038750 0.157778
0 -1  0.741875 0.566667 0.041250 0.182222
0 -1  0.826875 0.595556 0.041250 0.222222
0 -1  0.903750 0.613333 0.040000 0.235556
