0 67 0.556667 0.536250 0.086667 0.175000
0 -1  0.975833 0.281250 0.028333 0.080000
0 -1  0.960833 0.145000 0.021667 0.057500
0 -1  0.944167 0.314375 0.031667 0.093750
0 -1  0.917500 0.303125 0.038333 0.091250
0 -1  0.821667 0.306250 0.040000 0.102500
0 -1  0.734167 0.317500 0.038333 0.087500
0 -1  0.653333 0.243125 0.033333 0.091250
0 -1  0.301667 0.203750 0.030000 0.077500
0 -1  0.327500 0.219375 0.035000 0.078750
0 -1  0.395833 0.244375 0.028333 0.081250
0 -1  0.059167 0.381875 0.048333 0.116250
