0 752 0.575000 0.328125 0.163333 0.321250
0 -1  0.951667 0.068125 0.033333 0.076250
0 -1  0.881667 0.071875 0.030000 0.063750
0 -1  0.820000 0.078750 0.030000 0.062500
0 -1  0.794167 0.080000 0.025000 0.060000
0 -1  0.730833 0.080000 0.028333 0.060000
0 -1  0.634167 0.090625 0.025000 0.053750
0 -1  0.560833 0.094375 0.025000 0.053750
0 -1  0.533333 0.097500 0.026667 0.050000
0 -1  0.503333 0.100000 0.020000 0.047500
0 -1  0.444167 0.105000 0.025000 0.052500
0 -1  0.081667 0.129375 0.016667 0.041250
0 -1  0.118333 0.111875 0.020000 0.043750
0 -1  0.100000 0.105000 0.023333 0.052500
0 -1  0.180833 0.116250 0.018333 0.045000
0 -1  0.196667 0.116875 0.020000 0.043750
0 -1  0.232500 0.115000 0.018333 0.035000
0 -1  0.254167 0.111875 0.018333 0.038750
0 -1  0.294167 0.115000 0.018333 0.040000
0 -1  0.317500 0.115000 0.018333 0.045000
0 -1  0.340833 0.113125 0.021667 0.043750
0 -1  0.200833 0.138125 0.018333 0.041250
0 -1  0.152500 0.143750 0.021667 0.047500
0 -1  0.125833 0.155000 0.021667 0.057500
0 -1  0.156667 0.159375 0.020000 0.056250
0 -1  0.117500 0.183750 0.018333 0.050000
0 -1  0.094167 0.172500 0.018333 0.045000
0 -1  0.069167 0.183750 0.018333 0.050000
0 -1  0.090833 0.189375 0.021667 0.048750
0 -1  0.030000 0.200000 0.020000 0.050000
0 -1  0.055833 0.198750 0.021667 0.052500
0 -1  0.067500 0.214375 0.031667 0.053750
0 -1  0.060000 0.255625 0.036667 0.071250
0 -1  0.144167 0.255625 0.041667 0.088750
0 -1  0.139167 0.198125 0.028333 0.058750
0 -1  0.351667 0.243750 0.026667 0.060000
0 -1  0.330000 0.244375 0.023333 0.056250
0 -1  0.254167 0.247500 0.028333 0.067500
0 -1  0.968333 0.316875 0.046667 0.126250
0 -1  0.944167 0.280625 0.075000 0.163750
0 -1  0.910833 0.226875 0.048333 0.076250
0 -1  0.764167 0.197500 0.038333 0.087500
0 -1  0.774167 0.270625 0.055000 0.141250
0 -1  0.603333 0.251250 0.033333 0.077500
0 -1  0.618333 0.265625 0.030000 0.096250
0 -1  0.660833 0.267500 0.038333 0.112500
0 -1  0.703333 0.270625 0.043333 0.116250
0 -1  0.485000 0.300000 0.090000 0.225000
