0 10107 0.576250 0.457778 0.047500 0.235556
0 10108 0.695000 0.491111 0.052500 0.293333
0 10109 0.338750 0.461111 0.052500 0.251111
0 10110 0.562500 0.323333 0.042500 0.202222
0 -1  0.826875 0.290000 0.038750 0.228889
0 -1  0.721250 0.377778 0.052500 0.266667
0 -1  0.681250 0.323333 0.040000 0.224444
0 -1  0.238125 0.303333 0.031250 0.197778
0 -1  0.280625 0.282222 0.033750 0.186667
0 -1  0.377500 0.287778 0.030000 0.171111
0 -1  0.438750 0.476667 0.047500 0.224444
0 -1  0.350000 0.303333 0.037500 0.157778
0 -1  0.236250 0.583333 0.040000 0.260000
0 -1  0.319375 0.642222 0.043750 0.297778
0 -1  0.040625 0.320000 0.031250 0.271111
0 -1  0.070000 0.316667 0.025000 0.264444
0 -1  0.101250 0.317778 0.032500 0.244444
0 -1  0.927500 0.291111 0.035000 0.217778
