0 10106 0.136250 0.546667 0.085000 0.413333
0 10164 0.165000 0.502222 0.062500 0.306667
0 10165 0.269375 0.508889 0.066250 0.364444
0 -1  0.076250 0.472222 0.050000 0.264444
0 -1  0.208125 0.518889 0.046250 0.286667
0 -1  0.313125 0.532222 0.056250 0.326667
0 -1  0.950625 0.436667 0.043750 0.242222
0 -1  0.909375 0.444444 0.041250 0.240000
0 -1  0.865625 0.443333 0.043750 0.237778
0 -1  0.813750 0.426667 0.050000 0.235556
0 -1  0.746250 0.431111 0.032500 0.191111
0 -1  0.708750 0.434444 0.032500 0.197778
0 -1  0.680000 0.436667 0.032500 0.197778
0 -1  0.651875 0.433333 0.028750 0.200000
0 -1  0.585000 0.466667 0.035000 0.235556
0 -1  0.567500 0.472222 0.035000 0.237778
0 -1  0.538750 0.474444 0.037500 0.273333
0 -1  0.506250 0.513333 0.042500 0.297778
