0 10143 0.637500 0.387778 0.032500 0.157778
0 10144 0.535625 0.357778 0.033750 0.164444
0 -1  0.078125 0.213333 0.026250 0.133333
0 -1  0.106250 0.213333 0.025000 0.137778
0 -1  0.123750 0.215556 0.020000 0.133333
0 -1  0.390000 0.332222 0.022500 0.113333
0 -1  0.366250 0.314444 0.020000 0.117778
0 -1  0.426875 0.354444 0.021250 0.126667
0 -1  0.456875 0.347778 0.021250 0.126667
0 -1  0.496875 0.363333 0.018750 0.113333
0 -1  0.476875 0.356667 0.021250 0.113333
0 -1  0.045000 0.212222 0.032500 0.166667
0 -1  0.021875 0.214444 0.031250 0.171111
