0 10152 0.525000 0.590000 0.057500 0.273333
0 -1  0.890000 0.694444 0.110000 0.562222
0 -1  0.752500 0.680000 0.090000 0.533333
0 -1  0.648125 0.547778 0.041250 0.188889
0 -1  0.603125 0.570000 0.043750 0.260000
0 -1  0.453125 0.571111 0.048750 0.262222
0 -1  0.255625 0.688889 0.073750 0.502222
0 -1  0.086250 0.717778 0.092500 0.537778
0 -1  0.176250 0.725556 0.082500 0.491111
0 -1  0.373750 0.541111 0.040000 0.211111
0 -1  0.324375 0.556667 0.041250 0.233333
0 -1  0.716250 0.554444 0.032500 0.175556
