0 10143 0.660000 0.390000 0.035000 0.166667
0 -1  0.068125 0.226667 0.028750 0.173333
0 -1  0.098750 0.224444 0.025000 0.168889
0 -1  0.134375 0.221111 0.021250 0.162222
0 -1  0.171875 0.220000 0.026250 0.173333
0 -1  0.385625 0.312222 0.023750 0.131111
0 -1  0.420625 0.316667 0.021250 0.117778
0 -1  0.453750 0.336667 0.022500 0.131111
0 -1  0.476250 0.334444 0.027500 0.122222
0 -1  0.486875 0.354444 0.018750 0.113333
0 -1  0.518750 0.358889 0.017500 0.117778
0 -1  0.531875 0.345556 0.021250 0.086667
