0 781 0.437500 0.215625 0.121667 0.251250
0 782 0.918333 0.233750 0.153333 0.387500
0 -1  0.258333 0.097500 0.030000 0.072500
0 -1  0.160000 0.126875 0.026667 0.063750
0 -1  0.135000 0.136250 0.023333 0.062500
0 -1  0.200000 0.136250 0.023333 0.072500
0 -1  0.173333 0.150625 0.023333 0.071250
0 -1  0.114167 0.161875 0.028333 0.076250
0 -1  0.020000 0.166250 0.033333 0.082500
0 -1  0.386667 0.163125 0.030000 0.073750
0 -1  0.219167 0.166875 0.028333 0.081250
0 -1  0.244167 0.166250 0.031667 0.085000
0 -1  0.282500 0.164375 0.031667 0.083750
0 -1  0.326667 0.166250 0.026667 0.077500
0 -1  0.342500 0.163125 0.031667 0.076250
0 -1  0.829167 0.150000 0.021667 0.060000
0 -1  0.801667 0.145625 0.020000 0.061250
0 -1  0.775000 0.151250 0.020000 0.060000
0 -1  0.685833 0.150000 0.025000 0.067500
0 -1  0.652500 0.151875 0.021667 0.061250
0 -1  0.626667 0.156250 0.026667 0.060000
0 -1  0.496667 0.158125 0.023333 0.063750
0 -1  0.577500 0.156875 0.025000 0.061250
0 -1  0.560000 0.156875 0.030000 0.066250
0 -1  0.547500 0.154375 0.025000 0.063750
