0 780 0.511667 0.330625 0.263333 0.526250
0 -1  0.798333 0.105625 0.033333 0.078750
0 -1  0.730000 0.119375 0.026667 0.061250
0 -1  0.697500 0.135625 0.021667 0.056250
0 -1  0.670000 0.141250 0.023333 0.062500
0 -1  0.651667 0.154375 0.026667 0.061250
0 -1  0.575000 0.166250 0.023333 0.062500
0 -1  0.391667 0.165000 0.030000 0.072500
0 -1  0.319167 0.165625 0.031667 0.078750
0 -1  0.278333 0.163125 0.030000 0.076250
0 -1  0.115833 0.156250 0.031667 0.075000
0 -1  0.054167 0.154375 0.038333 0.076250
0 -1  0.187500 0.238750 0.135000 0.287500
0 -1  0.210000 0.257500 0.133333 0.345000
0 -1  0.915000 0.176250 0.033333 0.077500
0 -1  0.868333 0.171250 0.036667 0.077500
0 -1  0.842500 0.170000 0.028333 0.072500
0 -1  0.829167 0.176250 0.028333 0.075000
0 -1  0.762500 0.176875 0.035000 0.073750
0 -1  0.680000 0.174375 0.026667 0.078750
