0 10353 0.037500 0.494292 0.072500 0.614155
0 10353 0.239375 0.557078 0.096250 0.607306
0 10354 0.389375 0.568493 0.091250 0.602740
0 -1  0.663750 0.342466 0.032500 0.191781
0 -1  0.343125 0.365297 0.051250 0.251142
0 -1  0.278125 0.367580 0.048750 0.246575
0 -1  0.181250 0.357306 0.040000 0.253425
0 -1  0.110000 0.611872 0.107500 0.753425
0 -1  0.634375 0.517123 0.093750 0.522831
0 -1  0.801250 0.399543 0.045000 0.242009
0 -1  0.967500 0.515982 0.047500 0.465753
0 -1  0.551250 0.646119 0.240000 0.657534
