0 10996 0.480625 0.652125 0.051250 0.270694
0 -1  0.625625 0.388143 0.026250 0.140940
0 -1  0.606250 0.398210 0.025000 0.129754
0 -1  0.581250 0.395973 0.027500 0.143177
0 -1  0.563750 0.394855 0.027500 0.140940
0 -1  0.540000 0.400447 0.027500 0.134228
0 -1  0.443750 0.401566 0.022500 0.136465
0 -1  0.423750 0.398210 0.025000 0.143177
0 -1  0.405000 0.393736 0.025000 0.143177
0 -1  0.385000 0.400447 0.027500 0.138702
0 -1  0.365000 0.399329 0.027500 0.136465
0 -1  0.521250 0.618568 0.042500 0.225951
