0 10712 0.448750 0.686667 0.050000 0.240000
0 10713 0.105625 0.706667 0.056250 0.320000
0 10714 0.679375 0.687778 0.048750 0.237778
0 -1  0.984375 0.670000 0.026250 0.122222
0 -1  0.921875 0.670000 0.026250 0.113333
0 -1  0.848750 0.668889 0.027500 0.146667
0 -1  0.825625 0.645556 0.018750 0.086667
0 -1  0.643125 0.683333 0.041250 0.211111
0 -1  0.615000 0.652222 0.027500 0.108889
0 -1  0.561250 0.654444 0.025000 0.122222
0 -1  0.495625 0.657778 0.026250 0.124444
0 -1  0.395625 0.655556 0.026250 0.120000
0 -1  0.372500 0.655556 0.027500 0.120000
0 -1  0.323125 0.673333 0.036250 0.173333
