0 784 0.412500 0.278750 0.221667 0.445000
0 784 0.412500 0.278750 0.221667 0.445000
0 -1  0.965000 0.148125 0.040000 0.081250
0 -1  0.849167 0.144375 0.045000 0.091250
0 -1  0.813333 0.150000 0.036667 0.092500
0 -1  0.698333 0.145625 0.036667 0.106250
0 -1  0.736667 0.148750 0.030000 0.095000
0 -1  0.760833 0.146250 0.031667 0.087500
0 -1  0.506667 0.148125 0.033333 0.086250
0 -1  0.169167 0.143125 0.041667 0.088750
0 -1  0.062500 0.145625 0.038333 0.096250
0 -1  0.078333 0.270000 0.153333 0.312500
0 -1  0.592500 0.291250 0.238333 0.572500
