0 790 0.439167 0.342500 0.095000 0.200000
0 -1  0.268333 0.294375 0.036667 0.096250
0 -1  0.403333 0.333750 0.056667 0.157500
0 -1  0.589167 0.323750 0.048333 0.115000
0 -1  0.686667 0.346250 0.063333 0.172500
0 -1  0.705000 0.408125 0.113333 0.268750
0 -1  0.800833 0.422500 0.065000 0.147500
0 -1  0.865833 0.340000 0.065000 0.160000
0 -1  0.829167 0.375625 0.038333 0.083750
0 -1  0.945833 0.391875 0.088333 0.218750
0 -1  0.543333 0.393125 0.086667 0.246250
0 -1  0.210833 0.378125 0.085000 0.253750
0 -1  0.327500 0.406250 0.111667 0.330000
