0 69 0.540000 0.637500 0.156667 0.250000
0 70 0.382500 0.553125 0.125000 0.251250
0 -1  0.971667 0.102500 0.046667 0.172500
0 -1  0.889167 0.108125 0.058333 0.168750
0 -1  0.823333 0.107500 0.070000 0.165000
0 -1  0.724167 0.121250 0.051667 0.165000
0 -1  0.509167 0.100625 0.058333 0.148750
0 -1  0.436667 0.167500 0.063333 0.157500
0 -1  0.412500 0.147500 0.071667 0.172500
0 -1  0.186667 0.141875 0.066667 0.171250
0 -1  0.114167 0.164375 0.065000 0.163750
0 -1  0.037500 0.478750 0.071667 0.252500
0 -1  0.696667 0.503750 0.096667 0.202500
0 -1  0.667500 0.458125 0.105000 0.203750
0 -1  0.734167 0.401250 0.075000 0.202500
