0 10761 0.574375 0.587778 0.113750 0.544444
0 -1  0.264375 0.286667 0.048750 0.377778
0 -1  0.310625 0.265556 0.046250 0.344444
0 -1  0.401875 0.274444 0.058750 0.366667
0 -1  0.428125 0.533333 0.076250 0.417778
0 -1  0.298750 0.682222 0.092500 0.568889
0 -1  0.353125 0.628889 0.086250 0.520000
0 -1  0.715000 0.633333 0.087500 0.506667
0 -1  0.771250 0.380000 0.057500 0.448889
0 -1  0.827500 0.552222 0.075000 0.517778
0 -1  0.885625 0.640000 0.073750 0.537778
0 -1  0.940000 0.333333 0.070000 0.417778
0 -1  0.968125 0.391111 0.053750 0.395556
