0 10857 0.526875 0.548889 0.053750 0.288889
0 10858 0.625625 0.525556 0.056250 0.268889
0 10859 0.769375 0.566667 0.071250 0.288889
0 10860 0.391250 0.548889 0.060000 0.328889
0 -1  0.151875 0.284444 0.071250 0.231111
0 -1  0.379375 0.241111 0.041250 0.255556
0 -1  0.625000 0.273333 0.052500 0.266667
0 -1  0.788750 0.804444 0.067500 0.355556
0 -1  0.885625 0.774444 0.071250 0.353333
0 -1  0.366250 0.603333 0.062500 0.326667
0 -1  0.802500 0.533333 0.055000 0.302222
0 -1  0.438750 0.786667 0.062500 0.368889
