0 10857 0.477500 0.555556 0.060000 0.284444
0 10858 0.587500 0.605556 0.062500 0.295556
0 10859 0.791875 0.571111 0.081250 0.302222
0 -1  0.215000 0.260000 0.062500 0.257778
0 -1  0.279375 0.284444 0.053750 0.271111
0 -1  0.371875 0.248889 0.051250 0.253333
0 -1  0.527500 0.190000 0.055000 0.233333
0 -1  0.701250 0.506667 0.062500 0.315556
0 -1  0.940625 0.817778 0.081250 0.328889
0 -1  0.849375 0.824444 0.078750 0.320000
0 -1  0.112500 0.633333 0.102500 0.346667
0 -1  0.202500 0.806667 0.067500 0.364444
0 -1  0.304375 0.520000 0.063750 0.284444
