0 11602 0.077500 0.594444 0.077500 0.473333
0 11605 0.425000 0.614444 0.052500 0.322222
0 11607 0.263125 0.640000 0.041250 0.280000
0 11608 0.172500 0.640000 0.045000 0.306667
0 11609 0.369375 0.602222 0.058750 0.368889
0 11610 0.880625 0.563333 0.103750 0.588889
0 11611 0.716250 0.612222 0.055000 0.313333
0 11614 0.490625 0.636667 0.053750 0.295556
0 11615 0.565000 0.604444 0.060000 0.333333
0 11616 0.136250 0.628889 0.045000 0.342222
0 -1  0.756875 0.636667 0.061250 0.304444
0 -1  0.800000 0.564444 0.097500 0.564444
0 -1  0.213125 0.647778 0.048750 0.295556
