0 11557 0.448125 0.508889 0.103750 0.768889
0 11558 0.535000 0.507778 0.052500 0.393333
0 11559 0.250625 0.542222 0.158750 0.773333
0 11560 0.740000 0.525556 0.067500 0.388889
0 11561 0.651250 0.561111 0.150000 0.806667
0 11562 0.830625 0.500000 0.063750 0.431111
0 11563 0.929375 0.531111 0.063750 0.408889
0 -1  0.885625 0.507778 0.058750 0.411111
0 -1  0.590625 0.522222 0.066250 0.413333
0 -1  0.139375 0.544444 0.071250 0.622222
0 -1  0.031250 0.538889 0.060000 0.637778
0 -1  0.088750 0.534444 0.067500 0.620000
