0 11548 0.428125 0.743333 0.058750 0.291111
0 11549 0.558750 0.745556 0.047500 0.277778
0 11550 0.953750 0.714444 0.037500 0.268889
0 11551 0.906875 0.704444 0.038750 0.244444
0 11552 0.774375 0.696667 0.041250 0.215556
0 11553 0.724375 0.692222 0.036250 0.233333
0 11554 0.853750 0.696667 0.035000 0.224444
0 -1  0.586250 0.742222 0.060000 0.284444
0 -1  0.931875 0.711111 0.031250 0.226667
0 -1  0.833750 0.715556 0.042500 0.231111
0 -1  0.811875 0.704444 0.043750 0.213333
0 -1  0.593125 0.715556 0.043750 0.275556
