0 11629 0.228125 0.548889 0.078750 0.422222
0 11634 0.157500 0.601111 0.052500 0.255556
0 11635 0.343125 0.584444 0.053750 0.346667
0 11636 0.387500 0.650000 0.025000 0.153333
0 11637 0.405000 0.646667 0.020000 0.160000
0 11638 0.513750 0.653333 0.025000 0.137778
0 11639 0.541250 0.663333 0.020000 0.126667
0 11640 0.701875 0.651111 0.028750 0.164444
0 11641 0.732500 0.645556 0.032500 0.166667
0 11642 0.883750 0.615556 0.047500 0.222222
0 11643 0.943750 0.605556 0.052500 0.273333
0 -1  0.030000 0.494444 0.057500 0.540000
0 -1  0.182500 0.620000 0.037500 0.231111
0 -1  0.759375 0.644444 0.026250 0.168889
