0 10982 0.446875 0.567478 0.113750 0.537611
0 -1  0.847500 0.137168 0.042500 0.265487
0 -1  0.972500 0.240044 0.045000 0.289823
0 -1  0.588750 0.152655 0.050000 0.292035
0 -1  0.531875 0.150442 0.043750 0.283186
0 -1  0.495000 0.308628 0.047500 0.378319
0 -1  0.560000 0.320796 0.055000 0.384956
0 -1  0.638125 0.328540 0.053750 0.404867
0 -1  0.692500 0.363938 0.052500 0.382743
0 -1  0.757500 0.386062 0.070000 0.404867
0 -1  0.124375 0.498894 0.081250 0.466814
0 -1  0.185000 0.517699 0.077500 0.464602
0 -1  0.243125 0.668142 0.118750 0.623894
0 -1  0.092500 0.762168 0.152500 0.457965
0 -1  0.555000 0.579646 0.072500 0.522124
0 -1  0.656250 0.667035 0.110000 0.617257
0 -1  0.793750 0.702434 0.125000 0.568584
