0 11809 0.571250 0.571111 0.085000 0.404444
0 11810 0.662500 0.711111 0.097500 0.560000
0 11813 0.906875 0.537778 0.056250 0.395556
0 -1  0.546250 0.495556 0.057500 0.297778
0 -1  0.745000 0.713333 0.117500 0.515556
0 -1  0.887500 0.530000 0.047500 0.371111
0 -1  0.431250 0.380000 0.040000 0.195556
0 -1  0.086875 0.430000 0.033750 0.251111
0 -1  0.120000 0.431111 0.037500 0.253333
0 -1  0.811875 0.427778 0.053750 0.264444
0 -1  0.425625 0.622222 0.093750 0.453333
0 -1  0.370000 0.701111 0.142500 0.571111
0 -1  0.160625 0.734444 0.113750 0.495556
0 -1  0.241250 0.777778 0.100000 0.404444
0 -1  0.252500 0.686667 0.087500 0.573333
