0 11809 0.652500 0.562222 0.060000 0.422222
0 11810 0.697500 0.684444 0.090000 0.564444
0 11813 0.912500 0.548889 0.057500 0.408889
0 -1  0.148750 0.741111 0.100000 0.500000
0 -1  0.242500 0.787778 0.097500 0.406667
0 -1  0.269375 0.720000 0.138750 0.524444
0 -1  0.336875 0.605556 0.071250 0.393333
0 -1  0.399375 0.606667 0.071250 0.453333
0 -1  0.446875 0.541111 0.053750 0.406667
0 -1  0.488750 0.544444 0.055000 0.400000
0 -1  0.890625 0.534444 0.041250 0.397778
0 -1  0.811250 0.430000 0.047500 0.277778
0 -1  0.769375 0.661111 0.076250 0.446667
0 -1  0.605000 0.356667 0.032500 0.184444
0 -1  0.086875 0.426667 0.038750 0.240000
0 -1  0.120625 0.430000 0.038750 0.251111
0 -1  0.556250 0.437778 0.047500 0.231111
