0 11809 0.531875 0.552222 0.081250 0.388889
0 11810 0.650000 0.706667 0.110000 0.542222
0 11813 0.908125 0.546667 0.066250 0.400000
0 -1  0.755625 0.738889 0.128750 0.504444
0 -1  0.507500 0.465556 0.052500 0.291111
0 -1  0.427500 0.436667 0.047500 0.246667
0 -1  0.401250 0.426667 0.040000 0.222222
0 -1  0.368125 0.697778 0.133750 0.555556
0 -1  0.413750 0.608889 0.082500 0.431111
0 -1  0.085625 0.434444 0.038750 0.251111
0 -1  0.115625 0.434444 0.033750 0.260000
0 -1  0.136875 0.462222 0.051250 0.271111
0 -1  0.240000 0.684444 0.105000 0.564444
0 -1  0.150000 0.736667 0.105000 0.495556
0 -1  0.250000 0.780000 0.097500 0.408889
0 -1  0.885625 0.524444 0.063750 0.364444
0 -1  0.742500 0.407778 0.050000 0.260000
0 -1  0.811875 0.420000 0.043750 0.257778
