0 11755 0.311875 0.554444 0.136250 0.771111
0 11756 0.446250 0.584444 0.127500 0.720000
0 -1  0.021875 0.653333 0.038750 0.306667
0 -1  0.072500 0.648889 0.050000 0.333333
0 -1  0.107500 0.684444 0.037500 0.222222
0 -1  0.134375 0.643333 0.036250 0.353333
0 -1  0.216250 0.664444 0.045000 0.346667
0 -1  0.518750 0.654444 0.050000 0.331111
0 -1  0.597500 0.672222 0.057500 0.415556
0 -1  0.650625 0.614444 0.071250 0.522222
0 -1  0.736875 0.490000 0.141250 0.966667
0 -1  0.808750 0.668889 0.037500 0.208889
0 -1  0.851250 0.678889 0.040000 0.193333
0 -1  0.900625 0.702222 0.046250 0.320000
0 -1  0.935625 0.500000 0.113750 0.982222
