0 10543 0.146250 0.542222 0.080000 0.395556
0 10544 0.328125 0.455556 0.068750 0.346667
0 10545 0.255625 0.431111 0.058750 0.306667
0 10546 0.200625 0.433333 0.056250 0.302222
0 10547 0.666250 0.520000 0.082500 0.400000
0 10548 0.751250 0.572222 0.092500 0.446667
0 -1  0.931250 0.254444 0.025000 0.117778
0 -1  0.902500 0.266667 0.032500 0.142222
0 -1  0.805625 0.178889 0.028750 0.091111
0 -1  0.777500 0.245556 0.025000 0.117778
0 -1  0.611250 0.168889 0.020000 0.084444
0 -1  0.620625 0.190000 0.021250 0.095556
0 -1  0.539375 0.173333 0.026250 0.097778
0 -1  0.505625 0.167778 0.023750 0.086667
0 -1  0.488750 0.167778 0.020000 0.082222
0 -1  0.478750 0.246667 0.030000 0.102222
0 -1  0.164375 0.212222 0.028750 0.113333
0 -1  0.198125 0.236667 0.023750 0.126667
0 -1  0.221875 0.238889 0.023750 0.122222
0 -1  0.290000 0.221111 0.020000 0.104444
0 -1  0.266250 0.261111 0.025000 0.117778
0 -1  0.311875 0.261111 0.018750 0.117778
0 -1  0.333750 0.250000 0.027500 0.131111
0 -1  0.171250 0.318889 0.035000 0.193333
0 -1  0.570000 0.491111 0.072500 0.440000
0 -1  0.838750 0.750000 0.097500 0.446667
0 -1  0.720000 0.774444 0.122500 0.420000
0 -1  0.466250 0.737778 0.120000 0.480000
0 -1  0.608750 0.798889 0.092500 0.357778
