0 10563 0.128750 0.550000 0.132500 0.633333
0 10564 0.565625 0.527778 0.093750 0.646667
0 10565 0.328750 0.523333 0.100000 0.544444
0 -1  0.068125 0.444444 0.058750 0.315556
0 -1  0.233125 0.436667 0.026250 0.171111
0 -1  0.258125 0.444444 0.031250 0.168889
0 -1  0.390625 0.496667 0.076250 0.437778
0 -1  0.518125 0.450000 0.038750 0.188889
0 -1  0.699375 0.464444 0.036250 0.160000
0 -1  0.976250 0.517778 0.035000 0.235556
0 -1  0.727500 0.456667 0.020000 0.095556
0 -1  0.748750 0.447778 0.025000 0.104444
