0 852 0.677500 0.386250 0.125000 0.227500
0 853 0.796667 0.396250 0.110000 0.262500
0 -1  0.901667 0.611250 0.153333 0.300000
0 -1  0.595833 0.386250 0.081667 0.182500
0 -1  0.293333 0.326250 0.033333 0.077500
0 -1  0.260000 0.321875 0.036667 0.108750
0 -1  0.232500 0.323750 0.038333 0.095000
0 -1  0.188333 0.320625 0.040000 0.106250
0 -1  0.150000 0.320625 0.036667 0.101250
0 -1  0.080000 0.328125 0.040000 0.086250
0 -1  0.115000 0.336250 0.090000 0.182500
0 -1  0.375833 0.367500 0.075000 0.180000
0 -1  0.329167 0.375625 0.071667 0.178750
