0 75 0.349167 0.386250 0.085000 0.172500
0 76 0.633333 0.630625 0.113333 0.228750
0 77 0.556667 0.516875 0.096667 0.213750
0 78 0.571667 0.416875 0.083333 0.166250
0 79 0.277500 0.481875 0.088333 0.178750
0 -1  0.985000 0.199375 0.030000 0.091250
0 -1  0.112500 0.331875 0.055000 0.131250
0 -1  0.765833 0.231250 0.041667 0.117500
0 -1  0.797500 0.221875 0.041667 0.118750
0 -1  0.242500 0.471875 0.061667 0.158750
0 -1  0.301667 0.424375 0.063333 0.156250
0 -1  0.069167 0.718750 0.075000 0.245000
0 -1  0.350833 0.661250 0.085000 0.220000
0 -1  0.462500 0.681875 0.088333 0.228750
0 -1  0.718333 0.431875 0.056667 0.156250
0 -1  0.800833 0.414375 0.055000 0.151250
0 -1  0.840833 0.463125 0.058333 0.151250
0 -1  0.799167 0.492500 0.078333 0.210000
0 -1  0.865833 0.553125 0.075000 0.181250
