0 9387 0.631250 0.384444 0.032500 0.191111
0 9388 0.556875 0.372222 0.028750 0.153333
0 9389 0.571875 0.385556 0.043750 0.202222
0 9390 0.431250 0.385556 0.050000 0.255556
0 9391 0.456250 0.385556 0.060000 0.313333
0 9392 0.275000 0.423333 0.062500 0.317778
0 9462 0.048125 0.390000 0.038750 0.282222
0 -1  0.160000 0.462222 0.065000 0.235556
0 -1  0.607500 0.383333 0.040000 0.193333
0 -1  0.698125 0.381111 0.038750 0.184444
0 -1  0.755625 0.448889 0.053750 0.257778
0 -1  0.785000 0.410000 0.032500 0.157778
