0 9403 0.532500 0.474444 0.047500 0.335556
0 9404 0.575000 0.474444 0.050000 0.308889
0 9405 0.701250 0.416667 0.052500 0.251111
0 -1  0.803750 0.462222 0.065000 0.306667
0 -1  0.754375 0.454444 0.051250 0.277778
0 -1  0.501250 0.421111 0.062500 0.295556
0 -1  0.342500 0.336667 0.027500 0.131111
0 -1  0.315625 0.348889 0.028750 0.164444
0 -1  0.301250 0.340000 0.027500 0.133333
0 -1  0.038750 0.485556 0.067500 0.331111
0 -1  0.106875 0.333333 0.031250 0.151111
0 -1  0.082500 0.341111 0.032500 0.157778
