0 9356 0.570000 0.118889 0.020000 0.082222
0 9357 0.533750 0.113333 0.017500 0.084444
0 9358 0.513750 0.118889 0.020000 0.100000
0 9359 0.442500 0.138889 0.027500 0.131111
0 9360 0.403750 0.161111 0.025000 0.131111
0 9361 0.085625 0.341111 0.068750 0.277778
0 9364 0.837500 0.312222 0.112500 0.620000
0 9366 0.960000 0.198889 0.032500 0.162222
0 9368 0.294375 0.205556 0.033750 0.180000
0 9369 0.175000 0.334444 0.075000 0.335556
0 -1  0.900000 0.217778 0.067500 0.320000
0 -1  0.461875 0.121111 0.026250 0.126667
0 -1  0.376875 0.162222 0.033750 0.160000
0 -1  0.352500 0.172222 0.032500 0.157778
0 -1  0.336250 0.180000 0.035000 0.168889
0 -1  0.256250 0.240000 0.047500 0.226667
0 -1  0.225000 0.288889 0.062500 0.297778
0 -1  0.210000 0.314444 0.060000 0.286667
0 -1  0.158750 0.321111 0.062500 0.300000
0 -1  0.115000 0.304444 0.067500 0.320000
