0 9412 0.310625 0.487778 0.123750 0.695556
0 -1  0.828750 0.485556 0.047500 0.224444
0 -1  0.806250 0.472222 0.035000 0.171111
0 -1  0.768125 0.452222 0.038750 0.184444
0 -1  0.750625 0.426667 0.038750 0.186667
0 -1  0.713750 0.403333 0.032500 0.153333
0 -1  0.687500 0.404444 0.040000 0.191111
0 -1  0.653125 0.396667 0.036250 0.175556
0 -1  0.613125 0.366667 0.028750 0.137778
0 -1  0.640000 0.373333 0.030000 0.146667
0 -1  0.368125 0.382222 0.071250 0.342222
0 -1  0.207500 0.300000 0.030000 0.142222
0 -1  0.167500 0.285556 0.037500 0.180000
