0 867 0.821667 0.615625 0.210000 0.298750
0 868 0.630833 0.500625 0.221667 0.486250
0 869 0.358333 0.522500 0.200000 0.482500
0 -1  0.979167 0.396250 0.041667 0.157500
0 -1  0.174167 0.373125 0.058333 0.118750
0 -1  0.093333 0.393125 0.076667 0.151250
0 -1  0.269167 0.397500 0.065000 0.145000
0 -1  0.553333 0.403750 0.080000 0.232500
0 -1  0.905000 0.391250 0.063333 0.145000
0 -1  0.923333 0.361875 0.050000 0.126250
0 -1  0.805833 0.480000 0.125000 0.322500
0 -1  0.210000 0.524375 0.126667 0.343750
