0 9461 0.515000 0.420000 0.060000 0.315556
0 -1  0.015000 0.274444 0.017500 0.171111
0 -1  0.043125 0.276667 0.038750 0.188889
0 -1  0.058125 0.272222 0.036250 0.175556
0 -1  0.070000 0.298889 0.042500 0.202222
0 -1  0.099375 0.290000 0.036250 0.175556
0 -1  0.108125 0.276667 0.038750 0.188889
0 -1  0.510000 0.275556 0.022500 0.106667
0 -1  0.600625 0.306667 0.021250 0.102222
0 -1  0.614375 0.312222 0.021250 0.100000
0 -1  0.628125 0.317778 0.023750 0.111111
0 -1  0.640000 0.334444 0.027500 0.131111
0 -1  0.652500 0.348889 0.030000 0.142222
0 -1  0.687500 0.356667 0.030000 0.144444
0 -1  0.700625 0.372222 0.036250 0.175556
0 -1  0.719375 0.364444 0.031250 0.151111
0 -1  0.725000 0.360000 0.030000 0.142222
0 -1  0.746875 0.362222 0.026250 0.124444
0 -1  0.770000 0.383333 0.025000 0.117778
0 -1  0.803125 0.411111 0.036250 0.173333
0 -1  0.828750 0.425556 0.042500 0.157778
