0 9460 0.709375 0.393333 0.031250 0.182222
0 9461 0.388125 0.405556 0.063750 0.362222
0 -1  0.494375 0.292222 0.023750 0.113333
0 -1  0.580000 0.401111 0.042500 0.202222
0 -1  0.168125 0.268889 0.026250 0.124444
0 -1  0.148125 0.300000 0.033750 0.160000
0 -1  0.128125 0.298889 0.033750 0.162222
0 -1  0.111250 0.282222 0.037500 0.177778
0 -1  0.088750 0.276667 0.035000 0.166667
0 -1  0.058125 0.275556 0.033750 0.160000
0 -1  0.032500 0.283333 0.032500 0.157778
0 -1  0.015000 0.268889 0.022500 0.191111
0 -1  0.641875 0.332222 0.023750 0.113333
0 -1  0.661875 0.334444 0.021250 0.104444
0 -1  0.672500 0.355556 0.027500 0.128889
0 -1  0.688125 0.361111 0.028750 0.135556
0 -1  0.725625 0.361111 0.031250 0.148889
0 -1  0.762500 0.376667 0.032500 0.153333
0 -1  0.792500 0.418889 0.025000 0.122222
0 -1  0.814375 0.388889 0.031250 0.151111
0 -1  0.829375 0.410000 0.028750 0.140000
