0 9417 0.563750 0.477778 0.045000 0.177778
0 9418 0.680000 0.590000 0.072500 0.362222
0 -1  0.835625 0.508889 0.063750 0.302222
0 -1  0.789375 0.494444 0.053750 0.255556
0 -1  0.575000 0.435556 0.027500 0.133333
0 -1  0.548125 0.422222 0.023750 0.111111
0 -1  0.523125 0.408889 0.016250 0.080000
0 -1  0.371250 0.446667 0.030000 0.146667
0 -1  0.356250 0.451111 0.040000 0.191111
0 -1  0.327500 0.455556 0.042500 0.204444
0 -1  0.309375 0.446667 0.033750 0.164444
0 -1  0.288125 0.451111 0.036250 0.173333
0 -1  0.190625 0.438889 0.031250 0.148889
