0 9357 0.546875 0.106667 0.018750 0.080000
0 9358 0.528125 0.106667 0.018750 0.088889
0 9359 0.466250 0.117778 0.025000 0.120000
0 9360 0.437500 0.136667 0.025000 0.126667
0 9361 0.153125 0.284444 0.061250 0.253333
0 9362 0.210625 0.264444 0.056250 0.262222
0 9363 0.088750 0.300000 0.060000 0.262222
0 9364 0.596250 0.296667 0.110000 0.580000
0 9365 0.811250 0.215556 0.075000 0.333333
0 9366 0.916250 0.196667 0.035000 0.180000
0 9367 0.959375 0.205556 0.038750 0.202222
0 9368 0.335625 0.178889 0.038750 0.157778
0 9369 0.286250 0.255556 0.065000 0.302222
0 9370 0.757500 0.203333 0.042500 0.277778
0 -1  0.564375 0.091111 0.018750 0.093333
0 -1  0.502500 0.117778 0.022500 0.106667
0 -1  0.480000 0.112222 0.022500 0.108889
0 -1  0.402500 0.137778 0.030000 0.142222
0 -1  0.370625 0.158889 0.036250 0.175556
0 -1  0.258750 0.244444 0.055000 0.262222
0 -1  0.182500 0.238889 0.045000 0.215556
0 -1  0.129375 0.275556 0.053750 0.257778
