0 9418 0.513750 0.510000 0.052500 0.282222
0 -1  0.764375 0.470000 0.048750 0.233333
0 -1  0.731875 0.515556 0.071250 0.337778
0 -1  0.686875 0.438889 0.026250 0.126667
0 -1  0.665000 0.444444 0.030000 0.146667
0 -1  0.652500 0.443333 0.035000 0.171111
0 -1  0.561875 0.448889 0.033750 0.160000
0 -1  0.583125 0.402222 0.018750 0.093333
0 -1  0.412500 0.420000 0.027500 0.128889
0 -1  0.395000 0.425556 0.032500 0.157778
0 -1  0.368125 0.422222 0.036250 0.173333
0 -1  0.348750 0.408889 0.027500 0.128889
0 -1  0.330625 0.407778 0.028750 0.135556
0 -1  0.229375 0.412222 0.028750 0.135556
