0 9422 0.370000 0.288889 0.032500 0.177778
0 9463 0.480625 0.283333 0.041250 0.220000
0 -1  0.833125 0.332222 0.021250 0.104444
0 -1  0.775625 0.311111 0.023750 0.111111
0 -1  0.736250 0.291111 0.020000 0.097778
0 -1  0.532500 0.294444 0.037500 0.180000
0 -1  0.429375 0.230000 0.016250 0.077778
0 -1  0.416250 0.228889 0.015000 0.075556
0 -1  0.298750 0.237778 0.020000 0.097778
0 -1  0.284375 0.238889 0.021250 0.104444
0 -1  0.259375 0.238889 0.021250 0.100000
0 -1  0.246250 0.235556 0.022500 0.106667
0 -1  0.195000 0.257778 0.022500 0.106667
0 -1  0.150000 0.258889 0.025000 0.117778
0 -1  0.130000 0.255556 0.025000 0.120000
0 -1  0.106250 0.265556 0.027500 0.131111
