0 9444 0.400000 0.250000 0.037500 0.162222
0 9445 0.663125 0.311111 0.051250 0.222222
0 -1  0.713750 0.265556 0.025000 0.117778
0 -1  0.733125 0.272222 0.026250 0.126667
0 -1  0.631250 0.237778 0.015000 0.071111
0 -1  0.278750 0.216667 0.020000 0.095556
0 -1  0.258125 0.218889 0.018750 0.091111
0 -1  0.231250 0.218889 0.017500 0.086667
0 -1  0.164375 0.270000 0.033750 0.162222
0 -1  0.130625 0.284444 0.038750 0.186667
0 -1  0.099375 0.302222 0.041250 0.195556
0 -1  0.072500 0.316667 0.047500 0.224444
0 -1  0.042500 0.334444 0.047500 0.224444
0 -1  0.025000 0.296667 0.040000 0.193333
0 -1  0.746250 0.317778 0.032500 0.155556
0 -1  0.763750 0.332222 0.037500 0.180000
0 -1  0.783125 0.310000 0.038750 0.188889
0 -1  0.803125 0.307778 0.036250 0.175556
0 -1  0.812500 0.347778 0.035000 0.166667
0 -1  0.835625 0.345556 0.043750 0.211111
0 -1  0.863125 0.364444 0.046250 0.222222
0 -1  0.884375 0.360000 0.041250 0.195556
0 -1  0.908125 0.393333 0.046250 0.217778
0 -1  0.961875 0.415556 0.058750 0.280000
0 -1  0.506875 0.213333 0.011250 0.053333
0 -1  0.513750 0.218889 0.015000 0.073333
0 -1  0.563125 0.220000 0.013750 0.066667
0 -1  0.569375 0.215556 0.013750 0.066667
0 -1  0.595625 0.230000 0.013750 0.068889
0 -1  0.605625 0.230000 0.013750 0.068889
