0 9460 0.090625 0.381111 0.066250 0.402222
0 -1  0.024375 0.277778 0.041250 0.231111
0 -1  0.058125 0.277778 0.043750 0.208889
0 -1  0.117500 0.261111 0.032500 0.157778
0 -1  0.135625 0.250000 0.028750 0.135556
0 -1  0.149375 0.253333 0.026250 0.124444
0 -1  0.163125 0.248889 0.023750 0.146667
0 -1  0.175000 0.262222 0.025000 0.120000
0 -1  0.191250 0.264444 0.027500 0.128889
0 -1  0.201875 0.244444 0.023750 0.115556
0 -1  0.314375 0.245556 0.023750 0.113333
0 -1  0.386875 0.240000 0.011250 0.053333
0 -1  0.537500 0.320000 0.027500 0.133333
0 -1  0.571250 0.335556 0.032500 0.155556
0 -1  0.656875 0.336667 0.026250 0.126667
0 -1  0.661875 0.348889 0.031250 0.133333
0 -1  0.688750 0.374444 0.032500 0.157778
0 -1  0.708750 0.373333 0.032500 0.155556
0 -1  0.747500 0.390000 0.030000 0.144444
0 -1  0.732500 0.367778 0.027500 0.131111
0 -1  0.752500 0.384444 0.032500 0.155556
0 -1  0.779375 0.400000 0.031250 0.151111
0 -1  0.800625 0.410000 0.036250 0.175556
0 -1  0.830000 0.398889 0.025000 0.117778
0 -1  0.811250 0.396667 0.030000 0.144444
