0 9450 0.387500 0.278889 0.037500 0.188889
0 9451 0.342500 0.275556 0.032500 0.222222
0 -1  0.728125 0.322222 0.028750 0.137778
0 -1  0.792500 0.324444 0.027500 0.133333
0 -1  0.808125 0.352222 0.028750 0.135556
0 -1  0.500625 0.247778 0.016250 0.082222
0 -1  0.483125 0.246667 0.018750 0.088889
0 -1  0.409375 0.241111 0.018750 0.091111
0 -1  0.161250 0.233333 0.012500 0.062222
0 -1  0.149375 0.250000 0.016250 0.082222
0 -1  0.136875 0.255556 0.016250 0.080000
0 -1  0.071875 0.281111 0.021250 0.100000
0 -1  0.046875 0.292222 0.018750 0.091111
