0 9460 0.688750 0.361111 0.025000 0.144444
0 9461 0.572500 0.402222 0.045000 0.280000
0 -1  0.086875 0.277778 0.031250 0.151111
0 -1  0.072500 0.296667 0.035000 0.171111
0 -1  0.051250 0.298889 0.037500 0.180000
0 -1  0.034375 0.285556 0.038750 0.188889
0 -1  0.016875 0.282222 0.023750 0.186667
0 -1  0.508125 0.284444 0.023750 0.115556
0 -1  0.615000 0.330000 0.025000 0.122222
0 -1  0.633750 0.331111 0.027500 0.128889
0 -1  0.665000 0.333333 0.022500 0.106667
0 -1  0.734375 0.383333 0.021250 0.100000
0 -1  0.754375 0.395556 0.026250 0.124444
0 -1  0.775000 0.380000 0.037500 0.177778
0 -1  0.800625 0.427778 0.038750 0.184444
0 -1  0.805000 0.433333 0.032500 0.155556
0 -1  0.828750 0.430000 0.032500 0.153333
