0 9410 0.276250 0.347778 0.037500 0.193333
0 9411 0.107500 0.352222 0.050000 0.260000
0 9412 0.422500 0.418889 0.047500 0.322222
0 9413 0.348750 0.486667 0.070000 0.533333
0 -1  0.065000 0.372222 0.057500 0.273333
0 -1  0.044375 0.360000 0.058750 0.297778
0 -1  0.020000 0.367778 0.032500 0.291111
0 -1  0.166250 0.318889 0.030000 0.144444
0 -1  0.514375 0.362222 0.023750 0.115556
0 -1  0.534375 0.377778 0.028750 0.137778
0 -1  0.556875 0.382222 0.028750 0.137778
0 -1  0.588125 0.387778 0.028750 0.140000
0 -1  0.625000 0.394444 0.027500 0.131111
0 -1  0.648125 0.412222 0.036250 0.153333
0 -1  0.673125 0.422222 0.033750 0.160000
0 -1  0.700625 0.426667 0.023750 0.142222
0 -1  0.244375 0.304444 0.026250 0.115556
