0 9460 0.612500 0.387778 0.022500 0.144444
0 9461 0.585000 0.432222 0.035000 0.188889
0 -1  0.461250 0.354444 0.025000 0.117778
0 -1  0.491250 0.354444 0.022500 0.108889
0 -1  0.494375 0.372222 0.023750 0.113333
0 -1  0.523750 0.370000 0.025000 0.117778
0 -1  0.545000 0.372222 0.030000 0.144444
0 -1  0.621875 0.397778 0.023750 0.115556
0 -1  0.650000 0.404444 0.020000 0.097778
0 -1  0.668125 0.421111 0.026250 0.126667
0 -1  0.683125 0.403333 0.036250 0.175556
0 -1  0.693750 0.395556 0.032500 0.155556
0 -1  0.713125 0.422222 0.026250 0.124444
0 -1  0.736875 0.416667 0.026250 0.126667
0 -1  0.763750 0.413333 0.030000 0.142222
0 -1  0.781875 0.424444 0.026250 0.124444
0 -1  0.806250 0.433333 0.027500 0.133333
