0 9359 0.310000 0.206667 0.032500 0.146667
0 9360 0.256250 0.240000 0.035000 0.146667
0 9364 0.876875 0.250000 0.101250 0.451111
0 9365 0.840625 0.170000 0.053750 0.255556
0 9368 0.149375 0.307778 0.038750 0.197778
0 9370 0.797500 0.171111 0.035000 0.204444
0 -1  0.988750 0.147778 0.022500 0.113333
0 -1  0.971250 0.148889 0.025000 0.120000
0 -1  0.440625 0.147778 0.023750 0.113333
0 -1  0.418125 0.147778 0.018750 0.091111
0 -1  0.398125 0.162222 0.023750 0.115556
0 -1  0.353750 0.168889 0.025000 0.120000
0 -1  0.281250 0.218889 0.035000 0.171111
0 -1  0.247500 0.233333 0.032500 0.155556
0 -1  0.239375 0.224444 0.033750 0.160000
0 -1  0.103125 0.352222 0.081250 0.260000
0 -1  0.071250 0.448889 0.127500 0.328889
0 -1  0.037500 0.414444 0.062500 0.300000
