0 9410 0.297500 0.338889 0.032500 0.224444
0 9411 0.072500 0.353333 0.052500 0.302222
0 9412 0.405000 0.438889 0.082500 0.420000
0 9413 0.196875 0.548889 0.123750 0.831111
0 -1  0.025625 0.350000 0.038750 0.295556
0 -1  0.158750 0.297778 0.037500 0.191111
0 -1  0.563750 0.366667 0.025000 0.124444
0 -1  0.580625 0.383333 0.016250 0.153333
0 -1  0.593750 0.401111 0.027500 0.162222
0 -1  0.618750 0.398889 0.032500 0.153333
0 -1  0.633750 0.395556 0.017500 0.142222
0 -1  0.660625 0.415556 0.036250 0.168889
0 -1  0.680000 0.432222 0.025000 0.157778
0 -1  0.696250 0.436667 0.020000 0.171111
0 -1  0.706875 0.444444 0.033750 0.177778
0 -1  0.755000 0.473333 0.040000 0.208889
0 -1  0.779375 0.480000 0.026250 0.200000
0 -1  0.800625 0.493333 0.026250 0.182222
