0 9356 0.591250 0.064444 0.020000 0.088889
0 9357 0.536875 0.055556 0.021250 0.084444
0 9358 0.525000 0.057778 0.022500 0.088889
0 9359 0.470625 0.062222 0.021250 0.106667
0 9360 0.446875 0.075556 0.023750 0.111111
0 9361 0.185000 0.196667 0.060000 0.224444
0 9362 0.245625 0.178889 0.048750 0.215556
0 9363 0.076250 0.257778 0.055000 0.257778
0 9364 0.346250 0.274444 0.112500 0.544444
0 9365 0.661875 0.204444 0.078750 0.404444
0 9366 0.853125 0.153333 0.041250 0.168889
0 9367 0.893125 0.152222 0.053750 0.211111
0 -1  0.589375 0.076667 0.028750 0.135556
0 -1  0.865000 0.166667 0.050000 0.240000
0 -1  0.564375 0.047778 0.018750 0.091111
0 -1  0.503125 0.061111 0.023750 0.113333
0 -1  0.428125 0.068889 0.023750 0.111111
0 -1  0.382500 0.094444 0.035000 0.166667
0 -1  0.313750 0.228889 0.072500 0.346667
0 -1  0.142500 0.206667 0.042500 0.200000
0 -1  0.100625 0.227778 0.048750 0.233333
0 -1  0.631250 0.182222 0.075000 0.355556
