0 9422 0.630625 0.296667 0.036250 0.184444
0 9463 0.771875 0.321111 0.041250 0.202222
0 -1  0.346250 0.233333 0.020000 0.097778
0 -1  0.301875 0.224444 0.018750 0.088889
0 -1  0.250625 0.234444 0.021250 0.100000
0 -1  0.234375 0.235556 0.018750 0.093333
0 -1  0.215000 0.251111 0.020000 0.097778
0 -1  0.191875 0.242222 0.023750 0.115556
0 -1  0.173750 0.251111 0.022500 0.106667
0 -1  0.153125 0.244444 0.021250 0.102222
0 -1  0.144375 0.234444 0.021250 0.100000
0 -1  0.129375 0.255556 0.023750 0.111111
0 -1  0.108750 0.263333 0.027500 0.131111
0 -1  0.085625 0.260000 0.021250 0.102222
0 -1  0.067500 0.274444 0.030000 0.144444
0 -1  0.051250 0.266667 0.025000 0.120000
0 -1  0.013125 0.274444 0.021250 0.117778
0 -1  0.834375 0.333333 0.018750 0.093333
0 -1  0.826875 0.322222 0.016250 0.080000
0 -1  0.811250 0.323333 0.020000 0.095556
0 -1  0.798750 0.311111 0.020000 0.097778
0 -1  0.755625 0.294444 0.018750 0.091111
0 -1  0.744375 0.288889 0.016250 0.080000
0 -1  0.730625 0.281111 0.016250 0.077778
0 -1  0.714375 0.295556 0.036250 0.173333
0 -1  0.673125 0.266667 0.018750 0.088889
0 -1  0.693125 0.302222 0.041250 0.195556
0 -1  0.613750 0.256667 0.022500 0.108889
0 -1  0.602500 0.240000 0.015000 0.071111
