0 1643 0.090000 0.603333 0.155000 0.553333
0 1644 0.661250 0.523333 0.075000 0.306667
0 2716 0.749375 0.499167 0.058750 0.211667
0 2717 0.875000 0.519167 0.070000 0.251667
0 -1  0.161875 0.464167 0.048750 0.175000
0 -1  0.208125 0.459167 0.043750 0.155000
0 -1  0.373125 0.452500 0.043750 0.155000
0 -1  0.421875 0.445833 0.028750 0.105000
0 -1  0.449375 0.442500 0.026250 0.095000
0 -1  0.481875 0.439167 0.028750 0.101667
0 -1  0.495625 0.443333 0.026250 0.096667
0 -1  0.351250 0.455833 0.027500 0.115000
