0 9374 0.365000 0.304444 0.030000 0.151111
0 9375 0.231250 0.556667 0.125000 0.566667
0 9376 0.115000 0.608889 0.147500 0.702222
0 -1  0.489375 0.324444 0.031250 0.151111
0 -1  0.472500 0.307778 0.037500 0.180000
0 -1  0.451250 0.331111 0.032500 0.155556
0 -1  0.430625 0.328889 0.033750 0.160000
0 -1  0.413750 0.285556 0.027500 0.131111
0 -1  0.401875 0.292222 0.028750 0.135556
0 -1  0.385000 0.302222 0.035000 0.168889
0 -1  0.282500 0.251111 0.020000 0.097778
0 -1  0.249375 0.253333 0.026250 0.124444
0 -1  0.243125 0.344444 0.053750 0.257778
0 -1  0.120000 0.396667 0.067500 0.322222
0 -1  0.029375 0.238889 0.023750 0.108889
0 -1  0.015625 0.248889 0.021250 0.102222
