0 1642 0.106250 0.551667 0.110000 0.393333
0 1643 0.680000 0.619167 0.155000 0.551667
0 1644 0.540625 0.511667 0.076250 0.276667
0 -1  0.476875 0.608333 0.141250 0.506667
0 -1  0.035625 0.462500 0.046250 0.168333
0 -1  0.330000 0.450000 0.040000 0.143333
0 -1  0.340000 0.461667 0.040000 0.146667
0 -1  0.363125 0.470833 0.043750 0.155000
0 -1  0.818125 0.557500 0.113750 0.408333
0 -1  0.576875 0.462500 0.036250 0.178333
0 -1  0.905625 0.460833 0.026250 0.095000
0 -1  0.948125 0.460000 0.031250 0.130000
0 -1  0.974375 0.474167 0.038750 0.148333
