0 1645 0.571875 0.470833 0.061250 0.218333
0 1646 0.473750 0.466667 0.052500 0.216667
0 1647 0.760000 0.441667 0.055000 0.200000
0 1648 0.820000 0.473333 0.057500 0.206667
0 -1  0.250000 0.470000 0.077500 0.280000
0 -1  0.320625 0.493333 0.076250 0.273333
0 -1  0.448750 0.425833 0.037500 0.135000
0 -1  0.499375 0.425000 0.033750 0.123333
0 -1  0.897500 0.415000 0.032500 0.116667
0 -1  0.946875 0.414167 0.038750 0.138333
0 -1  0.973750 0.435833 0.042500 0.151667
0 -1  0.785625 0.435000 0.043750 0.156667
