0 9469 0.316875 0.416667 0.131250 0.708889
0 9470 0.164375 0.342222 0.068750 0.346667
0 -1  0.388750 0.253333 0.027500 0.128889
0 -1  0.369375 0.215556 0.021250 0.102222
0 -1  0.421875 0.233333 0.023750 0.111111
0 -1  0.436875 0.238889 0.026250 0.126667
0 -1  0.468125 0.233333 0.021250 0.102222
0 -1  0.499375 0.237778 0.023750 0.115556
0 -1  0.514375 0.234444 0.021250 0.104444
0 -1  0.608750 0.301111 0.050000 0.237778
0 -1  0.670625 0.285556 0.043750 0.206667
0 -1  0.703125 0.293333 0.031250 0.151111
0 -1  0.731875 0.293333 0.031250 0.151111
0 -1  0.754375 0.308889 0.038750 0.186667
0 -1  0.871250 0.387778 0.072500 0.344444
0 -1  0.915625 0.392222 0.058750 0.282222
0 -1  0.597500 0.245556 0.025000 0.117778
0 -1  0.573125 0.248889 0.023750 0.111111
0 -1  0.543125 0.245556 0.023750 0.113333
