0 1645 0.368750 0.465000 0.070000 0.250000
0 1646 0.238750 0.447500 0.057500 0.215000
0 1647 0.650000 0.433333 0.060000 0.236667
0 1648 0.835000 0.438333 0.052500 0.180000
0 2720 0.718750 0.446667 0.062500 0.240000
0 -1  0.476250 0.407500 0.037500 0.135000
0 -1  0.527500 0.410833 0.035000 0.125000
0 -1  0.752500 0.430000 0.052500 0.190000
0 -1  0.795000 0.419167 0.040000 0.145000
0 -1  0.864375 0.405833 0.028750 0.105000
0 -1  0.906875 0.405833 0.038750 0.138333
0 -1  0.981250 0.435833 0.032500 0.205000
0 -1  0.770000 0.395833 0.022500 0.088333
