0 9375 0.373750 0.383333 0.095000 0.553333
0 9376 0.225000 0.426667 0.135000 0.662222
0 -1  0.756875 0.304444 0.046250 0.222222
0 -1  0.693125 0.211111 0.018750 0.093333
0 -1  0.661250 0.244444 0.037500 0.177778
0 -1  0.636250 0.230000 0.042500 0.202222
0 -1  0.581875 0.302222 0.073750 0.351111
0 -1  0.530000 0.202222 0.032500 0.155556
0 -1  0.029375 0.301111 0.051250 0.362222
0 -1  0.186875 0.080000 0.018750 0.088889
0 -1  0.204375 0.066667 0.018750 0.088889
0 -1  0.218750 0.055556 0.020000 0.097778
0 -1  0.238125 0.097778 0.028750 0.137778
0 -1  0.249375 0.068889 0.021250 0.102222
0 -1  0.265000 0.060000 0.020000 0.097778
0 -1  0.336875 0.094444 0.013750 0.064444
0 -1  0.354375 0.087778 0.013750 0.068889
0 -1  0.363125 0.084444 0.011250 0.057778
0 -1  0.396875 0.081111 0.013750 0.068889
0 -1  0.422500 0.106667 0.022500 0.106667
0 -1  0.448750 0.202222 0.052500 0.248889
0 -1  0.500625 0.201111 0.023750 0.117778
