0 9551 0.509375 0.658889 0.103750 0.655556
0 9552 0.613750 0.681111 0.110000 0.624444
0 -1  0.285625 0.185556 0.076250 0.362222
0 -1  0.378750 0.157778 0.065000 0.306667
0 -1  0.448125 0.113333 0.043750 0.208889
0 -1  0.155000 0.148889 0.060000 0.284444
0 -1  0.512500 0.101111 0.037500 0.180000
0 -1  0.635625 0.172222 0.071250 0.340000
0 -1  0.689375 0.158889 0.066250 0.313333
0 -1  0.850000 0.465556 0.117500 0.562222
0 -1  0.909375 0.543333 0.066250 0.317778
0 -1  0.861875 0.164444 0.066250 0.315556
