0 9527 0.491250 0.557778 0.055000 0.293333
0 9537 0.634375 0.578889 0.103750 0.571111
0 -1  0.201250 0.598889 0.062500 0.300000
0 -1  0.272500 0.541111 0.035000 0.166667
0 -1  0.540000 0.548889 0.042500 0.204444
0 -1  0.573750 0.545556 0.042500 0.202222
0 -1  0.388125 0.548889 0.133750 0.635556
0 -1  0.705625 0.574444 0.041250 0.197778
0 -1  0.828750 0.581111 0.050000 0.237778
0 -1  0.888125 0.527778 0.021250 0.104444
0 -1  0.873125 0.517778 0.018750 0.093333
0 -1  0.911875 0.530000 0.023750 0.113333
0 -1  0.945625 0.592222 0.033750 0.162222
