0 9542 0.472500 0.588889 0.087500 0.608889
0 9544 0.609375 0.617778 0.086250 0.595556
0 9545 0.205625 0.305556 0.086250 0.451111
0 9546 0.069375 0.283333 0.076250 0.433333
0 9547 0.694375 0.587778 0.086250 0.628889
0 9548 0.535625 0.466667 0.061250 0.333333
0 -1  0.465000 0.392222 0.097500 0.464444
0 -1  0.620625 0.374444 0.113750 0.540000
0 -1  0.638750 0.486667 0.087500 0.417778
0 -1  0.822500 0.406667 0.115000 0.546667
0 -1  0.855625 0.255556 0.083750 0.395556
0 -1  0.895625 0.206667 0.086250 0.408889
