0 9654 0.531250 0.648889 0.077500 0.440000
0 9655 0.172500 0.610000 0.032500 0.206667
0 9656 0.216875 0.597778 0.031250 0.217778
0 -1  0.373750 0.540000 0.025000 0.102222
0 -1  0.403125 0.561111 0.028750 0.140000
0 -1  0.807500 0.622222 0.142500 0.711111
0 -1  0.940000 0.645556 0.107500 0.677778
0 -1  0.345625 0.561111 0.021250 0.104444
0 -1  0.326875 0.553333 0.021250 0.102222
0 -1  0.254375 0.534444 0.026250 0.100000
0 -1  0.190625 0.537778 0.021250 0.102222
0 -1  0.129375 0.554444 0.023750 0.126667
0 -1  0.086875 0.553333 0.031250 0.133333
