0 9724 0.381250 0.627778 0.075000 0.255556
0 9729 0.688125 0.434444 0.043750 0.215556
0 -1  0.583125 0.165556 0.036250 0.157778
0 -1  0.491250 0.198889 0.032500 0.140000
0 -1  0.436875 0.198889 0.033750 0.148889
0 -1  0.408750 0.196667 0.035000 0.166667
0 -1  0.211875 0.334444 0.038750 0.193333
0 -1  0.168125 0.373333 0.033750 0.200000
0 -1  0.115625 0.331111 0.036250 0.191111
0 -1  0.300625 0.796667 0.058750 0.273333
0 -1  0.075000 0.888889 0.065000 0.217778
0 -1  0.919375 0.576667 0.038750 0.224444
