0 9751 0.450000 0.471111 0.075000 0.373333
0 9752 0.590625 0.655556 0.091250 0.480000
0 9753 0.099375 0.502222 0.053750 0.288889
0 9754 0.184375 0.443333 0.043750 0.206667
0 -1  0.145625 0.465556 0.036250 0.220000
0 -1  0.036250 0.488889 0.057500 0.320000
0 -1  0.397500 0.507778 0.052500 0.326667
0 -1  0.284375 0.498889 0.041250 0.282222
0 -1  0.500625 0.521111 0.046250 0.282222
0 -1  0.535625 0.455556 0.033750 0.208889
0 -1  0.563750 0.443333 0.027500 0.184444
0 -1  0.630625 0.510000 0.036250 0.260000
0 -1  0.668125 0.453333 0.033750 0.200000
0 -1  0.790000 0.470000 0.042500 0.197778
0 -1  0.845000 0.527778 0.042500 0.260000
0 -1  0.718750 0.615556 0.062500 0.488889
