0 9724 0.697500 0.611111 0.082500 0.555556
0 9727 0.767500 0.582222 0.097500 0.617778
0 9735 0.915625 0.586667 0.121250 0.648889
0 9737 0.105625 0.591111 0.071250 0.395556
0 9738 0.180000 0.593333 0.075000 0.400000
0 9739 0.423750 0.571111 0.072500 0.395556
0 -1  0.658125 0.498889 0.061250 0.348889
0 -1  0.613750 0.481111 0.057500 0.282222
0 -1  0.558125 0.488889 0.036250 0.288889
0 -1  0.535625 0.581111 0.071250 0.468889
0 -1  0.357500 0.551111 0.057500 0.400000
0 -1  0.318750 0.467778 0.035000 0.237778
0 -1  0.285000 0.458889 0.035000 0.224444
0 -1  0.245000 0.408889 0.025000 0.120000
0 -1  0.055625 0.584444 0.061250 0.511111
