0 9772 0.201875 0.655556 0.083750 0.448889
0 9773 0.543125 0.581111 0.071250 0.393333
0 9774 0.460000 0.607778 0.080000 0.451111
0 -1  0.860625 0.725556 0.071250 0.544444
0 -1  0.772500 0.718889 0.085000 0.548889
0 -1  0.718125 0.647778 0.058750 0.477778
0 -1  0.663125 0.603333 0.048750 0.371111
0 -1  0.641250 0.674444 0.060000 0.482222
0 -1  0.583125 0.602222 0.043750 0.333333
0 -1  0.423125 0.593333 0.071250 0.408889
0 -1  0.345625 0.598889 0.053750 0.397778
0 -1  0.244375 0.608889 0.068750 0.448889
0 -1  0.049375 0.640000 0.078750 0.488889
0 -1  0.098750 0.726667 0.122500 0.528889
