0 9767 0.124375 0.808889 0.066250 0.351111
0 9768 0.463750 0.753333 0.087500 0.471111
0 9769 0.572500 0.747778 0.102500 0.477778
0 9770 0.786250 0.831111 0.040000 0.191111
0 9771 0.882500 0.826667 0.040000 0.195556
0 -1  0.927500 0.843333 0.030000 0.148889
0 -1  0.899375 0.831111 0.028750 0.217778
0 -1  0.865625 0.826667 0.031250 0.217778
0 -1  0.748750 0.836667 0.035000 0.202222
0 -1  0.666250 0.826667 0.042500 0.191111
0 -1  0.372500 0.811111 0.035000 0.231111
0 -1  0.336875 0.821111 0.038750 0.228889
0 -1  0.305000 0.816667 0.030000 0.224444
