0 9789 0.465000 0.792222 0.032500 0.175556
0 -1  0.551875 0.767778 0.031250 0.171111
0 -1  0.594375 0.775556 0.023750 0.168889
0 -1  0.618750 0.780000 0.025000 0.151111
0 -1  0.640625 0.787778 0.023750 0.184444
0 -1  0.675000 0.771111 0.022500 0.151111
0 -1  0.706250 0.771111 0.022500 0.133333
0 -1  0.731875 0.761111 0.026250 0.148889
0 -1  0.755000 0.757778 0.027500 0.146667
0 -1  0.777500 0.755556 0.025000 0.137778
0 -1  0.794375 0.753333 0.028750 0.151111
0 -1  0.834375 0.774444 0.028750 0.148889
