0 1682 0.259375 0.478333 0.173750 0.620000
0 -1  0.203750 0.331667 0.045000 0.183333
0 -1  0.327500 0.348333 0.060000 0.223333
0 -1  0.353125 0.376667 0.076250 0.273333
0 -1  0.415625 0.324167 0.043750 0.185000
0 -1  0.441250 0.317500 0.055000 0.218333
0 -1  0.452500 0.352500 0.050000 0.218333
0 -1  0.505000 0.362500 0.100000 0.355000
0 -1  0.543750 0.327500 0.047500 0.205000
0 -1  0.581250 0.378333 0.077500 0.276667
0 -1  0.614375 0.352500 0.063750 0.255000
0 -1  0.696875 0.349167 0.078750 0.281667
0 -1  0.829375 0.415000 0.158750 0.566667
0 -1  0.911875 0.336667 0.058750 0.273333
0 -1  0.955625 0.349167 0.053750 0.245000
0 -1  0.166875 0.337500 0.053750 0.235000
