0 9789 0.381250 0.821111 0.040000 0.193333
0 -1  0.026250 0.836667 0.050000 0.237778
0 -1  0.085625 0.880000 0.046250 0.222222
0 -1  0.557500 0.765556 0.032500 0.157778
0 -1  0.593125 0.770000 0.031250 0.148889
0 -1  0.617500 0.777778 0.030000 0.142222
0 -1  0.641875 0.781111 0.028750 0.140000
0 -1  0.666250 0.776667 0.032500 0.157778
0 -1  0.698125 0.768889 0.026250 0.124444
0 -1  0.785625 0.760000 0.028750 0.146667
0 -1  0.730000 0.755556 0.022500 0.128889
0 -1  0.751250 0.758889 0.027500 0.148889
