0 1684 0.200000 0.467500 0.185000 0.735000
0 1685 0.800000 0.350833 0.155000 0.585000
0 1686 0.888125 0.306667 0.101250 0.386667
0 -1  0.034375 0.300000 0.061250 0.270000
0 -1  0.158750 0.397500 0.155000 0.551667
0 -1  0.449375 0.253333 0.046250 0.163333
0 -1  0.492500 0.234167 0.040000 0.145000
0 -1  0.565625 0.283333 0.063750 0.230000
0 -1  0.519375 0.216667 0.028750 0.110000
0 -1  0.541250 0.235833 0.035000 0.161667
0 -1  0.577500 0.254167 0.060000 0.228333
0 -1  0.603125 0.242500 0.036250 0.145000
0 -1  0.623125 0.210833 0.021250 0.098333
0 -1  0.657500 0.258333 0.060000 0.213333
0 -1  0.683750 0.215833 0.022500 0.091667
0 -1  0.707500 0.215833 0.025000 0.088333
0 -1  0.954375 0.234167 0.033750 0.151667
0 -1  0.975000 0.242500 0.042500 0.181667
0 -1  0.741250 0.240000 0.042500 0.166667
