0 9853 0.795000 0.271111 0.055000 0.306667
0 9854 0.747500 0.302222 0.057500 0.311111
0 9855 0.526250 0.286667 0.052500 0.306667
0 9856 0.366250 0.283333 0.057500 0.291111
0 9857 0.318125 0.306667 0.056250 0.280000
0 9858 0.939375 0.197778 0.048750 0.253333
0 9859 0.978125 0.211111 0.033750 0.244444
0 -1  0.778125 0.255556 0.043750 0.302222
0 -1  0.702500 0.294444 0.045000 0.291111
0 -1  0.669375 0.304444 0.056250 0.315556
0 -1  0.611250 0.276667 0.055000 0.295556
0 -1  0.572500 0.267778 0.047500 0.268889
0 -1  0.471875 0.282222 0.056250 0.293333
0 -1  0.423750 0.295556 0.052500 0.280000
0 -1  0.287500 0.290000 0.047500 0.277778
0 -1  0.250000 0.328889 0.085000 0.320000
0 -1  0.159375 0.311111 0.088750 0.355556
0 -1  0.181875 0.292222 0.053750 0.331111
0 -1  0.083750 0.314444 0.080000 0.344444
0 -1  0.238125 0.652222 0.148750 0.664444
0 -1  0.554375 0.625556 0.148750 0.726667
0 -1  0.821250 0.607778 0.175000 0.753333
