0 9853 0.493125 0.467778 0.041250 0.277778
0 9854 0.463125 0.481111 0.051250 0.268889
0 9855 0.265000 0.473333 0.052500 0.257778
0 9856 0.120000 0.498889 0.055000 0.322222
0 9857 0.064375 0.508889 0.066250 0.302222
0 9858 0.526875 0.444444 0.036250 0.191111
0 9859 0.558125 0.452222 0.033750 0.188889
0 9868 0.967500 0.428889 0.035000 0.182222
0 -1  0.910000 0.462222 0.095000 0.600000
0 -1  0.698750 0.498889 0.097500 0.837778
0 -1  0.758125 0.474444 0.088750 0.642222
0 -1  0.616250 0.436667 0.037500 0.202222
0 -1  0.585000 0.445556 0.032500 0.180000
0 -1  0.431250 0.474444 0.042500 0.273333
0 -1  0.401875 0.498889 0.051250 0.251111
0 -1  0.342500 0.472222 0.057500 0.277778
0 -1  0.305625 0.472222 0.038750 0.260000
0 -1  0.223750 0.476667 0.055000 0.251111
0 -1  0.171250 0.485556 0.060000 0.237778
