0 9853 0.481875 0.467778 0.043750 0.273333
0 9854 0.460625 0.476667 0.046250 0.273333
0 9855 0.269375 0.467778 0.043750 0.264444
0 9857 0.065625 0.502222 0.053750 0.311111
0 9858 0.525000 0.445556 0.032500 0.197778
0 9859 0.558125 0.450000 0.033750 0.188889
0 9868 0.969375 0.428889 0.036250 0.186667
0 -1  0.881875 0.467778 0.103750 0.553333
0 -1  0.749375 0.484444 0.108750 0.608889
0 -1  0.672500 0.493333 0.140000 0.782222
0 -1  0.395625 0.477778 0.046250 0.266667
0 -1  0.365625 0.457778 0.043750 0.257778
0 -1  0.341250 0.468889 0.052500 0.262222
0 -1  0.306250 0.467778 0.047500 0.246667
0 -1  0.225625 0.481111 0.051250 0.264444
0 -1  0.170625 0.486667 0.048750 0.240000
0 -1  0.129375 0.492222 0.053750 0.273333
0 -1  0.028750 0.504444 0.050000 0.364444
