0 1687 0.383125 0.428333 0.083750 0.300000
0 1687 0.714375 0.429167 0.088750 0.315000
0 -1  0.443750 0.406667 0.070000 0.250000
0 -1  0.550000 0.434167 0.092500 0.328333
0 -1  0.243125 0.360833 0.038750 0.141667
0 -1  0.166250 0.444167 0.092500 0.331667
0 -1  0.200625 0.422500 0.071250 0.255000
0 -1  0.028750 0.396667 0.030000 0.120000
0 -1  0.011875 0.390833 0.021250 0.118333
0 -1  0.080000 0.414167 0.052500 0.188333
0 -1  0.091875 0.396667 0.048750 0.173333
0 -1  0.118125 0.350000 0.028750 0.103333
0 -1  0.147500 0.352500 0.025000 0.091667
0 -1  0.052500 0.368333 0.030000 0.106667
0 -1  0.018125 0.360833 0.026250 0.095000
