0 1684 0.360000 0.446667 0.132500 0.493333
0 1685 0.560625 0.369167 0.111250 0.395000
0 1686 0.673125 0.345833 0.081250 0.288333
0 -1  0.226250 0.416667 0.115000 0.410000
0 -1  0.312500 0.326667 0.062500 0.223333
0 -1  0.393125 0.338333 0.056250 0.203333
0 -1  0.460000 0.334167 0.057500 0.218333
0 -1  0.470000 0.317500 0.047500 0.198333
0 -1  0.720000 0.314167 0.050000 0.181667
0 -1  0.765625 0.317500 0.048750 0.175000
0 -1  0.796875 0.302500 0.038750 0.138333
0 -1  0.825000 0.343333 0.070000 0.250000
0 -1  0.897500 0.331667 0.065000 0.240000
0 -1  0.953750 0.321667 0.067500 0.243333
