0 1694 0.385000 0.479167 0.080000 0.288333
0 1695 0.298125 0.539167 0.063750 0.228333
0 -1  0.155625 0.640000 0.196250 0.700000
0 -1  0.237500 0.470833 0.077500 0.318333
0 -1  0.475000 0.405833 0.027500 0.118333
0 -1  0.511250 0.406667 0.030000 0.106667
0 -1  0.543750 0.393333 0.025000 0.093333
0 -1  0.584375 0.392500 0.031250 0.121667
0 -1  0.631250 0.397500 0.030000 0.108333
0 -1  0.665000 0.396667 0.032500 0.116667
0 -1  0.615000 0.445000 0.052500 0.186667
0 -1  0.710625 0.440000 0.063750 0.226667
0 -1  0.802500 0.487500 0.092500 0.328333
0 -1  0.393125 0.795000 0.111250 0.396667
