0 1697 0.248125 0.476667 0.068750 0.246667
0 1698 0.299375 0.484167 0.056250 0.201667
0 1699 0.200000 0.530833 0.045000 0.161667
0 -1  0.016250 0.451667 0.030000 0.150000
0 -1  0.047500 0.437500 0.035000 0.128333
0 -1  0.079375 0.421667 0.021250 0.076667
0 -1  0.101250 0.421667 0.022500 0.080000
0 -1  0.123750 0.422500 0.037500 0.135000
0 -1  0.140625 0.421667 0.026250 0.116667
0 -1  0.170625 0.428333 0.023750 0.086667
0 -1  0.186250 0.419167 0.025000 0.095000
0 -1  0.423125 0.470833 0.078750 0.285000
0 -1  0.451250 0.434167 0.045000 0.185000
0 -1  0.568125 0.430000 0.048750 0.176667
0 -1  0.620625 0.451667 0.056250 0.200000
0 -1  0.693750 0.430833 0.060000 0.211667
0 -1  0.833750 0.445833 0.067500 0.235000
0 -1  0.905625 0.432500 0.056250 0.188333
0 -1  0.934375 0.399167 0.026250 0.118333
0 -1  0.951875 0.405000 0.031250 0.113333
