0 9908 0.475000 0.807778 0.045000 0.322222
0 9909 0.506875 0.791111 0.043750 0.311111
0 9910 0.386875 0.800000 0.061250 0.293333
0 -1  0.480000 0.323333 0.040000 0.211111
0 -1  0.459375 0.492222 0.038750 0.224444
0 -1  0.545000 0.486667 0.030000 0.226667
0 -1  0.571250 0.487778 0.032500 0.220000
0 -1  0.591250 0.504444 0.032500 0.208889
0 -1  0.624375 0.537778 0.031250 0.208889
0 -1  0.642500 0.516667 0.030000 0.224444
0 -1  0.685625 0.580000 0.046250 0.240000
0 -1  0.615000 0.707778 0.035000 0.291111
0 -1  0.630625 0.744444 0.043750 0.293333
0 -1  0.363125 0.502222 0.038750 0.240000
0 -1  0.282500 0.505556 0.035000 0.233333
0 -1  0.260625 0.510000 0.038750 0.233333
0 -1  0.153125 0.634444 0.036250 0.286667
0 -1  0.206250 0.641111 0.047500 0.286667
0 -1  0.182500 0.712222 0.042500 0.291111
0 -1  0.067500 0.706667 0.042500 0.337778
0 -1  0.098750 0.763333 0.045000 0.300000
0 -1  0.076875 0.791111 0.043750 0.324444
