0 1694 0.291875 0.541667 0.121250 0.473333
0 1695 0.381875 0.574167 0.078750 0.308333
0 1696 0.505000 0.441667 0.070000 0.253333
0 -1  0.049375 0.400833 0.031250 0.115000
0 -1  0.337500 0.387500 0.025000 0.105000
0 -1  0.360000 0.412500 0.040000 0.145000
0 -1  0.384375 0.390000 0.023750 0.096667
0 -1  0.401875 0.402500 0.028750 0.121667
0 -1  0.423125 0.418333 0.033750 0.123333
0 -1  0.454375 0.390833 0.031250 0.115000
0 -1  0.472500 0.410833 0.032500 0.118333
0 -1  0.490625 0.397500 0.038750 0.138333
0 -1  0.564375 0.397500 0.041250 0.148333
0 -1  0.667500 0.401667 0.042500 0.150000
0 -1  0.716875 0.409167 0.046250 0.165000
0 -1  0.814375 0.397500 0.036250 0.131667
0 -1  0.871250 0.386667 0.027500 0.106667
0 -1  0.910625 0.405833 0.041250 0.165000
0 -1  0.938750 0.411667 0.052500 0.186667
0 -1  0.961875 0.409167 0.036250 0.158333
0 -1  0.271250 0.424167 0.060000 0.215000
