0 1694 0.410000 0.523333 0.107500 0.450000
0 1695 0.288750 0.605833 0.095000 0.341667
0 1697 0.581250 0.554167 0.125000 0.501667
0 1698 0.496250 0.572500 0.097500 0.421667
0 1699 0.671875 0.630833 0.088750 0.315000
0 -1  0.077500 0.498333 0.105000 0.376667
0 -1  0.131250 0.485000 0.080000 0.310000
0 -1  0.278750 0.460000 0.072500 0.273333
0 -1  0.304375 0.424167 0.058750 0.238333
0 -1  0.523750 0.391667 0.040000 0.143333
0 -1  0.640000 0.391667 0.032500 0.120000
0 -1  0.674375 0.357500 0.023750 0.091667
0 -1  0.704375 0.384167 0.043750 0.155000
0 -1  0.742500 0.399167 0.037500 0.145000
0 -1  0.776250 0.374167 0.032500 0.118333
0 -1  0.787500 0.396667 0.040000 0.143333
0 -1  0.823125 0.390000 0.038750 0.153333
0 -1  0.941250 0.442500 0.080000 0.355000
