0 1706 0.735000 0.560000 0.207500 0.740000
0 1707 0.548125 0.510833 0.151250 0.591667
0 -1  0.405000 0.625833 0.117500 0.421667
0 -1  0.148750 0.374167 0.065000 0.235000
0 -1  0.182500 0.350000 0.040000 0.143333
0 -1  0.233125 0.350000 0.031250 0.160000
0 -1  0.258125 0.350000 0.041250 0.166667
0 -1  0.408125 0.345833 0.023750 0.085000
0 -1  0.485625 0.315833 0.016250 0.081667
0 -1  0.609375 0.306667 0.018750 0.073333
0 -1  0.660625 0.387500 0.076250 0.291667
0 -1  0.856250 0.374167 0.085000 0.305000
0 -1  0.946875 0.320000 0.036250 0.130000
0 -1  0.977500 0.340000 0.037500 0.180000
0 -1  0.531250 0.311667 0.020000 0.073333
0 -1  0.519375 0.315833 0.016250 0.075000
0 -1  0.504375 0.320000 0.016250 0.066667
