0 1704 0.601250 0.581667 0.142500 0.510000
0 -1  0.025625 0.520833 0.048750 0.301667
0 -1  0.048125 0.484167 0.028750 0.105000
0 -1  0.083750 0.456667 0.042500 0.153333
0 -1  0.110625 0.446667 0.031250 0.120000
0 -1  0.141250 0.458333 0.040000 0.153333
0 -1  0.233750 0.504167 0.062500 0.295000
0 -1  0.299375 0.541667 0.098750 0.360000
0 -1  0.336250 0.456667 0.047500 0.183333
0 -1  0.383750 0.443333 0.030000 0.116667
0 -1  0.403750 0.457500 0.022500 0.081667
0 -1  0.451250 0.478333 0.065000 0.266667
0 -1  0.503125 0.432500 0.028750 0.108333
0 -1  0.656875 0.436667 0.028750 0.130000
0 -1  0.714375 0.431667 0.046250 0.163333
0 -1  0.180625 0.428333 0.018750 0.073333
0 -1  0.191875 0.424167 0.018750 0.075000
0 -1  0.530000 0.423333 0.022500 0.083333
