0 1700 0.455625 0.442500 0.068750 0.248333
0 -1  0.048125 0.402500 0.043750 0.158333
0 -1  0.084375 0.410833 0.043750 0.158333
0 -1  0.118750 0.407500 0.045000 0.181667
0 -1  0.350000 0.418333 0.052500 0.186667
0 -1  0.395625 0.370833 0.018750 0.068333
0 -1  0.410000 0.395000 0.030000 0.110000
0 -1  0.512500 0.459167 0.097500 0.371667
0 -1  0.486250 0.405833 0.037500 0.151667
0 -1  0.552500 0.391667 0.037500 0.136667
0 -1  0.575000 0.385833 0.030000 0.108333
0 -1  0.626250 0.387500 0.035000 0.128333
0 -1  0.724375 0.402500 0.051250 0.185000
0 -1  0.811875 0.397500 0.056250 0.201667
0 -1  0.959375 0.395000 0.048750 0.210000
