0 1702 0.406250 0.477500 0.047500 0.171667
0 1705 0.695625 0.590000 0.151250 0.553333
0 -1  0.105000 0.495833 0.060000 0.211667
0 -1  0.155625 0.479167 0.046250 0.168333
0 -1  0.171875 0.470000 0.028750 0.136667
0 -1  0.195625 0.474167 0.031250 0.171667
0 -1  0.245000 0.486667 0.045000 0.190000
0 -1  0.292500 0.472500 0.045000 0.161667
0 -1  0.357500 0.458333 0.027500 0.113333
0 -1  0.364375 0.444167 0.031250 0.111667
0 -1  0.448750 0.447500 0.027500 0.098333
0 -1  0.486250 0.436667 0.022500 0.090000
0 -1  0.530000 0.438333 0.022500 0.100000
0 -1  0.797500 0.439167 0.030000 0.111667
0 -1  0.968750 0.489167 0.050000 0.311667
