0 1708 0.391875 0.416667 0.083750 0.323333
0 1709 0.696875 0.408333 0.093750 0.336667
0 -1  0.036875 0.345833 0.028750 0.101667
0 -1  0.078125 0.355000 0.041250 0.156667
0 -1  0.115000 0.324167 0.015000 0.055000
0 -1  0.135625 0.316667 0.013750 0.056667
0 -1  0.151875 0.319167 0.016250 0.061667
0 -1  0.170000 0.320000 0.015000 0.056667
0 -1  0.190625 0.315000 0.016250 0.070000
0 -1  0.205000 0.319167 0.020000 0.075000
0 -1  0.228750 0.315833 0.017500 0.055000
0 -1  0.249375 0.341667 0.026250 0.096667
0 -1  0.268125 0.319167 0.021250 0.075000
0 -1  0.281250 0.321667 0.017500 0.066667
0 -1  0.292500 0.325833 0.017500 0.065000
0 -1  0.342500 0.350000 0.042500 0.153333
0 -1  0.481875 0.348333 0.043750 0.156667
0 -1  0.520625 0.348333 0.043750 0.156667
0 -1  0.053125 0.316667 0.013750 0.050000
0 -1  0.098750 0.321667 0.015000 0.056667
