0 1710 0.459375 0.389167 0.076250 0.271667
0 -1  0.045000 0.342500 0.027500 0.115000
0 -1  0.058750 0.316667 0.020000 0.076667
0 -1  0.095000 0.327500 0.030000 0.108333
0 -1  0.141875 0.321667 0.023750 0.096667
0 -1  0.178750 0.348333 0.042500 0.153333
0 -1  0.201875 0.340833 0.028750 0.115000
0 -1  0.209375 0.319167 0.026250 0.111667
0 -1  0.230625 0.344167 0.033750 0.118333
0 -1  0.266250 0.331667 0.020000 0.093333
0 -1  0.323125 0.340000 0.046250 0.166667
0 -1  0.504375 0.380833 0.058750 0.245000
0 -1  0.552500 0.356667 0.057500 0.223333
0 -1  0.650000 0.382500 0.047500 0.205000
