0 1714 0.825625 0.472500 0.116250 0.451667
0 1716 0.919375 0.484167 0.136250 0.508333
0 1722 0.458125 0.379167 0.053750 0.208333
0 1723 0.535000 0.370833 0.065000 0.231667
0 1724 0.405000 0.429167 0.087500 0.315000
0 1726 0.325625 0.399167 0.088750 0.318333
0 -1  0.026875 0.348333 0.051250 0.190000
0 -1  0.081250 0.355833 0.040000 0.165000
0 -1  0.119375 0.354167 0.043750 0.181667
0 -1  0.144375 0.345833 0.031250 0.151667
0 -1  0.166875 0.373333 0.046250 0.193333
0 -1  0.182500 0.345833 0.035000 0.145000
0 -1  0.206250 0.334167 0.027500 0.098333
0 -1  0.236250 0.344167 0.030000 0.125000
0 -1  0.508125 0.364167 0.041250 0.158333
0 -1  0.689375 0.389167 0.056250 0.295000
0 -1  0.742500 0.391667 0.075000 0.320000
0 -1  0.770625 0.432500 0.063750 0.398333
0 -1  0.583125 0.330000 0.018750 0.083333
0 -1  0.593750 0.326667 0.020000 0.083333
0 -1  0.562500 0.335000 0.022500 0.090000
