0 1713 0.253125 0.421667 0.088750 0.316667
0 1714 0.590000 0.523333 0.132500 0.473333
0 1716 0.771250 0.623333 0.195000 0.750000
0 -1  0.136250 0.375833 0.040000 0.145000
0 -1  0.174375 0.346667 0.028750 0.103333
0 -1  0.321875 0.375000 0.041250 0.146667
0 -1  0.714375 0.399167 0.046250 0.205000
0 -1  0.688125 0.378333 0.026250 0.096667
0 -1  0.212500 0.380833 0.040000 0.145000
0 -1  0.347500 0.357500 0.020000 0.071667
0 -1  0.370000 0.357500 0.020000 0.071667
0 -1  0.380625 0.353333 0.018750 0.080000
0 -1  0.390000 0.361667 0.020000 0.083333
0 -1  0.401875 0.370000 0.021250 0.096667
0 -1  0.430625 0.356667 0.018750 0.070000
0 -1  0.455625 0.365833 0.023750 0.085000
0 -1  0.523125 0.393333 0.043750 0.156667
0 -1  0.653125 0.370833 0.031250 0.115000
0 -1  0.563125 0.369167 0.026250 0.095000
0 -1  0.333750 0.352500 0.020000 0.075000
0 -1  0.496875 0.352500 0.018750 0.058333
