0 1713 0.195000 0.395833 0.072500 0.258333
0 1714 0.733750 0.612500 0.210000 0.751667
0 1715 0.486250 0.386667 0.060000 0.216667
0 -1  0.071250 0.390000 0.047500 0.170000
0 -1  0.095000 0.350000 0.025000 0.103333
0 -1  0.123125 0.339167 0.021250 0.075000
0 -1  0.141875 0.338333 0.018750 0.066667
0 -1  0.243125 0.358333 0.028750 0.106667
0 -1  0.301250 0.365833 0.035000 0.128333
0 -1  0.376875 0.364167 0.028750 0.101667
0 -1  0.440000 0.357500 0.025000 0.088333
0 -1  0.517500 0.385000 0.045000 0.160000
0 -1  0.537500 0.357500 0.025000 0.091667
0 -1  0.676875 0.380833 0.046250 0.201667
0 -1  0.627500 0.351667 0.027500 0.113333
0 -1  0.603125 0.360833 0.028750 0.105000
0 -1  0.327500 0.352500 0.022500 0.081667
0 -1  0.403125 0.341667 0.013750 0.050000
0 -1  0.579375 0.355833 0.021250 0.078333
