0 1713 0.449375 0.487500 0.158750 0.621667
0 1714 0.150000 0.425833 0.080000 0.251667
0 1715 0.745000 0.362500 0.092500 0.338333
0 -1  0.291875 0.565000 0.238750 0.850000
0 -1  0.946250 0.291667 0.030000 0.133333
0 -1  0.825625 0.295833 0.028750 0.105000
0 -1  0.043125 0.380833 0.033750 0.118333
0 -1  0.063750 0.363333 0.020000 0.066667
0 -1  0.204375 0.350000 0.021250 0.073333
0 -1  0.012500 0.393333 0.022500 0.113333
0 -1  0.226875 0.355833 0.021250 0.081667
0 -1  0.098750 0.354167 0.015000 0.055000
