0 8445 0.199375 0.677778 0.088750 0.422222
0 -1  0.143125 0.688889 0.071250 0.431111
0 -1  0.475000 0.682222 0.075000 0.280000
0 -1  0.641875 0.657778 0.033750 0.168889
0 -1  0.593750 0.658889 0.037500 0.166667
0 -1  0.531250 0.664444 0.022500 0.133333
0 -1  0.511875 0.666667 0.021250 0.124444
0 -1  0.050000 0.670000 0.020000 0.126667
0 -1  0.069375 0.674444 0.023750 0.140000
0 -1  0.248125 0.670000 0.026250 0.131111
0 -1  0.288750 0.670000 0.020000 0.131111
0 -1  0.315000 0.665556 0.020000 0.126667
0 -1  0.343750 0.671111 0.025000 0.124444
0 -1  0.403750 0.668889 0.030000 0.155556
