0 1727 0.185625 0.488333 0.081250 0.290000
0 1728 0.478750 0.413333 0.050000 0.180000
0 -1  0.070625 0.370000 0.036250 0.130000
0 -1  0.238125 0.375000 0.016250 0.083333
0 -1  0.255625 0.374167 0.026250 0.095000
0 -1  0.277500 0.360833 0.020000 0.085000
0 -1  0.297500 0.368333 0.020000 0.080000
0 -1  0.338750 0.364167 0.017500 0.065000
0 -1  0.363750 0.365833 0.017500 0.061667
0 -1  0.381875 0.366667 0.013750 0.060000
0 -1  0.570625 0.485000 0.071250 0.253333
0 -1  0.674375 0.467500 0.078750 0.285000
0 -1  0.836875 0.488333 0.086250 0.310000
