0 1722 0.505000 0.532500 0.165000 0.608333
0 1723 0.317500 0.528333 0.187500 0.693333
0 1724 0.171875 0.446667 0.101250 0.360000
0 1725 0.794375 0.430833 0.136250 0.488333
0 -1  0.075625 0.580000 0.148750 0.620000
0 -1  0.393125 0.370000 0.058750 0.210000
0 -1  0.428750 0.386667 0.052500 0.220000
0 -1  0.596250 0.368333 0.077500 0.303333
0 -1  0.636875 0.379167 0.063750 0.258333
0 -1  0.905000 0.508333 0.157500 0.610000
0 -1  0.212500 0.349167 0.035000 0.125000
0 -1  0.565625 0.337500 0.038750 0.155000
0 -1  0.086875 0.346667 0.036250 0.130000
0 -1  0.016250 0.348333 0.025000 0.110000
