0 8442 0.487500 0.616667 0.117500 0.562222
0 8443 0.606250 0.380000 0.062500 0.302222
0 -1  0.395625 0.388889 0.051250 0.302222
0 -1  0.436875 0.331111 0.046250 0.262222
0 -1  0.488750 0.332222 0.047500 0.255556
0 -1  0.538750 0.327778 0.047500 0.273333
0 -1  0.578125 0.332222 0.036250 0.260000
0 -1  0.653125 0.308889 0.038750 0.240000
0 -1  0.686875 0.356667 0.053750 0.282222
0 -1  0.294375 0.383333 0.056250 0.277778
0 -1  0.209375 0.464444 0.083750 0.395556
0 -1  0.135000 0.410000 0.062500 0.357778
0 -1  0.086250 0.554444 0.070000 0.482222
0 -1  0.161250 0.706667 0.107500 0.555556
0 -1  0.762500 0.456667 0.070000 0.411111
0 -1  0.798125 0.540000 0.073750 0.444444
0 -1  0.838125 0.437778 0.051250 0.328889
0 -1  0.898125 0.544444 0.071250 0.488889
0 -1  0.960625 0.584444 0.068750 0.528889
