0 8442 0.451875 0.458889 0.083750 0.397778
0 8443 0.605000 0.382222 0.065000 0.311111
0 -1  0.234375 0.347778 0.043750 0.277778
0 -1  0.298125 0.386667 0.066250 0.311111
0 -1  0.138750 0.408889 0.060000 0.351111
0 -1  0.202500 0.470000 0.077500 0.397778
0 -1  0.088125 0.543333 0.076250 0.500000
0 -1  0.183125 0.705556 0.111250 0.575556
0 -1  0.431875 0.344444 0.046250 0.257778
0 -1  0.398125 0.384444 0.051250 0.288889
0 -1  0.493750 0.324444 0.040000 0.244444
0 -1  0.535000 0.316667 0.042500 0.255556
0 -1  0.577500 0.316667 0.037500 0.242222
0 -1  0.652500 0.293333 0.032500 0.222222
0 -1  0.678750 0.363333 0.050000 0.291111
0 -1  0.770000 0.337778 0.055000 0.280000
0 -1  0.763125 0.443333 0.058750 0.388889
0 -1  0.800625 0.523333 0.066250 0.393333
0 -1  0.835625 0.452222 0.048750 0.331111
0 -1  0.886250 0.503333 0.060000 0.384444
0 -1  0.957500 0.558889 0.067500 0.442222
