0 8385 0.751875 0.447778 0.088750 0.420000
0 8386 0.900625 0.445556 0.083750 0.402222
0 8390 0.823125 0.446667 0.083750 0.400000
0 8394 0.118125 0.635556 0.146250 0.702222
0 8395 0.254375 0.588889 0.146250 0.693333
0 8396 0.371875 0.652222 0.123750 0.588889
0 8397 0.616875 0.626667 0.151250 0.720000
0 8398 0.478125 0.585556 0.116250 0.557778
0 -1  0.365000 0.554444 0.107500 0.575556
0 -1  0.519375 0.486667 0.063750 0.431111
0 -1  0.680625 0.458889 0.071250 0.397778
0 -1  0.973750 0.435556 0.042500 0.400000
