0 1724 0.400000 0.449167 0.112500 0.401667
0 1725 0.081250 0.365000 0.067500 0.233333
0 1726 0.519375 0.424167 0.118750 0.448333
0 -1  0.034375 0.325833 0.023750 0.085000
0 -1  0.153750 0.325833 0.020000 0.085000
0 -1  0.188750 0.366667 0.057500 0.206667
0 -1  0.274375 0.365833 0.058750 0.208333
0 -1  0.300000 0.360000 0.047500 0.206667
0 -1  0.244375 0.340833 0.046250 0.181667
0 -1  0.396250 0.367500 0.072500 0.311667
0 -1  0.955000 0.409167 0.082500 0.368333
0 -1  0.137500 0.316667 0.020000 0.086667
0 -1  0.338125 0.329167 0.026250 0.105000
