0 1727 0.354375 0.456667 0.061250 0.220000
0 -1  0.054375 0.373333 0.036250 0.130000
0 -1  0.160625 0.376667 0.028750 0.103333
0 -1  0.242500 0.377500 0.025000 0.091667
0 -1  0.270000 0.362500 0.022500 0.081667
0 -1  0.320625 0.366667 0.018750 0.066667
0 -1  0.551250 0.470000 0.057500 0.206667
0 -1  0.525000 0.403333 0.045000 0.160000
0 -1  0.575000 0.432500 0.055000 0.198333
0 -1  0.636875 0.440000 0.048750 0.176667
0 -1  0.824375 0.486667 0.063750 0.306667
0 -1  0.593750 0.397500 0.030000 0.108333
