0 8385 0.631250 0.521111 0.032500 0.157778
0 8386 0.665000 0.532222 0.035000 0.166667
0 8387 0.608125 0.528889 0.031250 0.155556
0 8388 0.406875 0.690000 0.066250 0.313333
0 8389 0.301875 0.591111 0.048750 0.231111
0 8391 0.753125 0.810000 0.068750 0.326667
0 8392 0.492500 0.827778 0.067500 0.322222
0 -1  0.705000 0.533333 0.032500 0.168889
0 -1  0.728125 0.528889 0.033750 0.168889
0 -1  0.780625 0.542222 0.028750 0.177778
0 -1  0.808125 0.564444 0.031250 0.177778
0 -1  0.756250 0.631111 0.055000 0.262222
0 -1  0.567500 0.377778 0.022500 0.097778
0 -1  0.720625 0.792222 0.056250 0.326667
0 -1  0.547500 0.612222 0.052500 0.300000
0 -1  0.401250 0.484444 0.035000 0.160000
0 -1  0.478125 0.625556 0.048750 0.282222
0 -1  0.445000 0.643333 0.040000 0.246667
0 -1  0.359375 0.615556 0.058750 0.306667
