0 8474 0.203750 0.613333 0.062500 0.302222
0 8475 0.335000 0.563333 0.085000 0.406667
0 8476 0.540625 0.596667 0.071250 0.344444
0 8477 0.790000 0.611111 0.050000 0.240000
0 8478 0.695000 0.628889 0.052500 0.253333
0 8479 0.445000 0.656667 0.027500 0.135556
0 -1  0.053750 0.650000 0.035000 0.157778
0 -1  0.121875 0.647778 0.031250 0.157778
0 -1  0.254375 0.644444 0.041250 0.208889
0 -1  0.583750 0.667778 0.027500 0.144444
0 -1  0.637500 0.652222 0.032500 0.175556
0 -1  0.492500 0.676667 0.022500 0.095556
