0 8474 0.251250 0.587778 0.067500 0.322222
0 8475 0.345000 0.526667 0.112500 0.537778
0 8476 0.553125 0.551111 0.091250 0.435556
0 8477 0.841875 0.595556 0.071250 0.342222
0 8478 0.701250 0.611111 0.060000 0.288889
0 8479 0.495625 0.633333 0.028750 0.137778
0 -1  0.640000 0.638889 0.032500 0.157778
0 -1  0.296875 0.621111 0.043750 0.211111
0 -1  0.188750 0.627778 0.030000 0.180000
0 -1  0.214375 0.604444 0.043750 0.244444
0 -1  0.468125 0.653333 0.021250 0.106667
0 -1  0.480625 0.648889 0.026250 0.120000
