0 8551 0.643750 0.671111 0.050000 0.240000
0 8553 0.231875 0.705556 0.056250 0.273333
0 8554 0.547500 0.687778 0.050000 0.237778
0 8555 0.071875 0.718889 0.051250 0.291111
0 8556 0.111875 0.703333 0.048750 0.313333
0 8557 0.157500 0.708889 0.052500 0.302222
0 8558 0.447500 0.688889 0.052500 0.253333
0 8559 0.782500 0.687778 0.067500 0.322222
0 -1  0.264375 0.670000 0.028750 0.166667
0 -1  0.285000 0.680000 0.027500 0.151111
0 -1  0.338125 0.654444 0.031250 0.153333
0 -1  0.019375 0.717778 0.028750 0.333333
