0 8601 0.178750 0.504444 0.082500 0.582222
0 8602 0.279375 0.517778 0.098750 0.564444
0 8603 0.368125 0.510000 0.078750 0.571111
0 8604 0.457500 0.504444 0.090000 0.617778
0 8605 0.548125 0.506667 0.081250 0.591111
0 8606 0.643750 0.508889 0.097500 0.613333
0 8607 0.741875 0.513333 0.073750 0.613333
0 8608 0.836250 0.501111 0.095000 0.655556
0 -1  0.211875 0.421111 0.081250 0.571111
0 -1  0.308750 0.430000 0.070000 0.553333
0 -1  0.400625 0.417778 0.083750 0.555556
0 -1  0.487500 0.410000 0.075000 0.553333
0 -1  0.577500 0.407778 0.077500 0.580000
0 -1  0.679375 0.418889 0.083750 0.553333
0 -1  0.778125 0.408889 0.071250 0.591111
0 -1  0.874375 0.415556 0.093750 0.622222
