0 8626 0.185625 0.566667 0.078750 0.608889
0 8627 0.326875 0.475556 0.071250 0.586667
0 8629 0.517500 0.480000 0.075000 0.586667
0 8630 0.873750 0.483333 0.102500 0.664444
0 8631 0.280000 0.550000 0.097500 0.633333
0 8632 0.372500 0.572222 0.075000 0.606667
0 8633 0.466250 0.565556 0.097500 0.642222
0 8634 0.565000 0.573333 0.080000 0.626667
0 8635 0.671250 0.588889 0.105000 0.640000
0 8636 0.774375 0.583333 0.088750 0.677778
0 -1  0.235000 0.477778 0.075000 0.564444
0 -1  0.418125 0.478889 0.071250 0.575556
0 -1  0.624375 0.473333 0.071250 0.608889
0 -1  0.718125 0.490000 0.083750 0.593333
