0 8649 0.716250 0.406667 0.080000 0.604444
0 8650 0.312500 0.347778 0.080000 0.584444
0 8651 0.230625 0.346667 0.093750 0.600000
0 8652 0.399375 0.365556 0.093750 0.575556
0 8655 0.814375 0.405556 0.103750 0.633333
0 8656 0.581250 0.412222 0.082500 0.548889
0 8658 0.915625 0.421111 0.093750 0.602222
0 -1  0.480000 0.365556 0.080000 0.566667
0 -1  0.526875 0.363333 0.081250 0.557778
0 -1  0.628750 0.382222 0.082500 0.582222
0 -1  0.119375 0.672222 0.143750 0.642222
0 -1  0.300000 0.710000 0.135000 0.575556
