0 1745 0.178750 0.620833 0.170000 0.751667
0 1746 0.770000 0.485000 0.122500 0.436667
0 1748 0.256875 0.556667 0.103750 0.456667
0 -1  0.151250 0.642500 0.172500 0.595000
0 -1  0.010000 0.401667 0.017500 0.090000
0 -1  0.033125 0.406667 0.021250 0.076667
0 -1  0.520000 0.410833 0.037500 0.155000
0 -1  0.561250 0.424167 0.050000 0.181667
0 -1  0.679375 0.409167 0.036250 0.145000
0 -1  0.701875 0.400833 0.033750 0.121667
0 -1  0.900625 0.410000 0.043750 0.160000
0 -1  0.945000 0.410833 0.035000 0.128333
0 -1  0.979375 0.392500 0.031250 0.111667
0 -1  0.398750 0.466667 0.037500 0.136667
0 -1  0.362500 0.397500 0.027500 0.098333
