0 8601 0.215000 0.447778 0.072500 0.522222
0 8602 0.298750 0.465556 0.080000 0.513333
0 8603 0.373125 0.461111 0.066250 0.526667
0 8604 0.448750 0.454444 0.080000 0.562222
0 8605 0.530625 0.464444 0.076250 0.560000
0 8606 0.612500 0.472222 0.092500 0.593333
0 8607 0.697500 0.477778 0.067500 0.595556
0 8608 0.786250 0.468889 0.092500 0.640000
0 -1  0.271250 0.384444 0.070000 0.488889
0 -1  0.345000 0.375556 0.055000 0.488889
0 -1  0.424375 0.376667 0.068750 0.500000
0 -1  0.511250 0.378889 0.060000 0.504444
0 -1  0.584375 0.366667 0.071250 0.524444
0 -1  0.680625 0.385556 0.071250 0.522222
0 -1  0.761875 0.378889 0.071250 0.566667
0 -1  0.856250 0.374444 0.080000 0.584444
