0 8690 0.418125 0.524444 0.106250 0.657778
0 8691 0.670625 0.560000 0.133750 0.857778
0 8692 0.298750 0.606667 0.097500 0.733333
0 8693 0.553750 0.533333 0.035000 0.204444
0 8694 0.477500 0.532222 0.032500 0.175556
0 8695 0.851875 0.573333 0.106250 0.622222
0 -1  0.225000 0.305556 0.037500 0.113333
0 -1  0.050625 0.354444 0.026250 0.091111
0 -1  0.047500 0.487778 0.042500 0.166667
0 -1  0.082500 0.472222 0.040000 0.162222
0 -1  0.118125 0.477778 0.033750 0.160000
0 -1  0.150000 0.491111 0.032500 0.137778
0 -1  0.168125 0.470000 0.028750 0.140000
0 -1  0.511875 0.551111 0.026250 0.195556
0 -1  0.533125 0.545556 0.021250 0.180000
0 -1  0.581875 0.575556 0.048750 0.275556
