0 8627 0.750625 0.244444 0.031250 0.204444
0 8629 0.714375 0.446667 0.053750 0.315556
0 8630 0.948125 0.290000 0.041250 0.233333
0 8631 0.666875 0.428889 0.053750 0.320000
0 8632 0.779375 0.296667 0.033750 0.211111
0 8633 0.811250 0.300000 0.035000 0.222222
0 8634 0.848125 0.311111 0.036250 0.213333
0 8635 0.885625 0.321111 0.043750 0.215556
0 8636 0.923125 0.334444 0.038750 0.233333
0 -1  0.895625 0.271111 0.038750 0.200000
0 -1  0.860000 0.250000 0.032500 0.202222
0 -1  0.793125 0.235556 0.031250 0.186667
0 -1  0.716250 0.230000 0.037500 0.180000
0 -1  0.717500 0.277778 0.030000 0.168889
