0 1752 0.530000 0.455000 0.092500 0.366667
0 1753 0.240000 0.507500 0.090000 0.345000
0 1754 0.152500 0.472500 0.065000 0.255000
0 1756 0.085000 0.450833 0.082500 0.295000
0 -1  0.032500 0.478333 0.062500 0.333333
0 -1  0.358125 0.390833 0.043750 0.195000
0 -1  0.419375 0.420000 0.051250 0.230000
0 -1  0.461875 0.420833 0.056250 0.231667
0 -1  0.573125 0.414167 0.046250 0.228333
0 -1  0.610000 0.410000 0.047500 0.223333
0 -1  0.624375 0.395000 0.048750 0.220000
0 -1  0.680625 0.386667 0.036250 0.130000
0 -1  0.740000 0.400000 0.040000 0.196667
0 -1  0.970625 0.397500 0.048750 0.208333
0 -1  0.270625 0.354167 0.021250 0.075000
0 -1  0.293750 0.347500 0.017500 0.071667
0 -1  0.321875 0.349167 0.016250 0.085000
0 -1  0.800625 0.385000 0.033750 0.156667
0 -1  0.392500 0.361667 0.022500 0.096667
