0 8682 0.897500 0.567778 0.087500 0.580000
0 8683 0.661250 0.568889 0.080000 0.631111
0 8684 0.230000 0.564444 0.092500 0.728889
0 8685 0.505625 0.565556 0.083750 0.660000
0 8686 0.782500 0.576667 0.077500 0.584444
0 8687 0.723750 0.567778 0.077500 0.615556
0 8689 0.100625 0.560000 0.103750 0.768889
0 8701 0.318125 0.563333 0.088750 0.708889
0 8702 0.418750 0.553333 0.105000 0.711111
0 8703 0.600000 0.570000 0.102500 0.642222
0 -1  0.177500 0.561111 0.090000 0.735556
0 -1  0.795625 0.560000 0.073750 0.560000
