0 8626 0.139375 0.580000 0.083750 0.626667
0 8630 0.860625 0.476667 0.098750 0.695556
0 8631 0.235625 0.556667 0.093750 0.682222
0 8632 0.341250 0.575556 0.082500 0.653333
0 8633 0.439375 0.566667 0.106250 0.675556
0 8634 0.535000 0.576667 0.080000 0.664444
0 8635 0.649375 0.590000 0.108750 0.673333
0 8636 0.746250 0.583333 0.090000 0.713333
0 -1  0.181250 0.484444 0.085000 0.617778
0 -1  0.280000 0.473333 0.080000 0.622222
0 -1  0.386875 0.476667 0.088750 0.611111
0 -1  0.499375 0.470000 0.083750 0.606667
0 -1  0.599375 0.464444 0.101250 0.648889
0 -1  0.699375 0.476667 0.096250 0.615556
