0 1752 0.450625 0.515833 0.111250 0.428333
0 1753 0.310000 0.535000 0.087500 0.336667
0 1754 0.212500 0.498333 0.065000 0.250000
0 1756 0.147500 0.476667 0.075000 0.290000
0 -1  0.046250 0.555000 0.090000 0.453333
0 -1  0.513125 0.449167 0.051250 0.238333
0 -1  0.538125 0.444167 0.043750 0.235000
0 -1  0.649375 0.445833 0.048750 0.241667
0 -1  0.721250 0.446667 0.067500 0.260000
0 -1  0.785625 0.431667 0.068750 0.263333
0 -1  0.861875 0.407500 0.036250 0.168333
0 -1  0.578125 0.412500 0.028750 0.131667
0 -1  0.594375 0.410000 0.026250 0.130000
0 -1  0.410000 0.418333 0.045000 0.190000
0 -1  0.321875 0.378333 0.018750 0.070000
0 -1  0.344375 0.374167 0.016250 0.078333
0 -1  0.101875 0.483333 0.063750 0.326667
0 -1  0.606250 0.401667 0.037500 0.143333
