0 8671 0.748125 0.191111 0.033750 0.226667
0 8672 0.975000 0.302222 0.040000 0.271111
0 8673 0.938125 0.284444 0.036250 0.253333
0 8674 0.715000 0.428889 0.060000 0.355556
0 8675 0.853125 0.265556 0.043750 0.237778
0 8676 0.815625 0.254444 0.041250 0.237778
0 8677 0.780000 0.246667 0.035000 0.226667
0 8678 0.666875 0.402222 0.048750 0.346667
0 -1  0.789375 0.183333 0.026250 0.180000
0 -1  0.831250 0.175556 0.030000 0.160000
0 -1  0.870000 0.191111 0.032500 0.195556
0 -1  0.911250 0.215556 0.037500 0.226667
