0 8648 0.680000 0.423333 0.102500 0.491111
0 -1  0.565000 0.315556 0.045000 0.271111
0 -1  0.180000 0.394444 0.050000 0.291111
0 -1  0.135625 0.443333 0.051250 0.255556
0 -1  0.276875 0.367778 0.041250 0.228889
0 -1  0.238750 0.400000 0.042500 0.235556
0 -1  0.409375 0.282222 0.041250 0.217778
0 -1  0.511875 0.288889 0.041250 0.257778
0 -1  0.450625 0.283333 0.036250 0.197778
0 -1  0.326875 0.358889 0.038750 0.206667
0 -1  0.060625 0.302222 0.058750 0.297778
0 -1  0.025000 0.303333 0.047500 0.277778
