0 8671 0.750000 0.187778 0.035000 0.228889
0 8672 0.975625 0.302222 0.041250 0.271111
0 8673 0.937500 0.286667 0.040000 0.253333
0 8674 0.714375 0.430000 0.061250 0.362222
0 8675 0.853125 0.265556 0.043750 0.233333
0 8676 0.815000 0.251111 0.040000 0.231111
0 8677 0.781250 0.246667 0.037500 0.226667
0 8678 0.666875 0.403333 0.046250 0.348889
0 -1  0.788750 0.184444 0.037500 0.182222
0 -1  0.826250 0.186667 0.032500 0.195556
0 -1  0.871875 0.190000 0.036250 0.188889
0 -1  0.909375 0.218889 0.036250 0.228889
