0 8653 0.593125 0.566667 0.098750 0.800000
0 -1  0.038750 0.777778 0.075000 0.360000
0 -1  0.074375 0.775556 0.061250 0.360000
0 -1  0.137500 0.755556 0.067500 0.333333
0 -1  0.201875 0.726667 0.061250 0.342222
0 -1  0.248125 0.715556 0.058750 0.337778
0 -1  0.284375 0.705556 0.056250 0.300000
0 -1  0.325625 0.694444 0.048750 0.304444
0 -1  0.383125 0.706667 0.046250 0.284444
0 -1  0.427500 0.710000 0.055000 0.264444
0 -1  0.478750 0.722222 0.042500 0.297778
0 -1  0.771875 0.677778 0.051250 0.284444
0 -1  0.841250 0.704444 0.047500 0.248889
