0 8626 0.680625 0.448889 0.041250 0.311111
0 8630 0.949375 0.292222 0.048750 0.233333
0 8632 0.778125 0.294444 0.031250 0.211111
0 8633 0.811250 0.298889 0.037500 0.220000
0 8634 0.844375 0.312222 0.036250 0.220000
0 8635 0.882500 0.323333 0.040000 0.220000
0 8636 0.923125 0.334444 0.036250 0.237778
0 8637 0.716875 0.242222 0.031250 0.200000
0 -1  0.786875 0.251111 0.033750 0.204444
0 -1  0.826250 0.250000 0.027500 0.188889
0 -1  0.889375 0.274444 0.033750 0.202222
0 -1  0.748125 0.284444 0.036250 0.217778
0 -1  0.633750 0.420000 0.045000 0.328889
