0 8601 0.123750 0.537778 0.090000 0.631111
0 8602 0.225000 0.555556 0.100000 0.622222
0 8603 0.325625 0.553333 0.083750 0.622222
0 8604 0.420000 0.541111 0.100000 0.664444
0 8605 0.521875 0.552222 0.088750 0.642222
0 8606 0.622500 0.557778 0.102500 0.680000
0 8607 0.729375 0.565556 0.083750 0.682222
0 8608 0.846875 0.563333 0.106250 0.735556
0 -1  0.179375 0.464444 0.091250 0.622222
0 -1  0.268125 0.446667 0.083750 0.568889
0 -1  0.376875 0.447778 0.083750 0.588889
0 -1  0.477500 0.452222 0.070000 0.597778
0 -1  0.570000 0.441111 0.085000 0.620000
0 -1  0.676250 0.465556 0.085000 0.602222
0 -1  0.797500 0.451111 0.100000 0.653333
0 -1  0.873750 0.446667 0.112500 0.657778
