0 8670 0.840625 0.411111 0.098750 0.711111
0 8671 0.158125 0.424444 0.093750 0.648889
0 8672 0.774375 0.524444 0.111250 0.751111
0 8673 0.666250 0.521111 0.090000 0.726667
0 8674 0.558125 0.508889 0.098750 0.702222
0 8675 0.441250 0.527778 0.090000 0.677778
0 8676 0.346250 0.526667 0.110000 0.666667
0 8677 0.230625 0.526667 0.071250 0.688889
0 -1  0.264375 0.437778 0.093750 0.626667
0 -1  0.377500 0.418889 0.095000 0.642222
0 -1  0.477500 0.418889 0.092500 0.664444
0 -1  0.607500 0.412222 0.105000 0.691111
0 -1  0.718125 0.417778 0.101250 0.680000
