0 1745 0.318125 0.636667 0.178750 0.700000
0 1746 0.791250 0.496667 0.097500 0.346667
0 1747 0.119375 0.561667 0.131250 0.463333
0 -1  0.211875 0.585000 0.096250 0.463333
0 -1  0.240625 0.633333 0.133750 0.530000
0 -1  0.470625 0.435833 0.043750 0.161667
0 -1  0.520625 0.452500 0.046250 0.181667
0 -1  0.645625 0.435000 0.041250 0.146667
0 -1  0.711875 0.428333 0.033750 0.120000
0 -1  0.826875 0.434167 0.041250 0.151667
0 -1  0.871875 0.435833 0.036250 0.131667
0 -1  0.923125 0.434167 0.041250 0.151667
0 -1  0.971250 0.420833 0.042500 0.161667
