0 1752 0.425625 0.535000 0.138750 0.520000
0 1755 0.075000 0.405000 0.057500 0.220000
0 1757 0.325000 0.459167 0.082500 0.295000
0 2721 0.181250 0.389167 0.035000 0.125000
0 -1  0.023750 0.405833 0.045000 0.215000
0 -1  0.101250 0.402500 0.050000 0.191667
0 -1  0.145000 0.390000 0.042500 0.156667
0 -1  0.279375 0.412500 0.058750 0.235000
0 -1  0.626250 0.411667 0.042500 0.190000
0 -1  0.718750 0.445000 0.055000 0.243333
0 -1  0.765000 0.444167 0.050000 0.248333
0 -1  0.811250 0.415833 0.035000 0.151667
0 -1  0.841250 0.405000 0.040000 0.156667
0 -1  0.929375 0.424167 0.041250 0.181667
0 -1  0.890000 0.390833 0.020000 0.071667
0 -1  0.599375 0.371667 0.016250 0.063333
0 -1  0.586875 0.366667 0.016250 0.070000
