0 1758 0.581250 0.499167 0.070000 0.268333
0 1759 0.501875 0.486667 0.071250 0.256667
0 1760 0.293125 0.470833 0.063750 0.228333
0 1761 0.384375 0.451667 0.061250 0.220000
0 -1  0.640625 0.445000 0.018750 0.066667
0 -1  0.660000 0.468333 0.032500 0.116667
0 -1  0.681875 0.471667 0.031250 0.113333
0 -1  0.709375 0.456667 0.016250 0.070000
0 -1  0.733125 0.458333 0.016250 0.070000
0 -1  0.746250 0.459167 0.020000 0.075000
0 -1  0.765000 0.469167 0.015000 0.055000
0 -1  0.781875 0.457500 0.021250 0.085000
0 -1  0.795000 0.477500 0.015000 0.055000
0 -1  0.811875 0.467500 0.021250 0.075000
0 -1  0.852500 0.483333 0.035000 0.143333
0 -1  0.881250 0.501667 0.040000 0.163333
0 -1  0.933125 0.495833 0.048750 0.188333
0 -1  0.988125 0.501667 0.018750 0.206667
