0 8747 0.201875 0.508889 0.103750 0.608889
0 8748 0.298750 0.505556 0.095000 0.602222
0 8749 0.386250 0.510000 0.087500 0.606667
0 8750 0.475625 0.513333 0.088750 0.635556
0 8751 0.573750 0.531111 0.092500 0.640000
0 8752 0.693750 0.525556 0.112500 0.673333
0 8753 0.813750 0.535556 0.100000 0.675556
0 8754 0.871875 0.441111 0.108750 0.660000
0 -1  0.335625 0.414444 0.071250 0.646667
0 -1  0.544375 0.414444 0.091250 0.646667
0 -1  0.647500 0.421111 0.077500 0.682222
0 -1  0.748125 0.434444 0.081250 0.646667
0 -1  0.241875 0.437778 0.073750 0.608889
0 -1  0.333750 0.420000 0.077500 0.635556
0 -1  0.440625 0.426667 0.078750 0.622222
