0 8728 0.861875 0.542222 0.123750 0.688889
0 8729 0.306250 0.478889 0.060000 0.388889
0 8730 0.497500 0.477778 0.062500 0.444444
0 8731 0.257500 0.473333 0.065000 0.377778
0 8732 0.188750 0.482222 0.062500 0.408889
0 8735 0.361250 0.478889 0.062500 0.353333
0 8737 0.448125 0.481111 0.061250 0.388889
0 8738 0.789375 0.503333 0.071250 0.571111
0 -1  0.139375 0.474444 0.068750 0.384444
0 -1  0.232500 0.472222 0.057500 0.397778
0 -1  0.398125 0.486667 0.043750 0.386667
0 -1  0.570625 0.504444 0.063750 0.475556
0 -1  0.626250 0.533333 0.100000 0.568889
