0 1752 0.468750 0.467500 0.067500 0.241667
0 1755 0.293125 0.422500 0.038750 0.138333
0 1757 0.720625 0.490000 0.066250 0.270000
0 2721 0.404375 0.432500 0.033750 0.125000
0 -1  0.026875 0.394167 0.021250 0.078333
0 -1  0.086250 0.451667 0.045000 0.196667
0 -1  0.118125 0.455000 0.051250 0.213333
0 -1  0.170625 0.446667 0.061250 0.216667
0 -1  0.218125 0.392500 0.018750 0.068333
0 -1  0.264375 0.421667 0.036250 0.136667
0 -1  0.324375 0.419167 0.031250 0.128333
0 -1  0.368750 0.428333 0.035000 0.140000
0 -1  0.551250 0.408333 0.025000 0.103333
0 -1  0.590625 0.417500 0.021250 0.078333
0 -1  0.797500 0.466667 0.077500 0.276667
0 -1  0.830000 0.459167 0.042500 0.221667
0 -1  0.934375 0.411667 0.028750 0.103333
0 -1  0.954375 0.488333 0.063750 0.263333
0 -1  0.193125 0.400000 0.011250 0.040000
