0 8718 0.868750 0.441111 0.100000 0.691111
0 8719 0.182500 0.533333 0.087500 0.666667
0 8720 0.315000 0.537778 0.105000 0.666667
0 8721 0.421250 0.534444 0.085000 0.682222
0 8722 0.521250 0.534444 0.097500 0.695556
0 8723 0.582500 0.437778 0.085000 0.640000
0 8724 0.641875 0.543333 0.088750 0.682222
0 8725 0.765000 0.535556 0.112500 0.760000
0 -1  0.230625 0.452222 0.071250 0.611111
0 -1  0.343125 0.454444 0.111250 0.637778
0 -1  0.460000 0.444444 0.080000 0.640000
0 -1  0.677500 0.443333 0.080000 0.668889
