0 1762 0.368750 0.479167 0.077500 0.275000
0 1763 0.453125 0.497500 0.078750 0.301667
0 1764 0.536875 0.499167 0.068750 0.271667
0 1765 0.661250 0.471667 0.075000 0.280000
0 -1  0.159375 0.411667 0.023750 0.123333
0 -1  0.193125 0.413333 0.026250 0.133333
0 -1  0.203125 0.419167 0.026250 0.115000
0 -1  0.255625 0.442500 0.041250 0.171667
0 -1  0.296250 0.435000 0.042500 0.176667
0 -1  0.322500 0.435833 0.037500 0.165000
0 -1  0.501250 0.475833 0.052500 0.225000
0 -1  0.621875 0.492500 0.071250 0.281667
