0 8998 0.628750 0.432222 0.052500 0.340000
0 8999 0.589375 0.438889 0.041250 0.322222
0 9000 0.846875 0.442222 0.061250 0.373333
0 9001 0.801250 0.427778 0.065000 0.371111
0 9002 0.918125 0.432222 0.078750 0.411111
0 9003 0.424375 0.442222 0.048750 0.355556
0 9005 0.707500 0.423333 0.060000 0.371111
0 -1  0.878750 0.435556 0.045000 0.426667
0 -1  0.665625 0.425556 0.046250 0.375556
0 -1  0.512500 0.458889 0.042500 0.313333
0 -1  0.470000 0.454444 0.040000 0.331111
0 -1  0.175625 0.617778 0.138750 0.742222
0 -1  0.335625 0.611111 0.198750 0.760000
