0 9163 0.268125 0.467778 0.098750 0.526667
0 9164 0.391875 0.510000 0.133750 0.633333
0 9165 0.698750 0.517778 0.167500 0.911111
0 -1  0.776250 0.570000 0.057500 0.380000
0 -1  0.934375 0.570000 0.031250 0.166667
0 -1  0.527500 0.541111 0.042500 0.282222
0 -1  0.474375 0.524444 0.028750 0.142222
0 -1  0.580000 0.537778 0.030000 0.146667
0 -1  0.318750 0.504444 0.030000 0.160000
0 -1  0.225625 0.485556 0.031250 0.193333
0 -1  0.193125 0.485556 0.028750 0.215556
0 -1  0.163125 0.482222 0.038750 0.213333
0 -1  0.126250 0.471111 0.042500 0.217778
0 -1  0.081875 0.476667 0.036250 0.215556
0 -1  0.042500 0.475556 0.050000 0.222222
0 -1  0.958750 0.573333 0.030000 0.146667
0 -1  0.495000 0.520000 0.025000 0.137778
