0 9163 0.278125 0.547778 0.093750 0.508889
0 9164 0.419375 0.567778 0.116250 0.655556
0 9165 0.704375 0.545556 0.168750 0.895556
0 -1  0.510625 0.591111 0.046250 0.297778
0 -1  0.780000 0.600000 0.077500 0.400000
0 -1  0.970625 0.586667 0.031250 0.142222
0 -1  0.940625 0.581111 0.031250 0.153333
0 -1  0.601875 0.593333 0.026250 0.142222
0 -1  0.556250 0.581111 0.025000 0.140000
0 -1  0.230625 0.565556 0.028750 0.193333
0 -1  0.200625 0.562222 0.036250 0.200000
0 -1  0.163750 0.561111 0.032500 0.206667
0 -1  0.129375 0.561111 0.038750 0.211111
0 -1  0.090625 0.570000 0.038750 0.211111
0 -1  0.053125 0.572222 0.043750 0.206667
0 -1  0.342500 0.572222 0.027500 0.197778
