0 9229 0.128750 0.568889 0.080000 0.546667
0 9230 0.199375 0.615556 0.046250 0.453333
0 9231 0.249375 0.614444 0.041250 0.433333
0 9232 0.295625 0.615556 0.043750 0.426667
0 9233 0.345625 0.641111 0.046250 0.384444
0 9234 0.420625 0.593333 0.083750 0.480000
0 9235 0.582500 0.654444 0.045000 0.340000
0 9236 0.670625 0.652222 0.066250 0.344444
0 9237 0.781250 0.542222 0.125000 0.666667
0 9238 0.895000 0.678889 0.060000 0.304444
0 9239 0.046250 0.611111 0.077500 0.480000
0 -1  0.951250 0.702222 0.050000 0.266667
0 -1  0.983125 0.681111 0.023750 0.286667
0 -1  0.851250 0.684444 0.047500 0.275556
0 -1  0.623125 0.685556 0.043750 0.277778
0 -1  0.523750 0.647778 0.067500 0.353333
