0 9234 0.863750 0.470000 0.072500 0.380000
0 9248 0.293125 0.538889 0.078750 0.451111
0 9251 0.512500 0.534444 0.085000 0.553333
0 9252 0.657500 0.658889 0.125000 0.668889
0 9253 0.761250 0.620000 0.125000 0.733333
0 -1  0.540625 0.494444 0.048750 0.375556
0 -1  0.433750 0.508889 0.055000 0.448889
0 -1  0.486875 0.521111 0.051250 0.411111
0 -1  0.385625 0.542222 0.086250 0.515556
0 -1  0.330625 0.524444 0.048750 0.444444
0 -1  0.245000 0.492222 0.050000 0.286667
0 -1  0.174375 0.471111 0.071250 0.373333
0 -1  0.081875 0.581111 0.131250 0.806667
