0 9197 0.287500 0.762222 0.095000 0.453333
0 9198 0.346875 0.786667 0.078750 0.395556
0 9199 0.431250 0.788889 0.082500 0.395556
0 9200 0.751875 0.784444 0.076250 0.364444
0 9201 0.795625 0.746667 0.038750 0.186667
0 9202 0.628125 0.723333 0.026250 0.126667
0 9203 0.653750 0.715556 0.030000 0.146667
0 -1  0.710000 0.720000 0.027500 0.146667
0 -1  0.687500 0.726667 0.025000 0.128889
0 -1  0.599375 0.725556 0.026250 0.135556
0 -1  0.566875 0.715556 0.026250 0.120000
0 -1  0.528125 0.683333 0.021250 0.077778
0 -1  0.484375 0.768889 0.041250 0.288889
0 -1  0.469375 0.793333 0.043750 0.328889
0 -1  0.217500 0.697778 0.025000 0.088889
0 -1  0.108125 0.701111 0.023750 0.086667
0 -1  0.055625 0.672222 0.018750 0.060000
0 -1  0.010625 0.704444 0.018750 0.084444
