0 9229 0.056875 0.561111 0.106250 0.611111
0 9230 0.120625 0.593333 0.063750 0.475556
0 9231 0.181250 0.603333 0.060000 0.460000
0 9232 0.229375 0.606667 0.061250 0.457778
0 9233 0.288750 0.626667 0.065000 0.404444
0 9234 0.364375 0.587778 0.081250 0.495556
0 9235 0.546250 0.653333 0.057500 0.328889
0 9236 0.624375 0.634444 0.068750 0.348889
0 9237 0.749375 0.536667 0.133750 0.673333
0 9238 0.868750 0.668889 0.062500 0.320000
0 -1  0.978750 0.697778 0.030000 0.257778
0 -1  0.930625 0.640000 0.053750 0.373333
0 -1  0.818125 0.617778 0.056250 0.448889
0 -1  0.669375 0.677778 0.041250 0.280000
0 -1  0.593750 0.668889 0.045000 0.280000
0 -1  0.510625 0.633333 0.041250 0.377778
0 -1  0.475000 0.636667 0.040000 0.393333
0 -1  0.431250 0.618889 0.052500 0.420000
