0 9248 0.128125 0.548889 0.106250 0.511111
0 9249 0.232500 0.480000 0.095000 0.440000
0 9250 0.368125 0.537778 0.121250 0.622222
0 -1  0.255625 0.448889 0.053750 0.448889
0 -1  0.431250 0.454444 0.055000 0.442222
0 -1  0.510000 0.486667 0.060000 0.466667
0 -1  0.578125 0.417778 0.056250 0.355556
0 -1  0.635000 0.408889 0.040000 0.346667
0 -1  0.673125 0.422222 0.046250 0.333333
0 -1  0.893125 0.496667 0.188750 0.962222
0 -1  0.477500 0.424444 0.050000 0.377778
0 -1  0.750000 0.411111 0.067500 0.377778
