0 1795 0.397500 0.491875 0.418333 0.868750
0 -1  0.940833 0.138125 0.048333 0.103750
0 -1  0.905833 0.136250 0.051667 0.105000
0 -1  0.661667 0.113125 0.040000 0.086250
0 -1  0.646667 0.106875 0.043333 0.101250
0 -1  0.270833 0.088125 0.045000 0.091250
0 -1  0.333333 0.203750 0.046667 0.095000
0 -1  0.080833 0.505000 0.155000 0.980000
0 -1  0.596667 0.337500 0.036667 0.075000
0 -1  0.627500 0.314375 0.035000 0.081250
0 -1  0.699167 0.380625 0.045000 0.101250
0 -1  0.624167 0.114375 0.041667 0.091250
