0 1808 0.530833 0.398750 0.201667 0.427500
0 -1  0.035000 0.263125 0.050000 0.101250
0 -1  0.071667 0.253125 0.040000 0.081250
0 -1  0.088333 0.258125 0.036667 0.081250
0 -1  0.180833 0.261875 0.041667 0.086250
0 -1  0.210000 0.261875 0.036667 0.078750
0 -1  0.242500 0.280625 0.048333 0.098750
0 -1  0.686667 0.283125 0.036667 0.083750
0 -1  0.707500 0.283750 0.038333 0.082500
0 -1  0.765833 0.291875 0.041667 0.086250
0 -1  0.805000 0.364375 0.110000 0.248750
0 -1  0.890833 0.412500 0.168333 0.357500
0 -1  0.108333 0.586875 0.060000 0.113750
0 -1  0.029167 0.688750 0.051667 0.150000
