0 1814 0.360000 0.433125 0.203333 0.446250
0 1815 0.887500 0.435000 0.221667 0.517500
0 -1  0.130000 0.311875 0.116667 0.256250
0 -1  0.295833 0.347500 0.108333 0.237500
0 -1  0.460000 0.291250 0.063333 0.127500
0 -1  0.505000 0.293125 0.063333 0.128750
0 -1  0.552500 0.286875 0.065000 0.131250
0 -1  0.598333 0.289375 0.063333 0.128750
0 -1  0.645833 0.388750 0.135000 0.322500
0 -1  0.690000 0.351875 0.103333 0.253750
0 -1  0.859167 0.405000 0.141667 0.327500
0 -1  0.802500 0.256250 0.025000 0.052500
0 -1  0.819167 0.259375 0.021667 0.043750
0 -1  0.845000 0.259375 0.023333 0.048750
0 -1  0.413333 0.263125 0.033333 0.081250
0 -1  0.436667 0.265000 0.033333 0.077500
