0 1823 0.276667 0.364375 0.260000 0.623750
0 -1  0.038333 0.185625 0.070000 0.241250
0 -1  0.163333 0.205000 0.083333 0.190000
0 -1  0.386667 0.220000 0.070000 0.170000
0 -1  0.458333 0.204375 0.053333 0.128750
0 -1  0.576667 0.213750 0.036667 0.117500
0 -1  0.600833 0.200000 0.048333 0.102500
0 -1  0.638333 0.189375 0.030000 0.068750
0 -1  0.686667 0.193750 0.030000 0.065000
0 -1  0.727500 0.203125 0.041667 0.091250
0 -1  0.751667 0.380000 0.226667 0.475000
0 -1  0.870833 0.206250 0.028333 0.057500
0 -1  0.904167 0.394375 0.171667 0.436250
