0 1817 0.538333 0.332500 0.160000 0.345000
0 1819 0.062500 0.331875 0.121667 0.271250
0 -1  0.110000 0.331250 0.120000 0.242500
0 -1  0.181667 0.322500 0.116667 0.235000
0 -1  0.595000 0.188125 0.030000 0.061250
0 -1  0.675000 0.248750 0.036667 0.085000
0 -1  0.698333 0.243125 0.036667 0.088750
0 -1  0.749167 0.245000 0.048333 0.117500
0 -1  0.773333 0.236250 0.053333 0.130000
0 -1  0.793333 0.240000 0.046667 0.097500
0 -1  0.839167 0.235625 0.051667 0.118750
0 -1  0.873333 0.234375 0.033333 0.093750
0 -1  0.922500 0.232500 0.031667 0.077500
