0 1820 0.464167 0.363750 0.231667 0.562500
0 -1  0.084167 0.438750 0.038333 0.097500
0 -1  0.100000 0.410625 0.036667 0.076250
0 -1  0.143333 0.414375 0.040000 0.081250
0 -1  0.189167 0.401250 0.031667 0.077500
0 -1  0.260000 0.430625 0.040000 0.088750
0 -1  0.113333 0.190625 0.040000 0.081250
0 -1  0.165000 0.191250 0.040000 0.082500
0 -1  0.212500 0.190000 0.038333 0.077500
0 -1  0.265833 0.205625 0.061667 0.123750
0 -1  0.303333 0.204375 0.046667 0.093750
0 -1  0.571667 0.219375 0.033333 0.093750
0 -1  0.599167 0.216250 0.031667 0.102500
0 -1  0.628333 0.222500 0.026667 0.075000
0 -1  0.659167 0.221250 0.025000 0.062500
0 -1  0.689167 0.229375 0.038333 0.088750
0 -1  0.711667 0.232500 0.033333 0.100000
0 -1  0.726667 0.230625 0.033333 0.088750
0 -1  0.790833 0.229375 0.051667 0.106250
0 -1  0.890000 0.235625 0.046667 0.093750
0 -1  0.967500 0.240000 0.041667 0.082500
0 -1  0.622500 0.452500 0.031667 0.072500
0 -1  0.050000 0.415625 0.036667 0.078750
