0 1820 0.418333 0.356250 0.180000 0.362500
0 -1  0.038333 0.505625 0.046667 0.093750
0 -1  0.015000 0.423125 0.026667 0.076250
0 -1  0.045833 0.433750 0.038333 0.075000
0 -1  0.132500 0.380625 0.041667 0.086250
0 -1  0.142500 0.312500 0.038333 0.077500
0 -1  0.180833 0.262500 0.031667 0.075000
0 -1  0.200000 0.251875 0.036667 0.073750
0 -1  0.490833 0.276250 0.061667 0.142500
0 -1  0.540833 0.287500 0.061667 0.125000
0 -1  0.658333 0.301250 0.070000 0.140000
0 -1  0.726667 0.294375 0.076667 0.156250
0 -1  0.752500 0.291875 0.058333 0.133750
0 -1  0.797500 0.296250 0.051667 0.112500
0 -1  0.811667 0.288125 0.056667 0.131250
0 -1  0.938333 0.333750 0.103333 0.217500
0 -1  0.106667 0.238125 0.033333 0.066250
0 -1  0.032500 0.471875 0.041667 0.083750
0 -1  0.225833 0.241250 0.035000 0.075000
