0 1820 0.346667 0.371875 0.226667 0.488750
0 1821 0.175833 0.320625 0.148333 0.343750
0 -1  0.210833 0.223125 0.048333 0.118750
0 -1  0.279167 0.230625 0.041667 0.111250
0 -1  0.465000 0.238125 0.036667 0.073750
0 -1  0.722500 0.254375 0.021667 0.048750
0 -1  0.710833 0.398125 0.021667 0.051250
0 -1  0.885833 0.410000 0.025000 0.055000
0 -1  0.852500 0.389375 0.025000 0.051250
0 -1  0.829167 0.402500 0.021667 0.047500
0 -1  0.739167 0.390000 0.018333 0.047500
0 -1  0.684167 0.399375 0.021667 0.046250
0 -1  0.645833 0.390625 0.021667 0.051250
0 -1  0.625000 0.393750 0.020000 0.047500
0 -1  0.570833 0.389375 0.018333 0.043750
0 -1  0.540000 0.383125 0.020000 0.048750
0 -1  0.526667 0.386250 0.020000 0.045000
0 -1  0.592500 0.371875 0.018333 0.046250
0 -1  0.572500 0.238750 0.021667 0.057500
0 -1  0.586667 0.239375 0.020000 0.053750
0 -1  0.606667 0.240625 0.020000 0.051250
0 -1  0.750000 0.268125 0.016667 0.046250
0 -1  0.765833 0.272500 0.018333 0.047500
0 -1  0.916667 0.403125 0.023333 0.048750
0 -1  0.970833 0.411875 0.018333 0.043750
0 -1  0.984167 0.392500 0.021667 0.045000
0 -1  0.972500 0.366250 0.015000 0.040000
0 -1  0.913333 0.258750 0.020000 0.037500
0 -1  0.930000 0.258125 0.020000 0.041250
0 -1  0.945000 0.410000 0.023333 0.050000
