0 1826 0.563333 0.355000 0.153333 0.337500
0 -1  0.152500 0.272500 0.041667 0.107500
0 -1  0.281667 0.276250 0.050000 0.107500
0 -1  0.316667 0.275625 0.043333 0.103750
0 -1  0.455000 0.335000 0.100000 0.200000
0 -1  0.639167 0.282500 0.028333 0.065000
0 -1  0.665000 0.280000 0.030000 0.072500
0 -1  0.704167 0.283125 0.031667 0.068750
0 -1  0.730833 0.280000 0.028333 0.072500
0 -1  0.756667 0.282500 0.033333 0.077500
0 -1  0.785833 0.316250 0.078333 0.165000
0 -1  0.816667 0.306250 0.056667 0.182500
0 -1  0.882500 0.536250 0.228333 0.725000
