0 1824 0.539167 0.391875 0.188333 0.378750
0 1825 0.173333 0.383750 0.186667 0.385000
0 -1  0.033333 0.224375 0.046667 0.096250
0 -1  0.090833 0.225625 0.041667 0.083750
0 -1  0.209167 0.224375 0.025000 0.053750
0 -1  0.229167 0.223750 0.021667 0.055000
0 -1  0.250000 0.225000 0.023333 0.057500
0 -1  0.317500 0.226250 0.021667 0.052500
0 -1  0.310000 0.250625 0.026667 0.061250
0 -1  0.333333 0.252500 0.023333 0.057500
0 -1  0.287500 0.336875 0.028333 0.061250
0 -1  0.310000 0.335625 0.026667 0.056250
0 -1  0.052500 0.429375 0.035000 0.073750
0 -1  0.094167 0.433125 0.035000 0.073750
0 -1  0.242500 0.442500 0.031667 0.072500
0 -1  0.275833 0.441250 0.035000 0.070000
0 -1  0.261667 0.408125 0.030000 0.066250
0 -1  0.230000 0.377500 0.026667 0.062500
0 -1  0.099167 0.414375 0.031667 0.076250
0 -1  0.279167 0.302500 0.021667 0.052500
0 -1  0.295833 0.306875 0.021667 0.053750
0 -1  0.627500 0.246875 0.031667 0.066250
0 -1  0.721667 0.248125 0.023333 0.051250
0 -1  0.935833 0.301250 0.071667 0.145000
0 -1  0.390833 0.369375 0.135000 0.311250
