0 1830 0.521667 0.394375 0.193333 0.416250
0 1831 0.590000 0.432500 0.213333 0.440000
0 -1  0.254167 0.292500 0.091667 0.185000
0 -1  0.383333 0.287500 0.076667 0.155000
0 -1  0.438333 0.293125 0.073333 0.146250
0 -1  0.730000 0.325625 0.080000 0.178750
0 -1  0.697500 0.323125 0.061667 0.163750
0 -1  0.800833 0.434375 0.028333 0.061250
0 -1  0.894167 0.305625 0.025000 0.058750
0 -1  0.930833 0.368750 0.028333 0.067500
0 -1  0.930833 0.409375 0.028333 0.068750
0 -1  0.903333 0.417500 0.023333 0.047500
0 -1  0.948333 0.444375 0.030000 0.068750
0 -1  0.982500 0.503125 0.031667 0.078750
