0 1837 0.411667 0.470000 0.150000 0.300000
0 -1  0.145833 0.386250 0.148333 0.412500
0 -1  0.251667 0.443750 0.160000 0.370000
0 -1  0.470000 0.423750 0.066667 0.150000
0 -1  0.547500 0.448750 0.061667 0.132500
0 -1  0.613333 0.377500 0.056667 0.125000
0 -1  0.634167 0.523750 0.105000 0.220000
0 -1  0.735000 0.546875 0.086667 0.181250
0 -1  0.824167 0.560625 0.075000 0.161250
0 -1  0.922500 0.536875 0.075000 0.153750
0 -1  0.721667 0.299375 0.043333 0.098750
0 -1  0.745000 0.307500 0.043333 0.100000
0 -1  0.791667 0.311875 0.050000 0.108750
0 -1  0.835000 0.386875 0.050000 0.108750
0 -1  0.874167 0.378750 0.048333 0.110000
0 -1  0.970833 0.371250 0.048333 0.102500
0 -1  0.874167 0.905000 0.125000 0.185000
0 -1  0.960833 0.210000 0.035000 0.072500
0 -1  0.977500 0.213125 0.035000 0.071250
