0 1845 0.357500 0.322500 0.135000 0.300000
0 1846 0.467500 0.324375 0.148333 0.318750
0 -1  0.600000 0.246875 0.030000 0.066250
0 -1  0.632500 0.221875 0.028333 0.066250
0 -1  0.652500 0.223750 0.025000 0.062500
0 -1  0.745833 0.240625 0.041667 0.096250
0 -1  0.819167 0.293750 0.095000 0.205000
0 -1  0.775000 0.245625 0.040000 0.093750
0 -1  0.871667 0.263125 0.070000 0.156250
0 -1  0.046667 0.213750 0.036667 0.080000
0 -1  0.167500 0.219375 0.031667 0.073750
0 -1  0.245833 0.215625 0.028333 0.066250
0 -1  0.100833 0.217500 0.031667 0.075000
0 -1  0.482500 0.227500 0.028333 0.060000
0 -1  0.490833 0.216875 0.028333 0.063750
