0 1854 0.418333 0.399375 0.253333 0.593750
0 1855 0.611667 0.436875 0.223333 0.526250
0 -1  0.868333 0.563750 0.250000 0.837500
0 -1  0.444167 0.035000 0.025000 0.065000
0 -1  0.494167 0.055625 0.025000 0.058750
0 -1  0.514167 0.057500 0.025000 0.065000
0 -1  0.034167 0.259375 0.031667 0.073750
0 -1  0.068333 0.260625 0.030000 0.071250
0 -1  0.100000 0.265000 0.033333 0.077500
0 -1  0.202500 0.268125 0.028333 0.068750
0 -1  0.683333 0.268750 0.023333 0.050000
0 -1  0.735000 0.279375 0.026667 0.061250
0 -1  0.747500 0.277500 0.021667 0.060000
0 -1  0.776667 0.270625 0.023333 0.058750
0 -1  0.812500 0.268125 0.021667 0.056250
0 -1  0.837500 0.272500 0.021667 0.055000
0 -1  0.850000 0.274375 0.020000 0.048750
