0 1856 0.365833 0.322500 0.088333 0.177500
0 1857 0.443333 0.343750 0.063333 0.127500
0 -1  0.204167 0.271875 0.031667 0.078750
0 -1  0.224167 0.267500 0.031667 0.067500
0 -1  0.272500 0.300000 0.051667 0.132500
0 -1  0.411667 0.289375 0.043333 0.098750
0 -1  0.550000 0.310000 0.070000 0.172500
0 -1  0.621667 0.302500 0.070000 0.182500
0 -1  0.044167 0.510000 0.028333 0.062500
0 -1  0.014167 0.513750 0.025000 0.062500
0 -1  0.033333 0.568750 0.033333 0.067500
0 -1  0.032500 0.610000 0.031667 0.067500
