0 1873 0.475000 0.364375 0.183333 0.466250
0 1874 0.090000 0.425000 0.176667 0.537500
0 -1  0.371667 0.399375 0.126667 0.256250
0 -1  0.553333 0.349375 0.140000 0.333750
0 -1  0.589167 0.306875 0.098333 0.256250
0 -1  0.636667 0.240000 0.036667 0.112500
0 -1  0.678333 0.251250 0.046667 0.125000
0 -1  0.707500 0.248125 0.031667 0.103750
0 -1  0.742500 0.260625 0.055000 0.141250
0 -1  0.767500 0.271250 0.061667 0.157500
0 -1  0.833333 0.281250 0.080000 0.185000
0 -1  0.903333 0.296250 0.063333 0.175000
0 -1  0.869167 0.270000 0.071667 0.165000
0 -1  0.942500 0.364375 0.108333 0.406250
