0 1871 0.287500 0.378125 0.171667 0.391250
0 1872 0.454167 0.342500 0.151667 0.327500
0 -1  0.084167 0.283750 0.091667 0.205000
0 -1  0.184167 0.237500 0.045000 0.117500
0 -1  0.235833 0.244375 0.051667 0.113750
0 -1  0.361667 0.265625 0.050000 0.153750
0 -1  0.390833 0.264375 0.051667 0.156250
0 -1  0.427500 0.268750 0.068333 0.180000
0 -1  0.528333 0.241250 0.046667 0.122500
0 -1  0.681667 0.254375 0.043333 0.096250
0 -1  0.752500 0.243125 0.038333 0.088750
0 -1  0.793333 0.240625 0.043333 0.093750
0 -1  0.834167 0.247500 0.035000 0.082500
0 -1  0.877500 0.246875 0.035000 0.083750
0 -1  0.911667 0.245625 0.036667 0.078750
0 -1  0.930833 0.243750 0.028333 0.080000
0 -1  0.955833 0.245000 0.028333 0.070000
0 -1  0.975000 0.240000 0.026667 0.072500
0 -1  0.780833 0.473750 0.028333 0.062500
0 -1  0.819167 0.481250 0.028333 0.060000
0 -1  0.860000 0.430000 0.023333 0.052500
0 -1  0.878333 0.432500 0.030000 0.060000
0 -1  0.917500 0.463750 0.025000 0.060000
0 -1  0.937500 0.456875 0.025000 0.061250
0 -1  0.978333 0.075625 0.033333 0.078750
