0 10 0.641667 0.686875 0.280000 0.616250
0 -1  0.949167 0.531250 0.101667 0.312500
0 -1  0.855833 0.516875 0.101667 0.246250
0 -1  0.780000 0.528125 0.073333 0.196250
0 -1  0.734167 0.483125 0.045000 0.121250
0 -1  0.567500 0.490000 0.045000 0.112500
0 -1  0.520833 0.491875 0.048333 0.118750
0 -1  0.464167 0.497500 0.045000 0.127500
0 -1  0.416667 0.471250 0.026667 0.075000
0 -1  0.391667 0.469375 0.033333 0.081250
0 -1  0.302500 0.475000 0.041667 0.087500
0 -1  0.260833 0.486250 0.045000 0.130000
0 -1  0.222500 0.491875 0.068333 0.146250
0 -1  0.074167 0.525000 0.085000 0.172500
