0 1888 0.396667 0.325000 0.086667 0.212500
0 1889 0.259167 0.375625 0.181667 0.381250
0 -1  0.339167 0.320625 0.108333 0.223750
0 -1  0.130833 0.273750 0.035000 0.082500
0 -1  0.145833 0.263125 0.031667 0.073750
0 -1  0.188333 0.264375 0.030000 0.068750
0 -1  0.470000 0.251250 0.023333 0.055000
0 -1  0.487500 0.253125 0.021667 0.053750
0 -1  0.510833 0.250625 0.025000 0.056250
0 -1  0.565000 0.248125 0.026667 0.053750
0 -1  0.613333 0.241875 0.023333 0.053750
0 -1  0.678333 0.247500 0.023333 0.050000
0 -1  0.818333 0.253750 0.043333 0.087500
