0 1935 0.289167 0.390625 0.108333 0.218750
0 -1  0.761667 0.356250 0.073333 0.172500
0 -1  0.701667 0.324375 0.050000 0.101250
0 -1  0.655833 0.311875 0.031667 0.063750
0 -1  0.625833 0.311250 0.035000 0.077500
0 -1  0.608333 0.322500 0.040000 0.082500
0 -1  0.575000 0.310000 0.036667 0.075000
0 -1  0.557500 0.320625 0.038333 0.078750
0 -1  0.507500 0.310000 0.031667 0.077500
0 -1  0.491667 0.306875 0.033333 0.066250
0 -1  0.464167 0.331875 0.058333 0.116250
0 -1  0.427500 0.307500 0.021667 0.052500
0 -1  0.375000 0.309375 0.023333 0.053750
0 -1  0.354167 0.308125 0.028333 0.056250
0 -1  0.334167 0.315000 0.031667 0.075000
0 -1  0.295000 0.363750 0.103333 0.207500
0 -1  0.260000 0.344375 0.073333 0.156250
0 -1  0.526667 0.308125 0.020000 0.046250
0 -1  0.687500 0.313750 0.028333 0.067500
