0 1944 0.640000 0.272500 0.126667 0.270000
0 1946 0.445833 0.266875 0.111667 0.243750
0 -1  0.021667 0.182500 0.040000 0.095000
0 -1  0.055000 0.185625 0.040000 0.091250
0 -1  0.091667 0.166875 0.026667 0.053750
0 -1  0.168333 0.171250 0.030000 0.060000
0 -1  0.204167 0.173125 0.031667 0.063750
0 -1  0.265833 0.191250 0.045000 0.100000
0 -1  0.309167 0.189375 0.055000 0.111250
0 -1  0.354167 0.188750 0.038333 0.077500
0 -1  0.381667 0.194375 0.030000 0.061250
0 -1  0.578333 0.255625 0.103333 0.233750
0 -1  0.507500 0.198125 0.035000 0.066250
