0 -1  0.581667 0.491875 0.290000 0.581250
0 -1  0.965000 0.303750 0.023333 0.062500
0 -1  0.953333 0.303125 0.026667 0.061250
0 -1  0.920000 0.303125 0.030000 0.076250
0 -1  0.775000 0.298750 0.013333 0.052500
0 -1  0.765833 0.302500 0.021667 0.065000
0 -1  0.700000 0.301250 0.026667 0.072500
0 -1  0.683333 0.303125 0.026667 0.071250
0 -1  0.481667 0.290000 0.020000 0.045000
0 -1  0.829167 0.305625 0.035000 0.098750
0 -1  0.819167 0.325000 0.041667 0.112500
0 -1  0.890000 0.317500 0.053333 0.145000
0 -1  0.424167 0.361875 0.081667 0.206250
0 -1  0.348333 0.389375 0.113333 0.358750
