0 1950 0.310833 0.372500 0.095000 0.202500
0 1951 0.130000 0.351250 0.066667 0.152500
0 -1  0.024167 0.356875 0.045000 0.138750
0 -1  0.064167 0.331250 0.025000 0.055000
0 -1  0.086667 0.326250 0.030000 0.060000
0 -1  0.033333 0.330000 0.023333 0.050000
0 -1  0.365833 0.334375 0.028333 0.061250
0 -1  0.390833 0.340625 0.035000 0.096250
0 -1  0.515833 0.340000 0.048333 0.097500
0 -1  0.545000 0.336875 0.040000 0.081250
0 -1  0.940833 0.409375 0.108333 0.278750
0 -1  0.045000 0.325625 0.020000 0.046250
0 -1  0.787500 0.338125 0.038333 0.086250
