0 1950 0.520833 0.370000 0.131667 0.302500
0 1952 0.307500 0.328125 0.078333 0.156250
0 -1  0.120833 0.315625 0.071667 0.143750
0 -1  0.599167 0.362500 0.101667 0.205000
0 -1  0.667500 0.321250 0.041667 0.085000
0 -1  0.715000 0.330625 0.056667 0.113750
0 -1  0.745833 0.310000 0.031667 0.072500
0 -1  0.767500 0.325000 0.055000 0.120000
0 -1  0.801667 0.314375 0.040000 0.081250
0 -1  0.825833 0.334375 0.045000 0.101250
0 -1  0.861667 0.484375 0.230000 0.488750
0 -1  0.960000 0.308125 0.026667 0.071250
