0 1953 0.385833 0.405625 0.128333 0.283750
0 -1  0.033333 0.343750 0.063333 0.147500
0 -1  0.098333 0.404375 0.113333 0.283750
0 -1  0.428333 0.473750 0.133333 0.287500
0 -1  0.514167 0.357500 0.111667 0.225000
0 -1  0.648333 0.486250 0.260000 0.520000
0 -1  0.630000 0.326875 0.056667 0.123750
0 -1  0.762500 0.341250 0.058333 0.132500
0 -1  0.852500 0.341250 0.065000 0.137500
0 -1  0.925833 0.334375 0.041667 0.098750
0 -1  0.969167 0.326875 0.035000 0.083750
0 -1  0.565000 0.320000 0.036667 0.082500
