0 1958 0.348333 0.394375 0.186667 0.418750
0 -1  0.044167 0.345625 0.085000 0.311250
0 -1  0.140833 0.385625 0.168333 0.406250
0 -1  0.209167 0.316250 0.098333 0.222500
0 -1  0.253333 0.330625 0.100000 0.211250
0 -1  0.390833 0.326875 0.095000 0.216250
0 -1  0.435833 0.320625 0.071667 0.171250
0 -1  0.511667 0.315625 0.080000 0.161250
0 -1  0.533333 0.299375 0.056667 0.136250
0 -1  0.606667 0.293125 0.053333 0.108750
0 -1  0.650000 0.314375 0.073333 0.146250
0 -1  0.720833 0.292500 0.045000 0.092500
0 -1  0.780833 0.295625 0.041667 0.086250
0 -1  0.825833 0.285000 0.045000 0.092500
0 -1  0.890000 0.355625 0.153333 0.308750
0 -1  0.935833 0.291875 0.065000 0.136250
