0 1955 0.397500 0.428125 0.115000 0.231250
0 1956 0.323333 0.456250 0.096667 0.190000
0 1957 0.487500 0.409375 0.085000 0.171250
0 -1  0.180833 0.587500 0.358333 0.717500
0 -1  0.152500 0.395625 0.078333 0.168750
0 -1  0.230833 0.390000 0.075000 0.150000
0 -1  0.279167 0.373125 0.051667 0.106250
0 -1  0.340833 0.373750 0.038333 0.085000
0 -1  0.432500 0.378125 0.045000 0.108750
0 -1  0.461667 0.396250 0.043333 0.120000
0 -1  0.561667 0.415000 0.073333 0.167500
0 -1  0.630000 0.369375 0.023333 0.056250
0 -1  0.659167 0.368750 0.021667 0.055000
0 -1  0.675833 0.369375 0.025000 0.056250
0 -1  0.699167 0.368750 0.025000 0.067500
0 -1  0.731667 0.374375 0.033333 0.068750
0 -1  0.827500 0.373750 0.038333 0.077500
0 -1  0.782500 0.528125 0.178333 0.381250
0 -1  0.862500 0.375625 0.035000 0.071250
0 -1  0.891667 0.382500 0.040000 0.082500
0 -1  0.921667 0.369375 0.023333 0.048750
0 -1  0.954167 0.375625 0.031667 0.063750
0 -1  0.520000 0.376875 0.033333 0.078750
0 -1  0.590000 0.384375 0.043333 0.101250
0 -1  0.838333 0.371875 0.026667 0.058750
