0 1963 0.471667 0.375625 0.093333 0.186250
0 -1  0.120000 0.464375 0.236667 0.473750
0 -1  0.375833 0.333125 0.028333 0.083750
0 -1  0.412500 0.333750 0.028333 0.062500
0 -1  0.432500 0.330000 0.035000 0.070000
0 -1  0.503333 0.336875 0.030000 0.061250
0 -1  0.536667 0.336875 0.030000 0.066250
0 -1  0.565833 0.363750 0.061667 0.125000
0 -1  0.632500 0.336875 0.021667 0.056250
0 -1  0.643333 0.344375 0.023333 0.053750
0 -1  0.688333 0.344375 0.046667 0.096250
0 -1  0.708333 0.348750 0.036667 0.087500
0 -1  0.746667 0.450625 0.160000 0.321250
0 -1  0.841667 0.340625 0.030000 0.073750
0 -1  0.865000 0.348125 0.030000 0.076250
0 -1  0.900833 0.370000 0.051667 0.122500
0 -1  0.941667 0.392500 0.090000 0.222500
