0 1971 0.675833 0.325625 0.071667 0.146250
0 1972 0.401667 0.331250 0.090000 0.192500
0 -1  0.585833 0.333125 0.065000 0.151250
0 -1  0.111667 0.310000 0.050000 0.127500
0 -1  0.125000 0.302500 0.046667 0.127500
0 -1  0.157500 0.301250 0.048333 0.112500
0 -1  0.311667 0.322500 0.060000 0.135000
0 -1  0.369167 0.310625 0.061667 0.143750
0 -1  0.506667 0.311875 0.066667 0.133750
0 -1  0.545833 0.316875 0.038333 0.088750
0 -1  0.850833 0.320000 0.095000 0.190000
0 -1  0.949167 0.332500 0.088333 0.197500
0 -1  0.262500 0.301875 0.038333 0.091250
