0 1980 0.421667 0.293750 0.140000 0.282500
0 1981 0.874167 0.356875 0.141667 0.283750
0 -1  0.055833 0.279375 0.091667 0.216250
0 -1  0.103333 0.270000 0.080000 0.177500
0 -1  0.265833 0.266250 0.095000 0.202500
0 -1  0.322500 0.289375 0.045000 0.111250
0 -1  0.358333 0.278750 0.063333 0.172500
0 -1  0.474167 0.270000 0.085000 0.202500
0 -1  0.567500 0.286875 0.061667 0.143750
0 -1  0.611667 0.293750 0.040000 0.105000
0 -1  0.650833 0.285000 0.058333 0.117500
0 -1  0.723333 0.281875 0.063333 0.128750
0 -1  0.782500 0.278125 0.061667 0.123750
0 -1  0.897500 0.260000 0.068333 0.160000
