0 1977 0.362500 0.270000 0.141667 0.330000
0 1978 0.519167 0.280000 0.138333 0.315000
0 1979 0.608333 0.288125 0.116667 0.278750
0 -1  0.064167 0.241875 0.078333 0.181250
0 -1  0.134167 0.245000 0.081667 0.205000
0 -1  0.198333 0.260625 0.076667 0.181250
0 -1  0.271667 0.266250 0.080000 0.170000
0 -1  0.443333 0.266250 0.103333 0.207500
0 -1  0.670000 0.278750 0.060000 0.165000
0 -1  0.760833 0.260000 0.075000 0.162500
0 -1  0.802500 0.301875 0.135000 0.296250
0 -1  0.968333 0.236250 0.056667 0.212500
