0 109 0.422500 0.455000 0.095000 0.190000
0 -1  0.810000 0.313750 0.023333 0.047500
0 -1  0.754167 0.312500 0.018333 0.047500
0 -1  0.744167 0.312500 0.015000 0.042500
0 -1  0.727500 0.310000 0.015000 0.050000
0 -1  0.715833 0.312500 0.015000 0.047500
0 -1  0.686667 0.311875 0.016667 0.046250
0 -1  0.678333 0.331875 0.020000 0.053750
0 -1  0.590000 0.314375 0.016667 0.046250
0 -1  0.569167 0.330625 0.018333 0.046250
0 -1  0.580000 0.330000 0.020000 0.057500
0 -1  0.477500 0.311875 0.018333 0.053750
0 -1  0.383333 0.307500 0.016667 0.045000
0 -1  0.441667 0.305000 0.016667 0.045000
0 -1  0.450833 0.331875 0.018333 0.053750
0 -1  0.431667 0.331875 0.020000 0.046250
0 -1  0.415000 0.334375 0.016667 0.056250
0 -1  0.396667 0.331250 0.020000 0.062500
0 -1  0.317500 0.318125 0.021667 0.053750
0 -1  0.291667 0.316875 0.020000 0.051250
0 -1  0.282500 0.315000 0.018333 0.052500
0 -1  0.261667 0.317500 0.013333 0.047500
0 -1  0.254167 0.323750 0.025000 0.050000
0 -1  0.235000 0.326250 0.020000 0.055000
0 -1  0.221667 0.326875 0.020000 0.051250
0 -1  0.208333 0.323750 0.016667 0.050000
0 -1  0.176667 0.313125 0.016667 0.046250
0 -1  0.149167 0.308750 0.018333 0.045000
0 -1  0.144167 0.331250 0.015000 0.050000
0 -1  0.076667 0.323125 0.020000 0.053750
0 -1  0.032500 0.298125 0.018333 0.041250
0 -1  0.053333 0.320000 0.016667 0.050000
0 -1  0.033333 0.319375 0.016667 0.053750
