0 109 0.647500 0.601875 0.141667 0.283750
0 -1  0.984167 0.420625 0.018333 0.053750
0 -1  0.975000 0.422500 0.023333 0.055000
0 -1  0.882500 0.406250 0.018333 0.047500
0 -1  0.853333 0.411875 0.020000 0.051250
0 -1  0.827500 0.393125 0.018333 0.043750
0 -1  0.796667 0.395625 0.020000 0.043750
0 -1  0.707500 0.420000 0.021667 0.062500
0 -1  0.667500 0.419375 0.028333 0.066250
0 -1  0.652500 0.412500 0.021667 0.055000
0 -1  0.636667 0.410000 0.026667 0.060000
0 -1  0.488333 0.409375 0.020000 0.046250
0 -1  0.443333 0.410625 0.020000 0.053750
0 -1  0.412500 0.408125 0.015000 0.048750
0 -1  0.402500 0.407500 0.015000 0.050000
0 -1  0.387500 0.411875 0.015000 0.056250
0 -1  0.372500 0.405000 0.015000 0.055000
0 -1  0.311667 0.460625 0.033333 0.088750
0 -1  0.126667 0.416250 0.020000 0.062500
