0 1985 0.411667 0.426875 0.086667 0.173750
0 -1  0.060833 0.412500 0.065000 0.145000
0 -1  0.165000 0.428750 0.063333 0.147500
0 -1  0.240833 0.455000 0.088333 0.227500
0 -1  0.277500 0.435625 0.051667 0.106250
0 -1  0.325833 0.452500 0.098333 0.210000
0 -1  0.346667 0.422500 0.066667 0.142500
0 -1  0.431667 0.425000 0.060000 0.132500
0 -1  0.525000 0.436875 0.066667 0.133750
0 -1  0.622500 0.426875 0.085000 0.171250
0 -1  0.748333 0.440625 0.050000 0.111250
0 -1  0.815833 0.521250 0.178333 0.402500
0 -1  0.880000 0.661250 0.230000 0.660000
