0 110 0.577500 0.595000 0.135000 0.265000
0 -1  0.985833 0.402500 0.015000 0.050000
0 -1  0.974167 0.401875 0.015000 0.048750
0 -1  0.980000 0.413125 0.016667 0.046250
0 -1  0.906667 0.401875 0.020000 0.043750
0 -1  0.932500 0.414375 0.018333 0.056250
0 -1  0.918333 0.411875 0.020000 0.058750
0 -1  0.884167 0.406875 0.018333 0.043750
0 -1  0.864167 0.411875 0.015000 0.043750
0 -1  0.831667 0.415625 0.020000 0.046250
0 -1  0.808333 0.412500 0.020000 0.047500
0 -1  0.781667 0.410000 0.020000 0.052500
0 -1  0.755000 0.415000 0.020000 0.052500
0 -1  0.739167 0.412500 0.018333 0.055000
0 -1  0.696667 0.411875 0.020000 0.051250
0 -1  0.665833 0.408125 0.018333 0.051250
0 -1  0.641667 0.405000 0.020000 0.047500
0 -1  0.613333 0.405625 0.020000 0.051250
0 -1  0.621667 0.422500 0.023333 0.060000
0 -1  0.580000 0.411250 0.016667 0.045000
0 -1  0.558333 0.408125 0.020000 0.051250
0 -1  0.535000 0.411250 0.020000 0.050000
0 -1  0.493333 0.403750 0.020000 0.047500
0 -1  0.481667 0.406875 0.016667 0.048750
0 -1  0.446667 0.400000 0.020000 0.047500
0 -1  0.350000 0.404375 0.016667 0.051250
0 -1  0.378333 0.404375 0.016667 0.048750
0 -1  0.321667 0.416250 0.020000 0.067500
0 -1  0.207500 0.404375 0.018333 0.046250
0 -1  0.147500 0.405000 0.015000 0.047500
0 -1  0.104167 0.401875 0.018333 0.053750
0 -1  0.053333 0.410625 0.016667 0.046250
0 -1  0.064167 0.412500 0.018333 0.047500
0 -1  0.021667 0.432500 0.030000 0.072500
0 -1  0.080000 0.431875 0.030000 0.071250
0 -1  0.026667 0.507500 0.050000 0.112500
0 -1  0.970833 0.537500 0.048333 0.205000
