0 1993 0.432500 0.329375 0.178333 0.368750
0 1994 0.545000 0.350000 0.176667 0.377500
0 1995 0.926667 0.328750 0.140000 0.280000
0 -1  0.123333 0.323750 0.166667 0.350000
0 -1  0.184167 0.298125 0.135000 0.313750
0 -1  0.609167 0.309375 0.121667 0.298750
0 -1  0.660000 0.280000 0.086667 0.210000
0 -1  0.730833 0.306250 0.115000 0.242500
0 -1  0.788333 0.293125 0.100000 0.236250
0 -1  0.858333 0.265625 0.050000 0.133750
0 -1  0.894167 0.263750 0.061667 0.147500
0 -1  0.944167 0.292500 0.098333 0.282500
