0 1991 0.409167 0.352500 0.201667 0.427500
0 1993 0.200833 0.358750 0.201667 0.495000
0 1994 0.591667 0.363750 0.180000 0.362500
0 -1  0.040000 0.275625 0.070000 0.193750
0 -1  0.299167 0.309375 0.105000 0.271250
0 -1  0.480000 0.311250 0.086667 0.227500
0 -1  0.684167 0.288125 0.081667 0.166250
0 -1  0.732500 0.280000 0.071667 0.142500
0 -1  0.758333 0.280625 0.060000 0.131250
0 -1  0.815000 0.296875 0.063333 0.148750
0 -1  0.853333 0.311250 0.096667 0.215000
0 -1  0.897500 0.313750 0.071667 0.157500
0 -1  0.954167 0.357500 0.085000 0.260000
