0 2000 0.385000 0.368750 0.140000 0.312500
0 -1  0.858333 0.601875 0.283333 0.793750
0 -1  0.836667 0.362500 0.086667 0.190000
0 -1  0.619167 0.363750 0.095000 0.192500
0 -1  0.505833 0.325000 0.071667 0.170000
0 -1  0.471667 0.334375 0.070000 0.156250
0 -1  0.489167 0.353750 0.078333 0.170000
0 -1  0.320833 0.312500 0.071667 0.187500
0 -1  0.207500 0.298750 0.055000 0.157500
0 -1  0.180000 0.307500 0.053333 0.117500
0 -1  0.118333 0.318125 0.056667 0.113750
0 -1  0.030833 0.328125 0.058333 0.156250
0 -1  0.087500 0.305000 0.045000 0.112500
