0 110 0.589167 0.491875 0.141667 0.283750
0 -1  0.990000 0.283750 0.016667 0.062500
0 -1  0.925833 0.288750 0.018333 0.055000
0 -1  0.891667 0.289375 0.020000 0.061250
0 -1  0.802500 0.288125 0.018333 0.051250
0 -1  0.785000 0.288750 0.020000 0.055000
0 -1  0.746667 0.292500 0.023333 0.062500
0 -1  0.695833 0.301250 0.021667 0.070000
0 -1  0.583333 0.293750 0.020000 0.067500
0 -1  0.530000 0.295000 0.020000 0.057500
0 -1  0.541667 0.303750 0.023333 0.067500
0 -1  0.663333 0.366250 0.043333 0.112500
0 -1  0.092500 0.382500 0.061667 0.160000
