0 2012 0.388333 0.433750 0.120000 0.257500
0 2013 0.497500 0.415000 0.081667 0.192500
0 -1  0.155000 0.399375 0.066667 0.156250
0 -1  0.187500 0.434375 0.105000 0.211250
0 -1  0.291667 0.456250 0.076667 0.155000
0 -1  0.304167 0.423750 0.081667 0.172500
0 -1  0.268333 0.403750 0.070000 0.150000
0 -1  0.438333 0.405625 0.063333 0.161250
0 -1  0.577500 0.402500 0.061667 0.140000
0 -1  0.640000 0.423125 0.066667 0.146250
0 -1  0.670833 0.423125 0.081667 0.196250
0 -1  0.720833 0.447500 0.105000 0.240000
0 -1  0.865000 0.531875 0.256667 0.561250
