0 2014 0.642500 0.314375 0.171667 0.343750
0 2017 0.339167 0.370625 0.225000 0.451250
0 -1  0.712500 0.251875 0.098333 0.223750
0 -1  0.790000 0.251875 0.086667 0.208750
0 -1  0.849167 0.255000 0.101667 0.247500
0 -1  0.778333 0.447500 0.166667 0.335000
0 -1  0.075000 0.206250 0.073333 0.150000
0 -1  0.129167 0.191250 0.068333 0.150000
0 -1  0.163333 0.167500 0.053333 0.107500
0 -1  0.206667 0.200625 0.066667 0.133750
0 -1  0.243333 0.190000 0.060000 0.122500
0 -1  0.105833 0.128750 0.035000 0.072500
0 -1  0.078333 0.141875 0.033333 0.071250
0 -1  0.060833 0.128125 0.025000 0.058750
0 -1  0.025833 0.103750 0.021667 0.047500
0 -1  0.031667 0.140000 0.030000 0.070000
