0 2020 0.386667 0.380625 0.126667 0.256250
0 2021 0.194167 0.369375 0.125000 0.251250
0 -1  0.066667 0.420625 0.130000 0.358750
0 -1  0.077500 0.349375 0.068333 0.143750
0 -1  0.145833 0.353750 0.061667 0.142500
0 -1  0.291667 0.359375 0.063333 0.143750
0 -1  0.346667 0.353125 0.070000 0.156250
0 -1  0.460000 0.345625 0.040000 0.093750
0 -1  0.485000 0.338125 0.036667 0.093750
0 -1  0.520000 0.333125 0.036667 0.078750
0 -1  0.575833 0.353750 0.065000 0.132500
0 -1  0.692500 0.329375 0.031667 0.066250
0 -1  0.717500 0.332500 0.031667 0.072500
0 -1  0.748333 0.335625 0.036667 0.078750
0 -1  0.775000 0.386875 0.076667 0.196250
0 -1  0.840833 0.413125 0.145000 0.326250
