0 2020 0.434167 0.440000 0.198333 0.455000
0 2021 0.725000 0.364375 0.083333 0.166250
0 -1  0.040833 0.358125 0.078333 0.206250
0 -1  0.075000 0.366250 0.083333 0.167500
0 -1  0.125000 0.333125 0.050000 0.101250
0 -1  0.160833 0.349375 0.081667 0.188750
0 -1  0.195833 0.349375 0.061667 0.151250
0 -1  0.231667 0.320625 0.033333 0.073750
0 -1  0.310000 0.326250 0.030000 0.070000
0 -1  0.363333 0.364375 0.066667 0.156250
0 -1  0.523333 0.346250 0.043333 0.087500
0 -1  0.587500 0.352500 0.068333 0.137500
0 -1  0.610833 0.352500 0.045000 0.105000
0 -1  0.635000 0.368750 0.036667 0.075000
0 -1  0.655833 0.342500 0.038333 0.080000
0 -1  0.689167 0.347500 0.041667 0.092500
0 -1  0.789167 0.392500 0.078333 0.182500
0 -1  0.837500 0.381250 0.095000 0.215000
0 -1  0.888333 0.353125 0.040000 0.103750
0 -1  0.940000 0.365000 0.050000 0.112500
0 -1  0.958333 0.379375 0.070000 0.148750
