0 11 0.525000 0.538750 0.163333 0.327500
0 -1  0.920833 0.458125 0.078333 0.178750
0 -1  0.879167 0.425625 0.045000 0.113750
0 -1  0.805833 0.446250 0.058333 0.165000
0 -1  0.727500 0.440625 0.085000 0.191250
0 -1  0.632500 0.451875 0.055000 0.161250
0 -1  0.595000 0.446875 0.056667 0.141250
0 -1  0.477500 0.429375 0.041667 0.121250
0 -1  0.450833 0.432500 0.041667 0.110000
0 -1  0.302500 0.436250 0.045000 0.107500
0 -1  0.245000 0.420625 0.043333 0.108750
0 -1  0.214167 0.436875 0.055000 0.136250
0 -1  0.171667 0.410000 0.030000 0.077500
0 -1  0.190000 0.433125 0.036667 0.101250
0 -1  0.147500 0.419375 0.041667 0.088750
0 -1  0.087500 0.425000 0.048333 0.097500
0 -1  0.027500 0.434375 0.051667 0.141250
0 -1  0.374167 0.508750 0.135000 0.342500
