0 2071 0.873333 0.352500 0.060000 0.122500
0 2082 0.547500 0.355625 0.105000 0.211250
0 -1  0.235833 0.295000 0.038333 0.107500
0 -1  0.267500 0.298125 0.041667 0.111250
0 -1  0.323333 0.302500 0.036667 0.097500
0 -1  0.353333 0.308125 0.040000 0.101250
0 -1  0.451667 0.354375 0.086667 0.176250
0 -1  0.669167 0.341250 0.048333 0.115000
0 -1  0.701667 0.321875 0.036667 0.083750
0 -1  0.796667 0.340625 0.046667 0.111250
0 -1  0.830000 0.335000 0.033333 0.067500
0 -1  0.953333 0.345625 0.036667 0.076250
