0 2070 0.565833 0.310000 0.111667 0.237500
0 2072 0.866667 0.360625 0.180000 0.361250
0 -1  0.078333 0.320000 0.120000 0.242500
0 -1  0.099167 0.283750 0.068333 0.175000
0 -1  0.215833 0.313750 0.125000 0.252500
0 -1  0.261667 0.201875 0.026667 0.071250
0 -1  0.274167 0.202500 0.025000 0.072500
0 -1  0.323333 0.195000 0.050000 0.100000
0 -1  0.638333 0.195625 0.036667 0.091250
0 -1  0.664167 0.196250 0.031667 0.080000
0 -1  0.581667 0.196250 0.033333 0.072500
0 -1  0.471667 0.201250 0.033333 0.082500
0 -1  0.523333 0.201250 0.036667 0.082500
0 -1  0.400000 0.200000 0.036667 0.085000
