0 117 0.515000 0.325625 0.090000 0.181250
0 -1  0.459167 0.330625 0.078333 0.166250
0 -1  0.832500 0.295000 0.048333 0.120000
0 -1  0.719167 0.257500 0.031667 0.070000
0 -1  0.700000 0.269375 0.023333 0.043750
0 -1  0.615000 0.248125 0.026667 0.053750
0 -1  0.590000 0.250625 0.033333 0.078750
0 -1  0.260000 0.233750 0.030000 0.060000
0 -1  0.240000 0.231250 0.023333 0.062500
0 -1  0.374167 0.280000 0.041667 0.087500
0 -1  0.307500 0.303125 0.055000 0.131250
0 -1  0.771667 0.220625 0.026667 0.048750
0 -1  0.430833 0.226875 0.021667 0.053750
0 -1  0.416667 0.228125 0.026667 0.048750
0 -1  0.115833 0.220000 0.021667 0.040000
0 -1  0.090833 0.221875 0.025000 0.048750
0 -1  0.040833 0.221250 0.018333 0.042500
0 -1  0.061667 0.223125 0.023333 0.046250
0 -1  0.150000 0.220625 0.020000 0.041250
0 -1  0.181667 0.220000 0.016667 0.040000
0 -1  0.192500 0.218125 0.018333 0.043750
0 -1  0.346667 0.216875 0.023333 0.043750
0 -1  0.336667 0.217500 0.020000 0.035000
