0 118 0.250833 0.484375 0.128333 0.258750
0 -1  0.864167 0.330625 0.021667 0.056250
0 -1  0.844167 0.329375 0.021667 0.056250
0 -1  0.746667 0.343125 0.020000 0.061250
0 -1  0.688333 0.341250 0.030000 0.067500
0 -1  0.596667 0.342500 0.020000 0.055000
0 -1  0.583333 0.330625 0.020000 0.048750
0 -1  0.555833 0.328750 0.021667 0.052500
0 -1  0.535000 0.331875 0.020000 0.051250
0 -1  0.520000 0.331875 0.020000 0.056250
0 -1  0.478333 0.338125 0.020000 0.046250
0 -1  0.440000 0.346250 0.030000 0.072500
0 -1  0.425000 0.341250 0.023333 0.060000
0 -1  0.409167 0.346250 0.038333 0.072500
0 -1  0.497500 0.385000 0.035000 0.092500
0 -1  0.464167 0.385625 0.031667 0.093750
0 -1  0.301667 0.343125 0.030000 0.071250
0 -1  0.289167 0.345625 0.021667 0.066250
0 -1  0.248333 0.343125 0.030000 0.071250
0 -1  0.111667 0.345625 0.026667 0.071250
0 -1  0.830833 0.475625 0.085000 0.201250
