0 118 0.326667 0.421250 0.120000 0.240000
0 -1  0.933333 0.311875 0.026667 0.066250
0 -1  0.818333 0.309375 0.023333 0.066250
0 -1  0.851667 0.326250 0.023333 0.077500
0 -1  0.748333 0.303750 0.026667 0.077500
0 -1  0.725000 0.312500 0.033333 0.077500
0 -1  0.865000 0.461250 0.103333 0.240000
0 -1  0.149167 0.294375 0.028333 0.068750
0 -1  0.175000 0.312500 0.016667 0.037500
0 -1  0.195000 0.300000 0.026667 0.067500
0 -1  0.454167 0.341875 0.031667 0.091250
0 -1  0.435000 0.341875 0.040000 0.106250
0 -1  0.383333 0.384375 0.056667 0.143750
0 -1  0.305000 0.283750 0.023333 0.052500
0 -1  0.274167 0.281250 0.021667 0.057500
0 -1  0.260833 0.281250 0.021667 0.055000
