0 2136 0.793333 0.461875 0.093333 0.188750
0 2137 0.411667 0.469375 0.133333 0.266250
0 2138 0.649167 0.425625 0.065000 0.131250
0 2139 0.746667 0.429375 0.060000 0.121250
0 -1  0.583333 0.409375 0.030000 0.061250
0 -1  0.689167 0.396250 0.025000 0.050000
0 -1  0.710833 0.397500 0.028333 0.057500
0 -1  0.835000 0.405625 0.030000 0.063750
0 -1  0.875833 0.398750 0.025000 0.052500
0 -1  0.892500 0.404375 0.031667 0.066250
0 -1  0.917500 0.401250 0.035000 0.077500
0 -1  0.779167 0.426250 0.055000 0.122500
