0 2140 0.643333 0.418125 0.083333 0.168750
0 2141 0.339167 0.428750 0.085000 0.190000
0 -1  0.026667 0.402500 0.040000 0.082500
0 -1  0.150833 0.384375 0.028333 0.073750
0 -1  0.245833 0.383125 0.031667 0.063750
0 -1  0.295000 0.380000 0.026667 0.065000
0 -1  0.483333 0.400000 0.060000 0.120000
0 -1  0.557500 0.376875 0.031667 0.068750
0 -1  0.606667 0.413750 0.063333 0.150000
0 -1  0.828333 0.396250 0.066667 0.150000
0 -1  0.859167 0.381250 0.061667 0.125000
0 -1  0.912500 0.389375 0.058333 0.136250
