0 2145 0.481667 0.365625 0.123333 0.293750
0 2146 0.610000 0.376250 0.126667 0.272500
0 2147 0.735833 0.346875 0.091667 0.183750
0 -1  0.030833 0.278125 0.058333 0.148750
0 -1  0.080833 0.275625 0.061667 0.146250
0 -1  0.116667 0.260000 0.023333 0.050000
0 -1  0.179167 0.288125 0.055000 0.133750
0 -1  0.240000 0.315625 0.100000 0.223750
0 -1  0.290000 0.281875 0.043333 0.106250
0 -1  0.322500 0.286250 0.068333 0.157500
0 -1  0.330000 0.295000 0.093333 0.187500
0 -1  0.395833 0.290625 0.048333 0.106250
0 -1  0.411667 0.293125 0.056667 0.123750
0 -1  0.557500 0.303750 0.051667 0.120000
0 -1  0.665833 0.314375 0.061667 0.136250
0 -1  0.815833 0.350000 0.091667 0.205000
0 -1  0.855833 0.331875 0.071667 0.168750
0 -1  0.930833 0.385000 0.125000 0.292500
0 -1  0.778333 0.293125 0.046667 0.106250
