0 2145 0.624167 0.418750 0.085000 0.172500
0 2146 0.539167 0.421875 0.075000 0.166250
0 2148 0.879167 0.466250 0.098333 0.200000
0 -1  0.485000 0.367500 0.026667 0.065000
0 -1  0.499167 0.369375 0.028333 0.056250
0 -1  0.657500 0.373125 0.031667 0.063750
0 -1  0.595000 0.377500 0.033333 0.067500
0 -1  0.702500 0.373125 0.028333 0.056250
0 -1  0.728333 0.376250 0.030000 0.060000
0 -1  0.773333 0.389375 0.036667 0.073750
0 -1  0.955833 0.398750 0.051667 0.105000
0 -1  0.834167 0.378125 0.025000 0.051250
0 -1  0.857500 0.388750 0.035000 0.072500
