0 123 0.338333 0.461250 0.106667 0.215000
0 -1  0.917500 0.310625 0.025000 0.063750
0 -1  0.888333 0.310000 0.023333 0.062500
0 -1  0.522500 0.310625 0.021667 0.053750
0 -1  0.487500 0.311875 0.018333 0.056250
0 -1  0.464167 0.316250 0.021667 0.067500
0 -1  0.435833 0.306875 0.021667 0.058750
0 -1  0.354167 0.314375 0.021667 0.061250
0 -1  0.326667 0.314375 0.020000 0.053750
0 -1  0.312500 0.310000 0.021667 0.055000
0 -1  0.273333 0.316250 0.023333 0.055000
0 -1  0.243333 0.315000 0.020000 0.055000
0 -1  0.230000 0.322500 0.026667 0.077500
0 -1  0.629167 0.424375 0.065000 0.156250
0 -1  0.709167 0.411250 0.068333 0.180000
