0 2156 0.480000 0.396875 0.100000 0.201250
0 2157 0.388333 0.376250 0.083333 0.192500
0 -1  0.306667 0.340000 0.066667 0.190000
0 -1  0.338333 0.311875 0.050000 0.138750
0 -1  0.517500 0.329375 0.058333 0.143750
0 -1  0.575000 0.323125 0.063333 0.158750
0 -1  0.611667 0.338750 0.063333 0.152500
0 -1  0.710833 0.355000 0.078333 0.182500
0 -1  0.745000 0.311875 0.046667 0.123750
0 -1  0.767500 0.317500 0.061667 0.152500
0 -1  0.817500 0.335625 0.071667 0.168750
0 -1  0.885000 0.311875 0.066667 0.153750
0 -1  0.909167 0.331250 0.065000 0.155000
0 -1  0.915833 0.615000 0.155000 0.370000
0 -1  0.945833 0.275000 0.048333 0.120000
0 -1  0.970833 0.312500 0.051667 0.137500
0 -1  0.717500 0.260625 0.048333 0.098750
0 -1  0.815833 0.268125 0.048333 0.106250
0 -1  0.803333 0.233750 0.033333 0.070000
0 -1  0.831667 0.250000 0.033333 0.072500
0 -1  0.900000 0.242500 0.036667 0.095000
