0 2153 0.534167 0.398125 0.175000 0.351250
0 2158 0.806667 0.469375 0.183333 0.468750
0 -1  0.090833 0.340625 0.178333 0.358750
0 -1  0.345000 0.344375 0.160000 0.348750
0 -1  0.310833 0.232500 0.131667 0.257500
0 -1  0.280000 0.137500 0.090000 0.217500
0 -1  0.302500 0.106875 0.078333 0.181250
0 -1  0.636667 0.100000 0.073333 0.147500
0 -1  0.707500 0.078750 0.061667 0.155000
0 -1  0.695000 0.190000 0.056667 0.122500
0 -1  0.762500 0.148125 0.091667 0.213750
0 -1  0.805000 0.191250 0.093333 0.200000
0 -1  0.841667 0.117500 0.083333 0.195000
0 -1  0.926667 0.120000 0.086667 0.170000
0 -1  0.940833 0.241250 0.111667 0.295000
0 -1  0.767500 0.396250 0.181667 0.402500
