0 2153 0.601667 0.475625 0.270000 0.543750
0 2154 0.349167 0.398125 0.225000 0.503750
0 2155 0.885833 0.456250 0.085000 0.152500
0 -1  0.687500 0.376250 0.158333 0.347500
0 -1  0.809167 0.358125 0.058333 0.118750
0 -1  0.850833 0.333750 0.045000 0.092500
0 -1  0.796667 0.334375 0.043333 0.088750
0 -1  0.747500 0.345625 0.045000 0.101250
0 -1  0.896667 0.345625 0.046667 0.098750
0 -1  0.940833 0.412500 0.081667 0.167500
0 -1  0.563333 0.371875 0.133333 0.283750
0 -1  0.885833 0.305000 0.035000 0.072500
0 -1  0.854167 0.305625 0.035000 0.071250
0 -1  0.960000 0.311875 0.033333 0.063750
