0 2162 0.554167 0.330000 0.145000 0.347500
0 -1  0.060833 0.329375 0.105000 0.258750
0 -1  0.115000 0.303125 0.080000 0.188750
0 -1  0.185000 0.275000 0.036667 0.082500
0 -1  0.215833 0.263125 0.038333 0.096250
0 -1  0.240000 0.277500 0.063333 0.127500
0 -1  0.282500 0.279375 0.061667 0.146250
0 -1  0.319167 0.290000 0.058333 0.130000
0 -1  0.362500 0.271875 0.048333 0.106250
0 -1  0.409167 0.278750 0.058333 0.132500
0 -1  0.879167 0.296250 0.095000 0.202500
0 -1  0.917500 0.307500 0.141667 0.327500
