0 124 0.318333 0.447500 0.096667 0.195000
0 125 0.407500 0.442500 0.075000 0.167500
0 -1  0.145833 0.404375 0.048333 0.121250
0 -1  0.105000 0.402500 0.040000 0.125000
0 -1  0.475833 0.376875 0.038333 0.098750
0 -1  0.530833 0.408750 0.058333 0.135000
0 -1  0.255000 0.355625 0.026667 0.061250
0 -1  0.527500 0.488125 0.081667 0.196250
0 -1  0.969167 0.321875 0.025000 0.076250
0 -1  0.978333 0.360625 0.030000 0.078750
0 -1  0.945833 0.358125 0.038333 0.081250
0 -1  0.906667 0.351250 0.030000 0.085000
0 -1  0.871667 0.357500 0.030000 0.072500
