0 126 0.500833 0.495000 0.185000 0.370000
0 127 0.780000 0.432500 0.156667 0.357500
0 128 0.575833 0.383125 0.138333 0.278750
0 -1  0.945000 0.257500 0.056667 0.125000
0 -1  0.831667 0.242500 0.030000 0.077500
0 -1  0.786667 0.238125 0.040000 0.093750
0 -1  0.491667 0.252500 0.056667 0.127500
0 -1  0.218333 0.211875 0.033333 0.073750
0 -1  0.100833 0.221875 0.028333 0.071250
0 -1  0.141667 0.221875 0.030000 0.071250
0 -1  0.873333 0.320625 0.086667 0.188750
0 -1  0.918333 0.422500 0.120000 0.337500
0 -1  0.716667 0.190625 0.023333 0.051250
0 -1  0.566667 0.196875 0.023333 0.051250
