0 126 0.394167 0.441250 0.091667 0.187500
0 127 0.575000 0.424375 0.096667 0.193750
0 128 0.469167 0.419375 0.088333 0.178750
0 -1  0.492500 0.354375 0.035000 0.086250
0 -1  0.100833 0.340000 0.045000 0.107500
0 -1  0.284167 0.395000 0.051667 0.135000
0 -1  0.342500 0.406250 0.075000 0.177500
0 -1  0.075000 0.518125 0.136667 0.286250
0 -1  0.200000 0.303125 0.020000 0.058750
0 -1  0.177500 0.303125 0.021667 0.058750
0 -1  0.535833 0.320000 0.021667 0.052500
0 -1  0.597500 0.323750 0.031667 0.072500
0 -1  0.628333 0.306250 0.023333 0.052500
0 -1  0.681667 0.305625 0.020000 0.043750
0 -1  0.726667 0.300000 0.020000 0.052500
0 -1  0.753333 0.301250 0.020000 0.055000
0 -1  0.798333 0.301875 0.020000 0.051250
0 -1  0.810833 0.304375 0.021667 0.048750
0 -1  0.827500 0.313125 0.025000 0.056250
0 -1  0.859167 0.316250 0.021667 0.055000
