0 2210 0.477500 0.323750 0.191667 0.385000
0 2211 0.295833 0.315000 0.158333 0.350000
0 2212 0.138333 0.323125 0.146667 0.336250
0 -1  0.755000 0.268125 0.090000 0.181250
0 -1  0.896667 0.243750 0.053333 0.145000
0 -1  0.525000 0.228125 0.036667 0.088750
0 -1  0.590833 0.225625 0.038333 0.086250
0 -1  0.626667 0.213750 0.026667 0.055000
0 -1  0.679167 0.225000 0.035000 0.090000
0 -1  0.730000 0.227500 0.040000 0.087500
0 -1  0.415833 0.211250 0.025000 0.065000
0 -1  0.400000 0.211250 0.026667 0.075000
0 -1  0.170000 0.208750 0.030000 0.070000
