0 2217 0.364167 0.347500 0.161667 0.340000
0 2218 0.536667 0.302500 0.073333 0.157500
0 -1  0.225833 0.304375 0.061667 0.143750
0 -1  0.267500 0.315625 0.061667 0.161250
0 -1  0.615833 0.290000 0.045000 0.092500
0 -1  0.656667 0.265625 0.033333 0.076250
0 -1  0.683333 0.313750 0.073333 0.187500
0 -1  0.740833 0.320625 0.075000 0.173750
0 -1  0.805833 0.259375 0.025000 0.053750
0 -1  0.829167 0.269375 0.025000 0.058750
0 -1  0.860833 0.268750 0.025000 0.062500
0 -1  0.886667 0.276875 0.033333 0.081250
0 -1  0.940000 0.270000 0.026667 0.072500
0 -1  0.558333 0.277500 0.036667 0.087500
