0 2216 0.385000 0.408750 0.103333 0.207500
0 2219 0.192500 0.389375 0.085000 0.171250
0 2220 0.271667 0.392500 0.080000 0.170000
0 -1  0.082500 0.368750 0.088333 0.177500
0 -1  0.232500 0.378125 0.068333 0.156250
0 -1  0.298333 0.376250 0.053333 0.127500
0 -1  0.688333 0.324375 0.036667 0.091250
0 -1  0.710000 0.322500 0.033333 0.082500
0 -1  0.868333 0.881250 0.080000 0.165000
0 -1  0.848333 0.925000 0.070000 0.142500
0 -1  0.840000 0.673125 0.060000 0.121250
0 -1  0.919167 0.698125 0.051667 0.126250
0 -1  0.912500 0.513750 0.028333 0.057500
0 -1  0.970000 0.546250 0.040000 0.080000
0 -1  0.954167 0.515000 0.031667 0.065000
0 -1  0.943333 0.670000 0.033333 0.100000
0 -1  0.965000 0.652500 0.040000 0.095000
0 -1  0.895000 0.668125 0.040000 0.098750
0 -1  0.711667 0.689375 0.056667 0.113750
0 -1  0.655833 0.686250 0.051667 0.112500
0 -1  0.875000 0.546250 0.036667 0.075000
0 -1  0.342500 0.348125 0.035000 0.088750
