0 2215 0.110833 0.440000 0.218333 0.437500
0 2216 0.350000 0.423750 0.173333 0.350000
0 -1  0.245000 0.297500 0.040000 0.082500
0 -1  0.635000 0.219375 0.033333 0.088750
0 -1  0.670000 0.249375 0.033333 0.083750
0 -1  0.728333 0.273750 0.036667 0.087500
0 -1  0.899167 0.309375 0.038333 0.078750
0 -1  0.938333 0.310000 0.036667 0.082500
0 -1  0.772500 0.309375 0.035000 0.081250
0 -1  0.494167 0.523750 0.038333 0.077500
0 -1  0.578333 0.530625 0.036667 0.076250
0 -1  0.616667 0.541250 0.036667 0.080000
0 -1  0.710833 0.546250 0.041667 0.085000
0 -1  0.815000 0.544375 0.036667 0.083750
0 -1  0.907500 0.535625 0.041667 0.083750
0 -1  0.801667 0.509375 0.036667 0.073750
0 -1  0.763333 0.483125 0.030000 0.061250
0 -1  0.602500 0.441875 0.028333 0.056250
0 -1  0.526667 0.452500 0.030000 0.060000
0 -1  0.490000 0.446250 0.023333 0.050000
0 -1  0.689167 0.588750 0.038333 0.085000
0 -1  0.561667 0.453750 0.026667 0.055000
0 -1  0.806667 0.680000 0.053333 0.115000
