0 2228 0.344167 0.395625 0.128333 0.288750
0 2229 0.254167 0.401875 0.141667 0.303750
0 -1  0.535000 0.294375 0.026667 0.066250
0 -1  0.604167 0.300000 0.035000 0.080000
0 -1  0.685000 0.293125 0.030000 0.071250
0 -1  0.718333 0.293125 0.026667 0.066250
0 -1  0.748333 0.291875 0.030000 0.063750
0 -1  0.779167 0.290000 0.028333 0.072500
0 -1  0.812500 0.285000 0.031667 0.080000
0 -1  0.830000 0.286250 0.030000 0.085000
0 -1  0.856667 0.290000 0.033333 0.077500
0 -1  0.885000 0.291250 0.036667 0.082500
0 -1  0.922500 0.280625 0.038333 0.093750
0 -1  0.955833 0.290000 0.038333 0.087500
