0 2230 0.208333 0.373750 0.183333 0.477500
0 2231 0.372500 0.398750 0.211667 0.442500
0 -1  0.069167 0.393750 0.135000 0.400000
0 -1  0.446667 0.279375 0.063333 0.158750
0 -1  0.519167 0.304375 0.071667 0.213750
0 -1  0.587500 0.265000 0.055000 0.117500
0 -1  0.615000 0.242500 0.030000 0.077500
0 -1  0.635833 0.242500 0.028333 0.077500
0 -1  0.587500 0.398125 0.108333 0.218750
0 -1  0.687500 0.317500 0.148333 0.307500
0 -1  0.760000 0.291250 0.103333 0.297500
0 -1  0.848333 0.277500 0.073333 0.195000
