0 2237 0.435000 0.362500 0.170000 0.417500
0 2238 0.606667 0.287500 0.120000 0.252500
0 2239 0.521667 0.277500 0.110000 0.265000
0 -1  0.089167 0.299375 0.168333 0.416250
0 -1  0.116667 0.311250 0.150000 0.330000
0 -1  0.395000 0.267500 0.080000 0.182500
0 -1  0.187500 0.216250 0.028333 0.067500
0 -1  0.156667 0.218750 0.030000 0.067500
0 -1  0.232500 0.216875 0.028333 0.063750
0 -1  0.273333 0.219375 0.026667 0.063750
0 -1  0.883333 0.223750 0.026667 0.062500
0 -1  0.845000 0.222500 0.023333 0.057500
0 -1  0.911667 0.225000 0.026667 0.060000
0 -1  0.944167 0.232500 0.048333 0.097500
0 -1  0.977500 0.243125 0.038333 0.101250
