0 133 0.497500 0.390000 0.178333 0.342500
0 -1  0.910000 0.281250 0.040000 0.135000
0 -1  0.839167 0.276250 0.048333 0.132500
0 -1  0.782500 0.279375 0.045000 0.126250
0 -1  0.528333 0.278125 0.036667 0.111250
0 -1  0.597500 0.280000 0.038333 0.110000
0 -1  0.693333 0.317500 0.103333 0.232500
0 -1  0.162500 0.335625 0.105000 0.241250
0 -1  0.556667 0.283125 0.036667 0.101250
0 -1  0.620000 0.276875 0.036667 0.098750
0 -1  0.661667 0.274375 0.043333 0.118750
0 -1  0.062500 0.281875 0.041667 0.086250
