0 133 0.406667 0.381875 0.113333 0.226250
0 -1  0.024167 0.340625 0.045000 0.156250
0 -1  0.136667 0.335625 0.050000 0.123750
0 -1  0.184167 0.328125 0.041667 0.138750
0 -1  0.232500 0.326875 0.038333 0.121250
0 -1  0.474167 0.322500 0.035000 0.097500
0 -1  0.532500 0.317500 0.045000 0.102500
0 -1  0.564167 0.334375 0.065000 0.156250
0 -1  0.610000 0.373125 0.056667 0.123750
0 -1  0.645833 0.333750 0.055000 0.120000
0 -1  0.681667 0.336250 0.060000 0.160000
0 -1  0.735833 0.322500 0.041667 0.097500
0 -1  0.787500 0.328750 0.045000 0.107500
0 -1  0.817500 0.325000 0.048333 0.127500
0 -1  0.860000 0.316875 0.056667 0.121250
0 -1  0.914167 0.330000 0.058333 0.135000
0 -1  0.975833 0.325625 0.041667 0.116250
0 -1  0.035833 0.303125 0.028333 0.063750
0 -1  0.066667 0.301250 0.026667 0.065000
