0 2248 0.476667 0.324375 0.166667 0.343750
0 2249 0.600833 0.255625 0.078333 0.178750
0 -1  0.067500 0.281250 0.128333 0.330000
0 -1  0.373333 0.228125 0.056667 0.121250
0 -1  0.415000 0.235625 0.060000 0.141250
0 -1  0.529167 0.241250 0.078333 0.187500
0 -1  0.668333 0.256875 0.063333 0.153750
0 -1  0.702500 0.280625 0.045000 0.106250
0 -1  0.775000 0.224375 0.040000 0.086250
0 -1  0.756667 0.220000 0.030000 0.072500
0 -1  0.802500 0.226875 0.038333 0.086250
0 -1  0.842500 0.213750 0.028333 0.070000
0 -1  0.141667 0.373125 0.033333 0.093750
