0 2256 0.366667 0.305625 0.213333 0.428750
0 -1  0.475833 0.236250 0.071667 0.157500
0 -1  0.533333 0.266875 0.106667 0.236250
0 -1  0.571667 0.257500 0.083333 0.187500
0 -1  0.618333 0.261875 0.070000 0.168750
0 -1  0.693333 0.269375 0.096667 0.233750
0 -1  0.715833 0.248750 0.091667 0.220000
0 -1  0.777500 0.275000 0.098333 0.272500
0 -1  0.160833 0.213750 0.031667 0.067500
0 -1  0.031667 0.229375 0.036667 0.081250
0 -1  0.237500 0.207500 0.028333 0.057500
0 -1  0.306667 0.340000 0.080000 0.177500
