0 134 0.767500 0.379375 0.095000 0.191250
0 135 0.290833 0.450000 0.158333 0.317500
0 -1  0.905833 0.340000 0.035000 0.077500
0 -1  0.937500 0.363750 0.061667 0.142500
0 -1  0.525000 0.360625 0.040000 0.106250
0 -1  0.126667 0.363750 0.040000 0.102500
0 -1  0.151667 0.355625 0.040000 0.118750
0 -1  0.348333 0.362500 0.036667 0.117500
0 -1  0.387500 0.355000 0.035000 0.107500
0 -1  0.079167 0.392500 0.105000 0.187500
0 -1  0.216667 0.409375 0.100000 0.218750
0 -1  0.628333 0.339375 0.030000 0.063750
0 -1  0.601667 0.341875 0.036667 0.076250
0 -1  0.410000 0.339375 0.033333 0.071250
0 -1  0.475000 0.333750 0.026667 0.055000
