0 2270 0.410625 0.434167 0.071250 0.255000
0 -1  0.046875 0.495833 0.091250 0.408333
0 -1  0.086875 0.400833 0.048750 0.211667
0 -1  0.242500 0.387500 0.055000 0.191667
0 -1  0.305625 0.389167 0.041250 0.175000
0 -1  0.341250 0.376667 0.040000 0.153333
0 -1  0.396250 0.375833 0.037500 0.158333
0 -1  0.446875 0.373333 0.031250 0.140000
0 -1  0.475625 0.395000 0.041250 0.156667
0 -1  0.492500 0.356667 0.022500 0.083333
0 -1  0.533125 0.385000 0.041250 0.146667
0 -1  0.514375 0.360000 0.021250 0.093333
0 -1  0.562500 0.382500 0.030000 0.125000
0 -1  0.584375 0.402500 0.033750 0.145000
