0 2287 0.596875 0.382500 0.093750 0.348333
0 -1  0.065000 0.400833 0.112500 0.501667
0 -1  0.130625 0.288333 0.071250 0.256667
0 -1  0.263750 0.370833 0.070000 0.251667
0 -1  0.238750 0.270833 0.050000 0.195000
0 -1  0.256250 0.267500 0.042500 0.175000
0 -1  0.320000 0.310833 0.072500 0.271667
0 -1  0.364375 0.258333 0.041250 0.176667
0 -1  0.396875 0.276667 0.043750 0.180000
0 -1  0.425000 0.287500 0.057500 0.205000
0 -1  0.446875 0.257500 0.038750 0.148333
0 -1  0.515625 0.265000 0.031250 0.136667
0 -1  0.545000 0.251667 0.032500 0.126667
0 -1  0.561250 0.248333 0.030000 0.113333
