0 2300 0.490000 0.522500 0.082500 0.295000
0 2301 0.333750 0.760833 0.115000 0.448333
0 2302 0.871875 0.578333 0.148750 0.530000
0 2303 0.746250 0.561667 0.117500 0.430000
0 -1  0.040000 0.522500 0.057500 0.235000
0 -1  0.139375 0.658333 0.143750 0.576667
0 -1  0.240625 0.622500 0.086250 0.405000
0 -1  0.283750 0.512500 0.045000 0.175000
0 -1  0.363125 0.626667 0.113750 0.490000
0 -1  0.431875 0.498333 0.056250 0.230000
0 -1  0.451250 0.524167 0.050000 0.231667
0 -1  0.555000 0.553333 0.070000 0.253333
0 -1  0.564375 0.510000 0.051250 0.213333
0 -1  0.604375 0.521667 0.051250 0.223333
0 -1  0.638750 0.553333 0.037500 0.150000
0 -1  0.693750 0.522500 0.075000 0.315000
0 -1  0.390625 0.478333 0.033750 0.160000
0 -1  0.791875 0.470000 0.041250 0.180000
