0 2300 0.377500 0.542500 0.135000 0.481667
0 2301 0.571250 0.718333 0.135000 0.480000
0 2302 0.769375 0.503333 0.118750 0.460000
0 2303 0.630625 0.524167 0.113750 0.421667
0 -1  0.041875 0.520000 0.068750 0.260000
0 -1  0.127500 0.506667 0.075000 0.283333
0 -1  0.195625 0.492500 0.048750 0.185000
0 -1  0.226875 0.480000 0.043750 0.190000
0 -1  0.262500 0.499167 0.045000 0.235000
0 -1  0.305000 0.535833 0.067500 0.315000
0 -1  0.461875 0.492500 0.058750 0.218333
0 -1  0.495000 0.469167 0.052500 0.211667
0 -1  0.540625 0.514167 0.083750 0.341667
0 -1  0.925000 0.516667 0.105000 0.423333
0 -1  0.720000 0.499167 0.065000 0.265000
0 -1  0.038750 0.575833 0.075000 0.365000
