0 2309 0.516250 0.588333 0.167500 0.650000
0 -1  0.034375 0.434167 0.061250 0.218333
0 -1  0.151875 0.410000 0.048750 0.173333
0 -1  0.219375 0.560000 0.133750 0.570000
0 -1  0.382500 0.390833 0.035000 0.125000
0 -1  0.433125 0.395000 0.033750 0.123333
0 -1  0.450000 0.384167 0.035000 0.128333
0 -1  0.628750 0.386667 0.030000 0.106667
0 -1  0.730000 0.400833 0.032500 0.118333
0 -1  0.825000 0.481667 0.080000 0.286667
0 -1  0.965000 0.523333 0.065000 0.330000
0 -1  0.765625 0.395833 0.031250 0.111667
0 -1  0.272500 0.410833 0.042500 0.185000
