0 2310 0.327500 0.538333 0.212500 0.763333
0 2311 0.085625 0.478333 0.136250 0.486667
0 -1  0.259375 0.342500 0.061250 0.231667
0 -1  0.432500 0.370000 0.070000 0.250000
0 -1  0.457500 0.318333 0.047500 0.216667
0 -1  0.490000 0.348333 0.050000 0.220000
0 -1  0.528750 0.306667 0.037500 0.153333
0 -1  0.558125 0.324167 0.046250 0.185000
0 -1  0.607500 0.354167 0.032500 0.118333
0 -1  0.644375 0.297500 0.036250 0.161667
0 -1  0.670625 0.300000 0.031250 0.136667
0 -1  0.696875 0.313333 0.046250 0.176667
0 -1  0.725000 0.323333 0.075000 0.266667
0 -1  0.743750 0.307500 0.052500 0.188333
0 -1  0.788750 0.320000 0.062500 0.223333
0 -1  0.814375 0.289167 0.033750 0.145000
0 -1  0.846250 0.283333 0.042500 0.150000
0 -1  0.903750 0.297500 0.037500 0.141667
0 -1  0.948125 0.312500 0.063750 0.228333
0 -1  0.128125 0.428333 0.098750 0.413333
0 -1  0.386875 0.284167 0.018750 0.068333
