0 2312 0.359375 0.474167 0.058750 0.231667
0 2313 0.671250 0.422500 0.062500 0.258333
0 2314 0.607500 0.427500 0.067500 0.268333
0 -1  0.281250 0.343333 0.032500 0.116667
0 -1  0.324375 0.368333 0.043750 0.156667
0 -1  0.365000 0.368333 0.037500 0.143333
0 -1  0.412500 0.430833 0.085000 0.328333
0 -1  0.461875 0.361667 0.028750 0.103333
0 -1  0.486875 0.360833 0.028750 0.101667
0 -1  0.208750 0.292500 0.020000 0.071667
0 -1  0.511250 0.354167 0.022500 0.095000
0 -1  0.801875 0.355833 0.031250 0.115000
0 -1  0.858125 0.356667 0.031250 0.126667
