0 2315 0.342500 0.445833 0.100000 0.358333
0 2316 0.374375 0.523333 0.076250 0.296667
0 2317 0.584375 0.425000 0.071250 0.253333
0 -1  0.053750 0.394167 0.042500 0.178333
0 -1  0.100625 0.395833 0.048750 0.191667
0 -1  0.140625 0.375000 0.036250 0.143333
0 -1  0.166250 0.373333 0.025000 0.100000
0 -1  0.215625 0.388333 0.043750 0.156667
0 -1  0.294375 0.394167 0.046250 0.208333
0 -1  0.441250 0.393333 0.042500 0.150000
0 -1  0.403750 0.379167 0.040000 0.145000
0 -1  0.468125 0.365833 0.021250 0.078333
0 -1  0.510000 0.368333 0.022500 0.080000
0 -1  0.553750 0.388333 0.047500 0.170000
0 -1  0.598750 0.613333 0.115000 0.410000
0 -1  0.675000 0.549167 0.145000 0.515000
0 -1  0.729375 0.446667 0.088750 0.383333
0 -1  0.795000 0.480000 0.082500 0.353333
0 -1  0.854375 0.458333 0.076250 0.316667
0 -1  0.911875 0.474167 0.106250 0.441667
0 -1  0.951250 0.453333 0.090000 0.430000
0 -1  0.235000 0.355833 0.020000 0.071667
0 -1  0.253750 0.356667 0.020000 0.073333
0 -1  0.044375 0.389167 0.038750 0.148333
