0 140 0.257500 0.241250 0.055000 0.112500
0 141 0.185000 0.246875 0.053333 0.108750
0 -1  0.176667 0.068750 0.033333 0.062500
0 -1  0.455833 0.068750 0.038333 0.075000
0 -1  0.575833 0.078125 0.038333 0.071250
0 -1  0.644167 0.083750 0.035000 0.077500
0 -1  0.864167 0.123125 0.028333 0.073750
0 -1  0.890833 0.114375 0.028333 0.071250
0 -1  0.964167 0.218750 0.048333 0.107500
0 -1  0.695833 0.351250 0.058333 0.137500
0 -1  0.095000 0.156875 0.046667 0.088750
0 -1  0.935833 0.028750 0.025000 0.055000
0 -1  0.888333 0.030000 0.023333 0.055000
