0 2315 0.546250 0.355833 0.105000 0.428333
0 2316 0.408125 0.431667 0.091250 0.326667
0 2317 0.727500 0.442500 0.150000 0.628333
0 -1  0.100000 0.361667 0.112500 0.403333
0 -1  0.193750 0.290000 0.075000 0.270000
0 -1  0.260000 0.293333 0.052500 0.233333
0 -1  0.308125 0.381667 0.088750 0.363333
0 -1  0.348750 0.308333 0.055000 0.243333
0 -1  0.666250 0.315000 0.057500 0.246667
0 -1  0.816250 0.291667 0.042500 0.153333
0 -1  0.863750 0.297500 0.060000 0.228333
0 -1  0.887500 0.550000 0.212500 0.756667
0 -1  0.971875 0.297500 0.048750 0.198333
