0 2315 0.386250 0.412500 0.087500 0.338333
0 2316 0.326875 0.478333 0.076250 0.273333
0 -1  0.028750 0.353333 0.027500 0.110000
0 -1  0.079375 0.447500 0.113750 0.405000
0 -1  0.259375 0.383333 0.056250 0.206667
0 -1  0.543125 0.383333 0.073750 0.283333
0 -1  0.693750 0.392500 0.065000 0.261667
0 -1  0.789375 0.390000 0.086250 0.306667
0 -1  0.900000 0.399167 0.065000 0.258333
0 -1  0.955000 0.371667 0.080000 0.306667
0 -1  0.871250 0.288333 0.057500 0.256667
0 -1  0.934375 0.266667 0.056250 0.226667
