0 2324 0.334375 0.564167 0.153750 0.578333
0 -1  0.193125 0.354167 0.046250 0.168333
0 -1  0.381875 0.349167 0.038750 0.165000
0 -1  0.411250 0.358333 0.037500 0.160000
0 -1  0.441250 0.404167 0.070000 0.285000
0 -1  0.460000 0.340833 0.035000 0.141667
0 -1  0.498750 0.359167 0.042500 0.165000
0 -1  0.534375 0.340833 0.031250 0.125000
0 -1  0.566875 0.356667 0.033750 0.183333
0 -1  0.600000 0.359167 0.037500 0.175000
0 -1  0.649375 0.361667 0.053750 0.206667
0 -1  0.701250 0.355833 0.050000 0.218333
0 -1  0.752500 0.370000 0.042500 0.186667
0 -1  0.801250 0.332500 0.022500 0.108333
