0 2326 0.261250 0.407500 0.150000 0.611667
0 2328 0.433750 0.345000 0.117500 0.480000
0 2329 0.669375 0.400000 0.123750 0.456667
0 -1  0.060625 0.276667 0.071250 0.270000
0 -1  0.110625 0.261667 0.051250 0.260000
0 -1  0.154375 0.268333 0.076250 0.306667
0 -1  0.486875 0.249167 0.048750 0.195000
0 -1  0.535000 0.230833 0.042500 0.151667
0 -1  0.587500 0.262500 0.065000 0.235000
0 -1  0.733125 0.250833 0.056250 0.258333
0 -1  0.831250 0.215000 0.032500 0.133333
0 -1  0.885000 0.222500 0.027500 0.111667
0 -1  0.940625 0.227500 0.031250 0.128333
0 -1  0.967500 0.230000 0.035000 0.130000
0 -1  0.911250 0.235833 0.022500 0.081667
