0 2319 0.391250 0.487500 0.100000 0.408333
0 2323 0.186875 0.413333 0.073750 0.263333
0 -1  0.037500 0.380000 0.037500 0.136667
0 -1  0.070000 0.377500 0.035000 0.128333
0 -1  0.118750 0.371667 0.035000 0.130000
0 -1  0.143750 0.393333 0.035000 0.153333
0 -1  0.295000 0.380000 0.032500 0.116667
0 -1  0.331875 0.410000 0.046250 0.186667
0 -1  0.471875 0.380833 0.023750 0.125000
0 -1  0.511250 0.382500 0.030000 0.125000
0 -1  0.433125 0.371667 0.023750 0.103333
0 -1  0.481875 0.385833 0.026250 0.108333
0 -1  0.533125 0.370833 0.028750 0.121667
