0 2326 0.506875 0.405000 0.118750 0.450000
0 2327 0.858125 0.375833 0.098750 0.378333
0 -1  0.318125 0.338333 0.071250 0.300000
0 -1  0.186875 0.251667 0.028750 0.106667
0 -1  0.212500 0.250000 0.030000 0.126667
0 -1  0.260000 0.251667 0.037500 0.150000
0 -1  0.346250 0.263333 0.035000 0.150000
0 -1  0.386250 0.259167 0.022500 0.125000
0 -1  0.418750 0.250000 0.032500 0.123333
0 -1  0.456250 0.265833 0.030000 0.135000
0 -1  0.669375 0.322500 0.068750 0.245000
0 -1  0.371250 0.255000 0.027500 0.113333
