0 2325 0.498750 0.510000 0.070000 0.270000
0 -1  0.098750 0.519167 0.052500 0.215000
0 -1  0.148125 0.535833 0.043750 0.158333
0 -1  0.283750 0.542500 0.085000 0.301667
0 -1  0.372500 0.487500 0.025000 0.098333
0 -1  0.373750 0.465000 0.030000 0.123333
0 -1  0.410625 0.465833 0.033750 0.138333
0 -1  0.439375 0.470000 0.033750 0.133333
0 -1  0.635000 0.550000 0.097500 0.350000
0 -1  0.636250 0.499167 0.062500 0.288333
0 -1  0.704375 0.515000 0.066250 0.286667
0 -1  0.739375 0.437500 0.021250 0.091667
0 -1  0.773750 0.427500 0.022500 0.101667
0 -1  0.816250 0.432500 0.027500 0.118333
0 -1  0.970625 0.482500 0.048750 0.308333
0 -1  0.776875 0.445000 0.018750 0.070000
