0 2324 0.501875 0.492500 0.098750 0.375000
0 2325 0.684375 0.525833 0.131250 0.515000
0 -1  0.038750 0.506667 0.072500 0.466667
0 -1  0.111250 0.419167 0.062500 0.248333
0 -1  0.143750 0.426667 0.065000 0.240000
0 -1  0.171875 0.420000 0.048750 0.200000
0 -1  0.230000 0.424167 0.070000 0.248333
0 -1  0.300000 0.407500 0.057500 0.221667
0 -1  0.376875 0.379167 0.026250 0.111667
0 -1  0.421250 0.398333 0.052500 0.223333
0 -1  0.462500 0.411667 0.045000 0.206667
0 -1  0.579375 0.445000 0.081250 0.290000
0 -1  0.718125 0.431667 0.071250 0.313333
0 -1  0.751875 0.416667 0.058750 0.250000
0 -1  0.795625 0.393333 0.046250 0.186667
0 -1  0.831250 0.388333 0.040000 0.176667
0 -1  0.864375 0.401667 0.048750 0.203333
0 -1  0.903750 0.378333 0.032500 0.123333
0 -1  0.928750 0.416667 0.047500 0.193333
0 -1  0.975625 0.412500 0.043750 0.211667
