0 2323 0.485000 0.280833 0.062500 0.238333
0 2324 0.259375 0.427500 0.131250 0.495000
0 -1  0.093750 0.252500 0.025000 0.098333
0 -1  0.038750 0.268333 0.035000 0.126667
0 -1  0.140000 0.264167 0.035000 0.145000
0 -1  0.159375 0.245000 0.021250 0.083333
0 -1  0.188125 0.255000 0.026250 0.096667
0 -1  0.318750 0.312500 0.057500 0.248333
0 -1  0.384375 0.253333 0.028750 0.120000
0 -1  0.548125 0.261667 0.048750 0.203333
0 -1  0.585625 0.265000 0.046250 0.180000
0 -1  0.666875 0.310000 0.093750 0.333333
0 -1  0.412500 0.243333 0.017500 0.076667
0 -1  0.267500 0.243333 0.022500 0.093333
