0 2326 0.440625 0.363333 0.066250 0.270000
0 2328 0.390000 0.360833 0.062500 0.241667
0 2330 0.210625 0.429167 0.123750 0.441667
0 2337 0.885000 0.387500 0.115000 0.441667
0 -1  0.038125 0.352500 0.066250 0.258333
0 -1  0.113125 0.322500 0.046250 0.178333
0 -1  0.074375 0.305833 0.028750 0.135000
0 -1  0.153750 0.335833 0.067500 0.265000
0 -1  0.246250 0.296667 0.030000 0.120000
0 -1  0.270000 0.298333 0.027500 0.106667
0 -1  0.315000 0.294167 0.022500 0.101667
0 -1  0.330000 0.294167 0.022500 0.105000
0 -1  0.347500 0.303333 0.030000 0.136667
0 -1  0.467500 0.300833 0.035000 0.148333
0 -1  0.963125 0.366667 0.063750 0.483333
