0 2331 0.425625 0.412500 0.068750 0.248333
0 2332 0.650625 0.448333 0.101250 0.363333
0 -1  0.058750 0.357500 0.027500 0.118333
0 -1  0.076250 0.360833 0.030000 0.115000
0 -1  0.093750 0.338333 0.017500 0.076667
0 -1  0.131250 0.353333 0.022500 0.096667
0 -1  0.154375 0.354167 0.028750 0.111667
0 -1  0.175625 0.370833 0.033750 0.121667
0 -1  0.200000 0.348333 0.027500 0.100000
0 -1  0.220625 0.385000 0.038750 0.140000
0 -1  0.230625 0.301667 0.011250 0.040000
0 -1  0.239375 0.360000 0.031250 0.120000
0 -1  0.262500 0.371667 0.042500 0.160000
0 -1  0.300625 0.379167 0.046250 0.165000
0 -1  0.317500 0.362500 0.025000 0.101667
0 -1  0.331875 0.356667 0.023750 0.096667
0 -1  0.355625 0.393333 0.041250 0.166667
0 -1  0.376250 0.381667 0.032500 0.136667
0 -1  0.450000 0.375000 0.030000 0.120000
0 -1  0.477500 0.364167 0.030000 0.108333
0 -1  0.500000 0.363333 0.025000 0.106667
0 -1  0.521875 0.358333 0.026250 0.116667
0 -1  0.557500 0.364167 0.025000 0.111667
0 -1  0.582500 0.376667 0.030000 0.136667
0 -1  0.613750 0.375833 0.035000 0.151667
0 -1  0.706250 0.393333 0.042500 0.163333
0 -1  0.747500 0.357500 0.025000 0.101667
0 -1  0.770000 0.383333 0.030000 0.126667
0 -1  0.788125 0.382500 0.031250 0.131667
0 -1  0.825000 0.378333 0.035000 0.136667
0 -1  0.926875 0.416667 0.058750 0.220000
0 -1  0.983125 0.398333 0.028750 0.193333
