0 2333 0.481250 0.451667 0.157500 0.630000
0 -1  0.037500 0.380000 0.072500 0.296667
0 -1  0.220000 0.340000 0.062500 0.223333
0 -1  0.253125 0.297500 0.036250 0.135000
0 -1  0.352500 0.295000 0.040000 0.143333
0 -1  0.390625 0.320000 0.048750 0.176667
0 -1  0.543750 0.330000 0.085000 0.316667
0 -1  0.580625 0.280000 0.031250 0.113333
0 -1  0.635000 0.380833 0.082500 0.348333
0 -1  0.708750 0.338333 0.062500 0.223333
0 -1  0.781250 0.344167 0.082500 0.331667
0 -1  0.943750 0.418333 0.102500 0.603333
0 -1  0.631875 0.342500 0.081250 0.305000
