0 2330 0.770000 0.520000 0.115000 0.413333
0 2343 0.445625 0.468333 0.078750 0.330000
0 2344 0.886250 0.459167 0.060000 0.215000
0 2345 0.145625 0.455833 0.071250 0.288333
0 -1  0.357500 0.417500 0.037500 0.165000
0 -1  0.498125 0.434167 0.048750 0.175000
0 -1  0.538125 0.436667 0.076250 0.273333
0 -1  0.811250 0.418333 0.057500 0.206667
0 -1  0.916875 0.415833 0.036250 0.161667
0 -1  0.756250 0.455000 0.065000 0.256667
0 -1  0.943125 0.415833 0.033750 0.148333
0 -1  0.977500 0.419167 0.035000 0.145000
