0 2326 0.440625 0.440833 0.093750 0.365000
0 2329 0.542500 0.426667 0.072500 0.283333
0 -1  0.025000 0.393333 0.047500 0.210000
0 -1  0.063750 0.390000 0.060000 0.236667
0 -1  0.165625 0.410000 0.073750 0.270000
0 -1  0.202500 0.375000 0.042500 0.180000
0 -1  0.293125 0.492500 0.131250 0.468333
0 -1  0.331250 0.434167 0.090000 0.375000
0 -1  0.735000 0.357500 0.050000 0.221667
0 -1  0.785000 0.341667 0.050000 0.216667
0 -1  0.820000 0.356667 0.057500 0.223333
0 -1  0.880000 0.326667 0.062500 0.223333
0 -1  0.653125 0.333333 0.036250 0.133333
0 -1  0.410000 0.378333 0.045000 0.200000
