0 2335 0.286875 0.356667 0.121250 0.450000
0 2337 0.822500 0.322500 0.082500 0.295000
0 -1  0.040625 0.239167 0.056250 0.231667
0 -1  0.075000 0.248333 0.062500 0.246667
0 -1  0.123750 0.233333 0.067500 0.246667
0 -1  0.175625 0.240000 0.053750 0.220000
0 -1  0.373750 0.239167 0.050000 0.178333
0 -1  0.425000 0.247500 0.037500 0.165000
0 -1  0.475000 0.265000 0.060000 0.236667
0 -1  0.518750 0.333333 0.105000 0.433333
0 -1  0.598750 0.259167 0.040000 0.175000
0 -1  0.630000 0.245833 0.032500 0.131667
0 -1  0.646250 0.264167 0.030000 0.148333
0 -1  0.666875 0.269167 0.046250 0.178333
0 -1  0.687500 0.250833 0.030000 0.111667
0 -1  0.709375 0.262500 0.036250 0.131667
0 -1  0.754375 0.278333 0.038750 0.156667
0 -1  0.902500 0.310000 0.047500 0.240000
0 -1  0.865625 0.332500 0.068750 0.248333
0 -1  0.933125 0.330833 0.096250 0.335000
0 -1  0.973750 0.325833 0.042500 0.305000
