0 2338 0.436250 0.413333 0.107500 0.420000
0 -1  0.049375 0.359167 0.036250 0.131667
0 -1  0.103750 0.420833 0.092500 0.328333
0 -1  0.139375 0.346667 0.043750 0.156667
0 -1  0.176250 0.354167 0.037500 0.135000
0 -1  0.197500 0.361667 0.042500 0.153333
0 -1  0.218750 0.338333 0.037500 0.136667
0 -1  0.258750 0.301667 0.017500 0.063333
0 -1  0.293125 0.328333 0.028750 0.123333
0 -1  0.309375 0.331667 0.031250 0.113333
0 -1  0.321250 0.325833 0.027500 0.115000
0 -1  0.706250 0.285833 0.040000 0.145000
0 -1  0.467500 0.322500 0.047500 0.171667
0 -1  0.343125 0.323333 0.031250 0.133333
0 -1  0.392500 0.354167 0.045000 0.191667
