0 2333 0.352500 0.475000 0.097500 0.346667
0 -1  0.026875 0.422500 0.051250 0.225000
0 -1  0.085000 0.408333 0.045000 0.160000
0 -1  0.127500 0.399167 0.037500 0.135000
0 -1  0.304375 0.415000 0.036250 0.130000
0 -1  0.430000 0.391667 0.030000 0.110000
0 -1  0.463750 0.415833 0.050000 0.181667
0 -1  0.506250 0.405000 0.030000 0.110000
0 -1  0.547500 0.403333 0.030000 0.110000
0 -1  0.586875 0.465000 0.068750 0.246667
0 -1  0.633750 0.412500 0.035000 0.128333
0 -1  0.676875 0.561667 0.118750 0.423333
0 -1  0.706250 0.474167 0.057500 0.251667
0 -1  0.773125 0.461667 0.053750 0.223333
0 -1  0.843750 0.508333 0.062500 0.283333
0 -1  0.878125 0.468333 0.051250 0.223333
0 -1  0.939375 0.433333 0.036250 0.130000
0 -1  0.968750 0.470000 0.052500 0.226667
0 -1  0.391875 0.378333 0.023750 0.086667
