0 2335 0.345000 0.435833 0.132500 0.491667
0 2336 0.175000 0.323333 0.092500 0.330000
0 2358 0.774375 0.339167 0.073750 0.261667
0 -1  0.445000 0.289167 0.037500 0.135000
0 -1  0.484375 0.300833 0.063750 0.258333
0 -1  0.501875 0.331667 0.076250 0.273333
0 -1  0.537500 0.303333 0.030000 0.110000
0 -1  0.563750 0.290000 0.025000 0.090000
0 -1  0.580000 0.290000 0.042500 0.150000
0 -1  0.616250 0.302500 0.032500 0.118333
0 -1  0.630625 0.267500 0.021250 0.078333
0 -1  0.664375 0.283333 0.033750 0.146667
0 -1  0.691250 0.290833 0.035000 0.155000
0 -1  0.721875 0.291667 0.031250 0.150000
0 -1  0.740000 0.280833 0.025000 0.115000
0 -1  0.811250 0.270000 0.025000 0.090000
0 -1  0.831875 0.299167 0.038750 0.141667
0 -1  0.865625 0.285833 0.028750 0.101667
0 -1  0.890625 0.274167 0.023750 0.085000
0 -1  0.922500 0.308333 0.052500 0.186667
0 -1  0.963125 0.336667 0.036250 0.133333
0 -1  0.302500 0.280000 0.027500 0.120000
