0 2333 0.418125 0.510000 0.138750 0.596667
0 2334 0.574375 0.537500 0.158750 0.645000
0 -1  0.025625 0.317500 0.028750 0.105000
0 -1  0.083750 0.389167 0.072500 0.258333
0 -1  0.111250 0.316667 0.022500 0.090000
0 -1  0.162500 0.333333 0.032500 0.116667
0 -1  0.225000 0.527500 0.177500 0.631667
0 -1  0.289375 0.383333 0.066250 0.253333
0 -1  0.345000 0.357500 0.042500 0.171667
0 -1  0.510000 0.404167 0.065000 0.235000
0 -1  0.685000 0.359167 0.035000 0.125000
0 -1  0.895000 0.450833 0.070000 0.251667
0 -1  0.943125 0.469167 0.103750 0.401667
0 -1  0.471250 0.342500 0.025000 0.108333
