0 2337 0.885000 0.523333 0.115000 0.466667
0 2338 0.541875 0.405833 0.073750 0.295000
0 2339 0.318750 0.351667 0.042500 0.153333
0 -1  0.236875 0.320000 0.023750 0.110000
0 -1  0.380000 0.340000 0.022500 0.103333
0 -1  0.391875 0.335000 0.021250 0.096667
0 -1  0.429375 0.333333 0.023750 0.110000
0 -1  0.465000 0.360833 0.032500 0.121667
0 -1  0.493125 0.360833 0.038750 0.168333
0 -1  0.594375 0.359167 0.028750 0.121667
0 -1  0.562500 0.407500 0.052500 0.215000
0 -1  0.623750 0.373333 0.022500 0.103333
0 -1  0.648750 0.354167 0.020000 0.081667
0 -1  0.697500 0.455833 0.067500 0.291667
0 -1  0.713125 0.432500 0.061250 0.268333
0 -1  0.782500 0.452500 0.065000 0.315000
0 -1  0.855000 0.449167 0.072500 0.308333
0 -1  0.948750 0.442500 0.070000 0.311667
