0 2340 0.503125 0.410833 0.091250 0.325000
0 2341 0.282500 0.370000 0.090000 0.320000
0 2342 0.355625 0.390000 0.073750 0.283333
0 -1  0.036875 0.280000 0.031250 0.146667
0 -1  0.098125 0.320000 0.051250 0.203333
0 -1  0.170000 0.286667 0.032500 0.116667
0 -1  0.193750 0.286667 0.030000 0.106667
0 -1  0.243125 0.294167 0.031250 0.111667
0 -1  0.403125 0.329167 0.033750 0.141667
0 -1  0.600000 0.353333 0.037500 0.136667
0 -1  0.953750 0.443333 0.062500 0.230000
0 -1  0.917500 0.391667 0.032500 0.130000
