0 2345 0.603750 0.446667 0.100000 0.386667
0 2362 0.141250 0.465833 0.147500 0.568333
0 2364 0.378750 0.385000 0.055000 0.273333
0 -1  0.198750 0.371667 0.072500 0.286667
0 -1  0.337500 0.404167 0.060000 0.231667
0 -1  0.428750 0.372500 0.060000 0.248333
0 -1  0.335625 0.356667 0.056250 0.233333
0 -1  0.533125 0.320833 0.028750 0.101667
0 -1  0.668125 0.351667 0.046250 0.173333
0 -1  0.754375 0.552500 0.213750 0.791667
0 -1  0.846875 0.339167 0.033750 0.121667
0 -1  0.931250 0.398333 0.070000 0.250000
0 -1  0.970000 0.402500 0.050000 0.218333
