0 2349 0.421250 0.410000 0.112500 0.423333
0 2352 0.205000 0.348333 0.047500 0.180000
0 -1  0.043125 0.360833 0.036250 0.141667
0 -1  0.026875 0.348333 0.026250 0.116667
0 -1  0.071250 0.340000 0.032500 0.123333
0 -1  0.126250 0.346667 0.032500 0.133333
0 -1  0.152500 0.331667 0.032500 0.120000
0 -1  0.225625 0.327500 0.023750 0.095000
0 -1  0.178125 0.331667 0.018750 0.080000
0 -1  0.273125 0.325000 0.026250 0.100000
0 -1  0.308125 0.331667 0.021250 0.093333
0 -1  0.335625 0.334167 0.026250 0.105000
0 -1  0.353125 0.330000 0.026250 0.106667
0 -1  0.370625 0.323333 0.026250 0.106667
0 -1  0.471250 0.385000 0.062500 0.270000
0 -1  0.514375 0.320000 0.021250 0.110000
0 -1  0.545625 0.320000 0.021250 0.113333
0 -1  0.640625 0.329167 0.043750 0.155000
0 -1  0.912500 0.337500 0.065000 0.235000
0 -1  0.527500 0.329167 0.025000 0.121667
0 -1  0.097500 0.328333 0.017500 0.063333
