0 2358 0.390000 0.359167 0.120000 0.518333
0 2360 0.680000 0.246667 0.047500 0.170000
0 -1  0.081250 0.224167 0.057500 0.208333
0 -1  0.136875 0.228333 0.056250 0.200000
0 -1  0.191250 0.224167 0.040000 0.185000
0 -1  0.225000 0.250833 0.052500 0.231667
0 -1  0.298125 0.215833 0.028750 0.105000
0 -1  0.330000 0.209167 0.027500 0.111667
0 -1  0.356250 0.253333 0.052500 0.236667
0 -1  0.475625 0.219167 0.028750 0.125000
0 -1  0.488125 0.235000 0.031250 0.140000
0 -1  0.540000 0.245833 0.037500 0.181667
0 -1  0.570625 0.224167 0.026250 0.115000
0 -1  0.585000 0.245000 0.037500 0.166667
0 -1  0.597500 0.243333 0.042500 0.186667
0 -1  0.655625 0.247500 0.031250 0.128333
0 -1  0.701875 0.236667 0.028750 0.123333
0 -1  0.721250 0.240000 0.022500 0.100000
0 -1  0.740625 0.240000 0.023750 0.110000
0 -1  0.763750 0.241667 0.027500 0.130000
0 -1  0.429375 0.220833 0.028750 0.108333
