0 2353 0.423125 0.441667 0.098750 0.380000
0 2354 0.499375 0.450000 0.083750 0.296667
0 2356 0.103125 0.453333 0.088750 0.336667
0 2357 0.210000 0.444167 0.095000 0.338333
0 -1  0.257500 0.383333 0.042500 0.163333
0 -1  0.286250 0.385000 0.030000 0.130000
0 -1  0.340625 0.374167 0.028750 0.125000
0 -1  0.376875 0.389167 0.038750 0.155000
0 -1  0.551250 0.365833 0.020000 0.071667
0 -1  0.601250 0.375000 0.035000 0.126667
0 -1  0.568750 0.364167 0.020000 0.071667
0 -1  0.631875 0.370000 0.036250 0.133333
0 -1  0.663750 0.367500 0.022500 0.101667
0 -1  0.700625 0.405000 0.046250 0.163333
0 -1  0.773125 0.360000 0.021250 0.086667
0 -1  0.802500 0.371667 0.022500 0.103333
