0 2353 0.517500 0.388333 0.090000 0.336667
0 2354 0.390625 0.415000 0.076250 0.306667
0 2355 0.152500 0.360000 0.062500 0.223333
0 2356 0.925000 0.444167 0.100000 0.355000
0 2357 0.792500 0.424167 0.105000 0.375000
0 -1  0.063125 0.361667 0.048750 0.173333
0 -1  0.240625 0.360000 0.048750 0.176667
0 -1  0.443125 0.346667 0.038750 0.140000
0 -1  0.474375 0.350833 0.043750 0.155000
0 -1  0.610625 0.344167 0.031250 0.125000
0 -1  0.632500 0.350833 0.025000 0.118333
0 -1  0.654375 0.350000 0.028750 0.126667
0 -1  0.668125 0.341667 0.026250 0.140000
0 -1  0.700000 0.335833 0.017500 0.075000
0 -1  0.720625 0.331667 0.021250 0.076667
0 -1  0.760000 0.372500 0.057500 0.205000
0 -1  0.881875 0.357500 0.038750 0.138333
0 -1  0.969375 0.386667 0.048750 0.200000
0 -1  0.561875 0.350000 0.028750 0.123333
