0 2362 0.435625 0.464167 0.133750 0.555000
0 -1  0.031875 0.415833 0.061250 0.271667
0 -1  0.043750 0.368333 0.080000 0.310000
0 -1  0.100625 0.346667 0.063750 0.253333
0 -1  0.118750 0.289167 0.035000 0.128333
0 -1  0.168125 0.288333 0.028750 0.133333
0 -1  0.203125 0.285000 0.026250 0.096667
0 -1  0.237500 0.281667 0.027500 0.100000
0 -1  0.260625 0.272500 0.018750 0.068333
0 -1  0.306875 0.268333 0.023750 0.090000
0 -1  0.325000 0.299167 0.040000 0.145000
0 -1  0.375000 0.276667 0.025000 0.090000
0 -1  0.505625 0.306667 0.041250 0.160000
0 -1  0.580000 0.360000 0.082500 0.306667
0 -1  0.630625 0.296667 0.033750 0.156667
0 -1  0.681875 0.321667 0.051250 0.210000
0 -1  0.716250 0.364167 0.067500 0.291667
0 -1  0.803125 0.325833 0.043750 0.201667
0 -1  0.790625 0.310000 0.038750 0.160000
0 -1  0.767500 0.272500 0.032500 0.118333
