0 147 0.506667 0.439375 0.120000 0.241250
0 -1  0.985000 0.382500 0.026667 0.092500
0 -1  0.970833 0.363750 0.038333 0.100000
0 -1  0.608333 0.388750 0.060000 0.142500
0 -1  0.467500 0.365000 0.028333 0.085000
0 -1  0.455833 0.366875 0.035000 0.093750
0 -1  0.393333 0.376875 0.033333 0.096250
0 -1  0.017500 0.371250 0.028333 0.067500
0 -1  0.050000 0.371875 0.036667 0.076250
0 -1  0.073333 0.377500 0.030000 0.065000
0 -1  0.115000 0.371250 0.030000 0.072500
0 -1  0.185000 0.389375 0.053333 0.126250
