0 147 0.302500 0.340000 0.101667 0.205000
0 -1  0.716667 0.294375 0.040000 0.111250
0 -1  0.688333 0.291250 0.040000 0.100000
0 -1  0.621667 0.290625 0.033333 0.091250
0 -1  0.595000 0.290000 0.030000 0.090000
0 -1  0.557500 0.290000 0.025000 0.085000
0 -1  0.456667 0.300625 0.033333 0.101250
0 -1  0.430833 0.299375 0.048333 0.118750
0 -1  0.029167 0.292500 0.045000 0.107500
0 -1  0.074167 0.304375 0.031667 0.091250
0 -1  0.135833 0.303750 0.055000 0.122500
0 -1  0.179167 0.289375 0.045000 0.111250
0 -1  0.160833 0.306250 0.061667 0.137500
0 -1  0.237500 0.315000 0.101667 0.202500
