0 2390 0.676667 0.220000 0.216667 0.435000
0 -1  0.031667 0.100625 0.056667 0.173750
0 -1  0.136667 0.121250 0.056667 0.132500
0 -1  0.175000 0.089375 0.040000 0.098750
0 -1  0.208333 0.101250 0.060000 0.147500
0 -1  0.261667 0.107500 0.050000 0.140000
0 -1  0.315000 0.108750 0.056667 0.150000
0 -1  0.346667 0.095625 0.030000 0.066250
0 -1  0.407500 0.125625 0.061667 0.156250
0 -1  0.434167 0.126875 0.058333 0.138750
0 -1  0.525000 0.129375 0.066667 0.153750
0 -1  0.554167 0.150000 0.101667 0.290000
