0 2389 0.464167 0.356875 0.261667 0.553750
0 -1  0.020000 0.175000 0.036667 0.092500
0 -1  0.045833 0.168750 0.038333 0.085000
0 -1  0.131667 0.181875 0.030000 0.066250
0 -1  0.170833 0.178125 0.035000 0.076250
0 -1  0.306667 0.212500 0.056667 0.132500
0 -1  0.347500 0.186250 0.038333 0.082500
0 -1  0.414167 0.188750 0.031667 0.072500
0 -1  0.615000 0.230000 0.070000 0.142500
0 -1  0.653333 0.230625 0.080000 0.161250
0 -1  0.758333 0.297500 0.186667 0.372500
0 -1  0.250833 0.173750 0.018333 0.040000
0 -1  0.278333 0.183125 0.033333 0.076250
