0 2403 0.551250 0.375000 0.107500 0.400000
0 2404 0.646875 0.358333 0.086250 0.310000
0 -1  0.225625 0.094167 0.031250 0.111667
0 -1  0.250625 0.111667 0.036250 0.140000
0 -1  0.071875 0.275833 0.048750 0.175000
0 -1  0.118125 0.259167 0.048750 0.148333
0 -1  0.161875 0.266667 0.053750 0.193333
0 -1  0.213125 0.282500 0.046250 0.191667
0 -1  0.250625 0.299167 0.046250 0.221667
0 -1  0.438750 0.224167 0.020000 0.071667
0 -1  0.461875 0.299167 0.051250 0.198333
0 -1  0.491875 0.267500 0.048750 0.178333
0 -1  0.591875 0.287500 0.048750 0.185000
0 -1  0.700625 0.275000 0.041250 0.170000
0 -1  0.745625 0.280833 0.046250 0.175000
0 -1  0.102500 0.749167 0.042500 0.151667
