0 2403 0.337500 0.549167 0.122500 0.438333
0 2404 0.500625 0.500833 0.116250 0.415000
0 -1  0.140625 0.250000 0.083750 0.280000
0 -1  0.189375 0.284167 0.036250 0.128333
0 -1  0.240000 0.184167 0.090000 0.255000
0 -1  0.358125 0.285833 0.071250 0.268333
0 -1  0.366875 0.212500 0.066250 0.238333
0 -1  0.334375 0.146667 0.068750 0.270000
0 -1  0.422500 0.402500 0.070000 0.265000
0 -1  0.509375 0.296667 0.068750 0.270000
0 -1  0.626875 0.323333 0.066250 0.253333
0 -1  0.696250 0.357500 0.062500 0.261667
0 -1  0.886250 0.113333 0.090000 0.223333
0 -1  0.951875 0.229167 0.061250 0.255000
0 -1  0.445625 0.080833 0.048750 0.158333
0 -1  0.220625 0.076667 0.046250 0.150000
