0 2403 0.615625 0.324167 0.073750 0.261667
0 -1  0.098125 0.713333 0.151250 0.560000
0 -1  0.202500 0.748333 0.157500 0.490000
0 -1  0.075000 0.273333 0.052500 0.200000
0 -1  0.048750 0.255000 0.032500 0.133333
0 -1  0.096875 0.250833 0.043750 0.158333
0 -1  0.196875 0.277500 0.051250 0.205000
0 -1  0.230000 0.292500 0.052500 0.218333
0 -1  0.276875 0.271667 0.063750 0.226667
0 -1  0.326875 0.281667 0.048750 0.173333
0 -1  0.408125 0.273333 0.041250 0.193333
0 -1  0.438750 0.225833 0.015000 0.058333
0 -1  0.426250 0.227500 0.015000 0.058333
0 -1  0.453750 0.229167 0.015000 0.055000
0 -1  0.472500 0.226667 0.015000 0.056667
0 -1  0.496250 0.227500 0.012500 0.051667
0 -1  0.596250 0.270000 0.040000 0.160000
0 -1  0.642500 0.286667 0.040000 0.160000
0 -1  0.718750 0.335000 0.060000 0.243333
0 -1  0.681250 0.279167 0.035000 0.148333
