0 2405 0.417500 0.500000 0.112500 0.373333
0 2406 0.546875 0.460833 0.108750 0.388333
0 -1  0.061250 0.261667 0.087500 0.250000
0 -1  0.121250 0.183333 0.085000 0.236667
0 -1  0.208750 0.143333 0.105000 0.246667
0 -1  0.176250 0.326667 0.105000 0.256667
0 -1  0.303125 0.208333 0.088750 0.243333
0 -1  0.645625 0.122500 0.063750 0.241667
0 -1  0.041250 0.566667 0.075000 0.263333
0 -1  0.150000 0.630833 0.130000 0.271667
0 -1  0.191250 0.634167 0.115000 0.241667
0 -1  0.286250 0.500000 0.082500 0.263333
