0 2403 0.382500 0.539167 0.160000 0.548333
0 2404 0.491250 0.384167 0.140000 0.465000
0 -1  0.276250 0.058333 0.030000 0.106667
0 -1  0.335000 0.066667 0.037500 0.130000
0 -1  0.406250 0.171667 0.050000 0.190000
0 -1  0.296875 0.205833 0.061250 0.215000
0 -1  0.160000 0.194167 0.047500 0.155000
0 -1  0.113125 0.199167 0.041250 0.155000
0 -1  0.456250 0.162500 0.052500 0.201667
0 -1  0.495625 0.171667 0.051250 0.176667
0 -1  0.534375 0.159167 0.046250 0.175000
0 -1  0.566250 0.132500 0.047500 0.181667
0 -1  0.638750 0.145000 0.052500 0.203333
0 -1  0.668750 0.139167 0.042500 0.185000
0 -1  0.726875 0.135000 0.048750 0.196667
0 -1  0.708750 0.120000 0.037500 0.203333
0 -1  0.693125 0.111667 0.038750 0.180000
0 -1  0.761250 0.096667 0.042500 0.166667
0 -1  0.798125 0.071667 0.028750 0.126667
0 -1  0.844375 0.127500 0.053750 0.238333
0 -1  0.871875 0.134167 0.048750 0.208333
0 -1  0.223750 0.644167 0.047500 0.148333
0 -1  0.191875 0.621667 0.051250 0.130000
0 -1  0.095625 0.602500 0.053750 0.128333
0 -1  0.107500 0.785833 0.060000 0.211667
0 -1  0.129375 0.780000 0.066250 0.156667
0 -1  0.144375 0.700833 0.063750 0.148333
0 -1  0.025000 0.740000 0.047500 0.176667
0 -1  0.068750 0.765833 0.055000 0.151667
