0 2401 0.572500 0.540000 0.117500 0.376667
0 2402 0.359375 0.577500 0.093750 0.311667
0 -1  0.020625 0.081667 0.038750 0.156667
0 -1  0.071250 0.266667 0.075000 0.233333
0 -1  0.125625 0.244167 0.053750 0.195000
0 -1  0.176250 0.365000 0.070000 0.200000
0 -1  0.190000 0.180000 0.062500 0.203333
0 -1  0.295625 0.325833 0.056250 0.201667
0 -1  0.388750 0.349167 0.047500 0.201667
0 -1  0.364375 0.155000 0.048750 0.193333
0 -1  0.419375 0.320000 0.046250 0.190000
0 -1  0.438750 0.268333 0.050000 0.210000
0 -1  0.445000 0.210000 0.040000 0.173333
0 -1  0.472500 0.201667 0.042500 0.180000
0 -1  0.501875 0.249167 0.048750 0.191667
0 -1  0.527500 0.189167 0.037500 0.171667
0 -1  0.602500 0.268333 0.045000 0.176667
0 -1  0.621875 0.330000 0.056250 0.176667
0 -1  0.639375 0.276667 0.038750 0.156667
0 -1  0.658125 0.095833 0.051250 0.175000
0 -1  0.681250 0.082500 0.042500 0.161667
0 -1  0.720625 0.104167 0.056250 0.198333
0 -1  0.730000 0.375000 0.080000 0.220000
0 -1  0.648750 0.578333 0.140000 0.350000
0 -1  0.896875 0.514167 0.191250 0.435000
0 -1  0.827500 0.310833 0.080000 0.188333
0 -1  0.927500 0.307500 0.062500 0.161667
0 -1  0.964375 0.320000 0.056250 0.156667
0 -1  0.928125 0.211667 0.053750 0.150000
0 -1  0.965000 0.185833 0.057500 0.168333
0 -1  0.848125 0.083333 0.056250 0.146667
0 -1  0.868125 0.114167 0.046250 0.145000
0 -1  0.903750 0.090000 0.052500 0.156667
0 -1  0.905625 0.119167 0.053750 0.161667
0 -1  0.908125 0.136667 0.053750 0.153333
0 -1  0.943750 0.064167 0.045000 0.125000
0 -1  0.977500 0.114167 0.040000 0.125000
