0 2408 0.238750 0.275000 0.080000 0.310000
0 2409 0.355625 0.384167 0.126250 0.468333
0 -1  0.452500 0.231667 0.040000 0.190000
0 -1  0.546250 0.250833 0.062500 0.238333
0 -1  0.878125 0.190000 0.026250 0.106667
0 -1  0.909375 0.186667 0.026250 0.110000
0 -1  0.816250 0.194167 0.037500 0.135000
0 -1  0.761250 0.181667 0.025000 0.106667
0 -1  0.714375 0.176667 0.023750 0.093333
0 -1  0.698125 0.181667 0.021250 0.093333
0 -1  0.491875 0.164167 0.016250 0.061667
0 -1  0.161250 0.154167 0.017500 0.065000
0 -1  0.186875 0.162500 0.021250 0.078333
0 -1  0.915625 0.447500 0.023750 0.098333
0 -1  0.934375 0.450000 0.023750 0.096667
0 -1  0.868125 0.482500 0.026250 0.095000
0 -1  0.821875 0.468333 0.026250 0.093333
0 -1  0.641250 0.390000 0.025000 0.090000
