0 2405 0.512500 0.484167 0.102500 0.395000
0 2406 0.577500 0.435833 0.072500 0.311667
0 -1  0.321875 0.724167 0.118750 0.481667
0 -1  0.637500 0.400833 0.060000 0.251667
0 -1  0.655625 0.365000 0.048750 0.220000
0 -1  0.683125 0.356667 0.038750 0.176667
0 -1  0.296875 0.401667 0.043750 0.190000
0 -1  0.318750 0.391667 0.040000 0.200000
0 -1  0.229375 0.380000 0.031250 0.163333
0 -1  0.210000 0.375000 0.037500 0.163333
0 -1  0.190000 0.383333 0.037500 0.160000
0 -1  0.111250 0.407500 0.045000 0.191667
0 -1  0.073125 0.405833 0.053750 0.211667
0 -1  0.034375 0.380833 0.036250 0.148333
0 -1  0.203750 0.246667 0.025000 0.123333
0 -1  0.223750 0.253333 0.030000 0.133333
0 -1  0.236250 0.778333 0.140000 0.433333
0 -1  0.251875 0.637500 0.091250 0.421667
0 -1  0.432500 0.307500 0.015000 0.055000
0 -1  0.388750 0.315000 0.015000 0.056667
0 -1  0.365000 0.321667 0.015000 0.056667
