0 2407 0.453125 0.467500 0.168750 0.711667
0 2408 0.866875 0.301667 0.128750 0.480000
0 -1  0.048125 0.225833 0.056250 0.215000
0 -1  0.500000 0.148333 0.027500 0.116667
0 -1  0.531250 0.160000 0.030000 0.150000
0 -1  0.566250 0.169167 0.032500 0.151667
0 -1  0.671250 0.316667 0.100000 0.466667
0 -1  0.683125 0.207500 0.053750 0.251667
0 -1  0.746875 0.342500 0.111250 0.525000
0 -1  0.948750 0.252500 0.092500 0.361667
0 -1  0.480000 0.151667 0.025000 0.113333
0 -1  0.818125 0.117500 0.018750 0.085000
0 -1  0.833750 0.112500 0.022500 0.091667
