0 2412 0.668750 0.420000 0.072500 0.273333
0 2414 0.523125 0.442500 0.081250 0.291667
0 -1  0.030000 0.347500 0.022500 0.091667
0 -1  0.046250 0.348333 0.022500 0.086667
0 -1  0.369375 0.354167 0.028750 0.118333
0 -1  0.398125 0.360000 0.026250 0.106667
0 -1  0.429375 0.495000 0.093750 0.376667
0 -1  0.444375 0.428333 0.061250 0.270000
0 -1  0.490000 0.399167 0.040000 0.175000
0 -1  0.583750 0.521667 0.087500 0.340000
0 -1  0.743125 0.642500 0.108750 0.578333
0 -1  0.630000 0.378333 0.032500 0.143333
