0 2418 0.476250 0.525000 0.112500 0.403333
0 2419 0.712500 0.645000 0.122500 0.443333
0 2421 0.623125 0.562500 0.108750 0.465000
0 -1  0.373750 0.379167 0.042500 0.181667
0 -1  0.340000 0.326667 0.022500 0.083333
0 -1  0.798125 0.335000 0.023750 0.086667
0 -1  0.882500 0.335833 0.027500 0.098333
0 -1  0.930000 0.610833 0.027500 0.098333
0 -1  0.886250 0.604167 0.025000 0.095000
0 -1  0.833125 0.586667 0.026250 0.093333
0 -1  0.552500 0.325833 0.015000 0.065000
0 -1  0.566875 0.326667 0.016250 0.073333
0 -1  0.705000 0.332500 0.017500 0.078333
