0 2429 0.411250 0.401667 0.117500 0.530000
0 2430 0.564375 0.334167 0.106250 0.445000
0 -1  0.148750 0.562500 0.232500 0.858333
0 -1  0.065625 0.148333 0.033750 0.130000
0 -1  0.118750 0.137500 0.035000 0.125000
0 -1  0.165625 0.140000 0.026250 0.093333
0 -1  0.618750 0.182500 0.030000 0.125000
0 -1  0.633125 0.209167 0.021250 0.078333
0 -1  0.720000 0.189167 0.027500 0.098333
0 -1  0.753125 0.181667 0.023750 0.086667
0 -1  0.968125 0.246667 0.048750 0.186667
0 -1  0.228750 0.140000 0.025000 0.086667
0 -1  0.278750 0.138333 0.022500 0.086667
0 -1  0.440000 0.194167 0.020000 0.071667
0 -1  0.433125 0.143333 0.013750 0.063333
