0 2432 0.358750 0.419167 0.215000 0.768333
0 -1  0.041875 0.185000 0.038750 0.146667
0 -1  0.102500 0.175833 0.047500 0.155000
0 -1  0.213125 0.145833 0.031250 0.118333
0 -1  0.374375 0.111667 0.023750 0.093333
0 -1  0.391875 0.110833 0.021250 0.088333
0 -1  0.427500 0.097500 0.017500 0.075000
0 -1  0.461250 0.091667 0.022500 0.093333
0 -1  0.500000 0.085833 0.022500 0.091667
0 -1  0.516250 0.081667 0.017500 0.080000
0 -1  0.542500 0.082500 0.020000 0.071667
0 -1  0.666875 0.056667 0.023750 0.086667
0 -1  0.746250 0.045000 0.022500 0.086667
0 -1  0.830000 0.062500 0.032500 0.121667
0 -1  0.886875 0.055833 0.028750 0.108333
0 -1  0.914375 0.055000 0.028750 0.106667
0 -1  0.954375 0.052500 0.026250 0.101667
0 -1  0.503750 0.322500 0.020000 0.081667
0 -1  0.618750 0.062500 0.017500 0.068333
0 -1  0.575000 0.062500 0.015000 0.068333
0 -1  0.594375 0.271667 0.026250 0.093333
0 -1  0.809375 0.082500 0.026250 0.095000
