0 2432 0.385000 0.450833 0.152500 0.541667
0 -1  0.131250 0.246667 0.035000 0.140000
0 -1  0.174375 0.278333 0.048750 0.200000
0 -1  0.235000 0.280833 0.047500 0.185000
0 -1  0.274375 0.246667 0.026250 0.120000
0 -1  0.287500 0.260833 0.030000 0.135000
0 -1  0.455625 0.371667 0.051250 0.193333
0 -1  0.483750 0.265000 0.030000 0.136667
0 -1  0.506875 0.263333 0.033750 0.140000
0 -1  0.615625 0.275000 0.031250 0.136667
0 -1  0.673125 0.274167 0.033750 0.131667
0 -1  0.747500 0.253333 0.020000 0.083333
0 -1  0.767500 0.274167 0.020000 0.081667
0 -1  0.825000 0.280833 0.025000 0.101667
0 -1  0.858125 0.271667 0.023750 0.096667
0 -1  0.908750 0.273333 0.025000 0.093333
0 -1  0.796875 0.541667 0.023750 0.090000
0 -1  0.825625 0.549167 0.031250 0.115000
0 -1  0.851875 0.508333 0.021250 0.083333
0 -1  0.869375 0.508333 0.026250 0.100000
0 -1  0.915000 0.537500 0.027500 0.098333
0 -1  0.943750 0.547500 0.030000 0.115000
0 -1  0.978750 0.270000 0.025000 0.090000
