0 2424 0.216875 0.385833 0.168750 0.661667
0 2425 0.416875 0.454167 0.083750 0.298333
0 2426 0.470625 0.320833 0.113750 0.435000
0 2428 0.336250 0.478333 0.090000 0.320000
0 -1  0.062500 0.284167 0.070000 0.285000
0 -1  0.142500 0.340833 0.042500 0.175000
0 -1  0.023750 0.298333 0.045000 0.173333
0 -1  0.951875 0.185000 0.043750 0.183333
0 -1  0.982500 0.145000 0.027500 0.143333
0 -1  0.894375 0.138333 0.023750 0.093333
0 -1  0.550000 0.161667 0.022500 0.100000
0 -1  0.573125 0.161667 0.026250 0.096667
0 -1  0.673750 0.150000 0.020000 0.080000
0 -1  0.618750 0.411667 0.020000 0.083333
0 -1  0.538750 0.425833 0.020000 0.088333
0 -1  0.553125 0.425000 0.018750 0.086667
0 -1  0.570625 0.423333 0.023750 0.090000
0 -1  0.794375 0.181667 0.023750 0.086667
0 -1  0.823125 0.128333 0.018750 0.070000
0 -1  0.927500 0.130833 0.022500 0.088333
