0 2505 0.282500 0.371250 0.158333 0.317500
0 -1  0.395000 0.323125 0.073333 0.213750
0 -1  0.464167 0.330000 0.085000 0.217500
0 -1  0.510000 0.338750 0.073333 0.177500
0 -1  0.541667 0.321250 0.063333 0.177500
0 -1  0.614167 0.306875 0.048333 0.116250
0 -1  0.671667 0.325625 0.076667 0.191250
0 -1  0.750833 0.308750 0.055000 0.145000
0 -1  0.795833 0.326875 0.068333 0.136250
0 -1  0.865833 0.309375 0.035000 0.091250
0 -1  0.940000 0.315000 0.053333 0.120000
0 -1  0.461667 0.046875 0.030000 0.061250
0 -1  0.817500 0.097500 0.025000 0.052500
0 -1  0.657500 0.101875 0.021667 0.043750
