0 2571 0.390000 0.377500 0.120000 0.242500
0 2572 0.485000 0.365625 0.086667 0.198750
0 2573 0.578333 0.366250 0.100000 0.205000
0 -1  0.694167 0.337500 0.038333 0.077500
0 -1  0.734167 0.331250 0.045000 0.092500
0 -1  0.779167 0.341875 0.048333 0.098750
0 -1  0.088333 0.373125 0.070000 0.141250
0 -1  0.025833 0.364375 0.041667 0.138750
0 -1  0.182500 0.373750 0.058333 0.125000
0 -1  0.135833 0.368125 0.061667 0.131250
0 -1  0.235833 0.353750 0.061667 0.125000
0 -1  0.254167 0.228125 0.041667 0.096250
0 -1  0.296667 0.240625 0.046667 0.098750
0 -1  0.285000 0.270625 0.046667 0.098750
0 -1  0.273333 0.318750 0.053333 0.102500
