0 2582 0.450833 0.331875 0.228333 0.458750
0 -1  0.092500 0.206250 0.068333 0.137500
0 -1  0.925000 0.295000 0.126667 0.350000
0 -1  0.897500 0.241875 0.041667 0.088750
0 -1  0.861667 0.228750 0.046667 0.102500
0 -1  0.807500 0.247500 0.081667 0.165000
0 -1  0.771667 0.217500 0.043333 0.090000
0 -1  0.665833 0.273750 0.075000 0.170000
0 -1  0.617500 0.240625 0.061667 0.146250
0 -1  0.515833 0.219375 0.058333 0.148750
0 -1  0.866667 0.379375 0.076667 0.148750
0 -1  0.571667 0.228750 0.050000 0.125000
