0 2586 0.491667 0.410625 0.200000 0.401250
0 -1  0.946667 0.386875 0.096667 0.293750
0 -1  0.887500 0.316875 0.035000 0.071250
0 -1  0.759167 0.313750 0.031667 0.065000
0 -1  0.727500 0.305000 0.025000 0.057500
0 -1  0.655000 0.301875 0.033333 0.078750
0 -1  0.638333 0.296250 0.030000 0.075000
0 -1  0.604167 0.298125 0.028333 0.061250
0 -1  0.434167 0.289375 0.035000 0.071250
0 -1  0.399167 0.291250 0.048333 0.100000
0 -1  0.359167 0.293125 0.051667 0.103750
0 -1  0.275000 0.292500 0.046667 0.097500
0 -1  0.250833 0.291250 0.051667 0.105000
0 -1  0.207500 0.287500 0.048333 0.100000
0 -1  0.161667 0.276250 0.043333 0.090000
