0 2586 0.471667 0.445625 0.106667 0.228750
0 -1  0.858333 0.418750 0.080000 0.187500
0 -1  0.792500 0.434375 0.098333 0.213750
0 -1  0.745000 0.435625 0.073333 0.166250
0 -1  0.444167 0.376250 0.031667 0.065000
0 -1  0.312500 0.372500 0.035000 0.075000
0 -1  0.245833 0.372500 0.035000 0.070000
0 -1  0.189167 0.373750 0.031667 0.065000
0 -1  0.040833 0.372500 0.035000 0.070000
0 -1  0.100000 0.422500 0.090000 0.182500
0 -1  0.251667 0.456250 0.050000 0.102500
0 -1  0.301667 0.465625 0.046667 0.101250
