0 2607 0.750833 0.289375 0.158333 0.316250
0 2608 0.438333 0.280000 0.133333 0.290000
0 -1  0.791667 0.278750 0.113333 0.252500
0 -1  0.650833 0.266250 0.091667 0.222500
0 -1  0.546667 0.233125 0.056667 0.141250
0 -1  0.487500 0.228125 0.058333 0.141250
0 -1  0.322500 0.247500 0.098333 0.227500
0 -1  0.257500 0.236875 0.065000 0.186250
0 -1  0.206667 0.235000 0.070000 0.177500
0 -1  0.160000 0.243750 0.083333 0.197500
0 -1  0.110833 0.226875 0.081667 0.196250
0 -1  0.081667 0.211875 0.063333 0.141250
0 -1  0.039167 0.237500 0.075000 0.235000
