0 2625 0.525833 0.442500 0.125000 0.250000
0 -1  0.570833 0.095625 0.041667 0.106250
0 -1  0.666667 0.175000 0.070000 0.150000
0 -1  0.725833 0.193750 0.075000 0.160000
0 -1  0.713333 0.107500 0.046667 0.112500
0 -1  0.770833 0.150000 0.045000 0.135000
0 -1  0.770833 0.106875 0.045000 0.113750
0 -1  0.806667 0.109375 0.043333 0.111250
0 -1  0.825833 0.118750 0.055000 0.125000
0 -1  0.860833 0.403125 0.071667 0.156250
0 -1  0.930833 0.390000 0.115000 0.252500
0 -1  0.961667 0.445000 0.066667 0.202500
