0 175 0.635000 0.538125 0.206667 0.416250
0 -1  0.121667 0.357500 0.106667 0.225000
0 -1  0.315000 0.371875 0.080000 0.211250
0 -1  0.409167 0.363750 0.091667 0.225000
0 -1  0.485000 0.387500 0.086667 0.217500
0 -1  0.575833 0.387500 0.111667 0.220000
0 -1  0.681667 0.298125 0.033333 0.096250
0 -1  0.708333 0.302500 0.040000 0.092500
0 -1  0.742500 0.298125 0.028333 0.073750
0 -1  0.798333 0.298750 0.043333 0.087500
0 -1  0.675000 0.388125 0.063333 0.206250
0 -1  0.779167 0.387500 0.091667 0.227500
0 -1  0.895000 0.371250 0.066667 0.135000
0 -1  0.924167 0.398750 0.101667 0.232500
0 -1  0.883333 0.675625 0.230000 0.603750
0 -1  0.870000 0.300000 0.043333 0.095000
0 -1  0.902500 0.311875 0.045000 0.103750
0 -1  0.975000 0.323750 0.040000 0.117500
