0 175 0.426667 0.443750 0.146667 0.295000
0 -1  0.968333 0.330000 0.046667 0.100000
0 -1  0.930000 0.320000 0.040000 0.090000
0 -1  0.890000 0.329375 0.043333 0.106250
0 -1  0.840000 0.321875 0.033333 0.093750
0 -1  0.670833 0.378125 0.075000 0.173750
0 -1  0.596667 0.300000 0.030000 0.085000
0 -1  0.620000 0.302500 0.026667 0.087500
0 -1  0.639167 0.301250 0.028333 0.090000
0 -1  0.660833 0.300000 0.028333 0.087500
0 -1  0.537500 0.297500 0.041667 0.105000
0 -1  0.545833 0.385000 0.085000 0.212500
0 -1  0.425833 0.325000 0.045000 0.137500
0 -1  0.392500 0.303750 0.038333 0.125000
0 -1  0.322500 0.310625 0.038333 0.133750
0 -1  0.298333 0.311250 0.046667 0.137500
0 -1  0.052500 0.363750 0.085000 0.245000
0 -1  0.118333 0.368125 0.083333 0.193750
0 -1  0.189167 0.368125 0.088333 0.208750
