0 176 0.475833 0.373125 0.148333 0.298750
0 -1  0.928333 0.205000 0.036667 0.095000
0 -1  0.963333 0.251250 0.063333 0.150000
0 -1  0.891667 0.216875 0.050000 0.136250
0 -1  0.854167 0.210625 0.055000 0.128750
0 -1  0.737500 0.205000 0.038333 0.107500
0 -1  0.769167 0.208125 0.035000 0.116250
0 -1  0.685833 0.211250 0.041667 0.117500
0 -1  0.639167 0.191875 0.028333 0.091250
0 -1  0.531667 0.263125 0.070000 0.196250
0 -1  0.590000 0.231250 0.070000 0.167500
0 -1  0.353333 0.211875 0.043333 0.133750
0 -1  0.289167 0.215625 0.038333 0.116250
0 -1  0.445000 0.227500 0.053333 0.137500
0 -1  0.092500 0.276875 0.088333 0.193750
0 -1  0.150833 0.278125 0.091667 0.213750
0 -1  0.241667 0.250000 0.090000 0.200000
0 -1  0.094167 0.484375 0.185000 0.483750
