0 2753 0.108125 0.688333 0.108750 0.390000
0 2754 0.253125 0.218333 0.091250 0.303333
0 2755 0.476875 0.350000 0.091250 0.326667
0 2756 0.308125 0.626667 0.096250 0.343333
0 2757 0.715625 0.264167 0.098750 0.351667
0 2845 0.562500 0.480833 0.100000 0.355000
0 -1  0.411250 0.361667 0.090000 0.320000
0 -1  0.375625 0.637500 0.091250 0.325000
0 -1  0.140625 0.605000 0.116250 0.416667
0 -1  0.400625 0.750000 0.113750 0.406667
0 -1  0.407500 0.495833 0.097500 0.385000
0 -1  0.721875 0.622500 0.098750 0.351667
0 -1  0.753750 0.588333 0.115000 0.410000
0 -1  0.627500 0.278333 0.077500 0.340000
0 -1  0.533125 0.225000 0.071250 0.296667
0 -1  0.778750 0.205000 0.075000 0.343333
0 -1  0.822500 0.444167 0.077500 0.338333
0 -1  0.873125 0.417500 0.076250 0.328333
0 -1  0.911250 0.373333 0.072500 0.296667
0 -1  0.962500 0.610000 0.067500 0.356667
0 -1  0.962500 0.196667 0.067500 0.326667
0 -1  0.865000 0.283333 0.082500 0.296667
0 -1  0.898125 0.197500 0.091250 0.325000
0 -1  0.701250 0.437500 0.090000 0.321667
0 -1  0.503125 0.142500 0.073750 0.261667
0 -1  0.770625 0.474167 0.081250 0.291667
