0 2751 0.335833 0.544375 0.125000 0.251250
0 2752 0.659167 0.426250 0.125000 0.252500
0 -1  0.135833 0.131250 0.105000 0.212500
0 -1  0.098333 0.158750 0.086667 0.200000
0 -1  0.312500 0.128750 0.088333 0.177500
0 -1  0.385833 0.143125 0.068333 0.176250
0 -1  0.883333 0.273750 0.090000 0.180000
0 -1  0.840833 0.301875 0.061667 0.126250
0 -1  0.876667 0.468750 0.110000 0.222500
0 -1  0.542500 0.420625 0.121667 0.243750
0 -1  0.304167 0.324375 0.105000 0.211250
0 -1  0.418333 0.446875 0.096667 0.221250
0 -1  0.116667 0.373750 0.106667 0.215000
0 -1  0.069167 0.416250 0.125000 0.250000
0 -1  0.140833 0.671875 0.128333 0.256250
0 -1  0.334167 0.879375 0.118333 0.236250
0 -1  0.460000 0.856250 0.130000 0.265000
