0 2749 0.309375 0.561667 0.076250 0.270000
0 2750 0.223750 0.585833 0.087500 0.311667
0 -1  0.166250 0.834167 0.075000 0.298333
0 -1  0.471250 0.673333 0.090000 0.320000
0 -1  0.733750 0.754167 0.092500 0.328333
0 -1  0.850625 0.622500 0.078750 0.285000
0 -1  0.849375 0.534167 0.076250 0.271667
0 -1  0.696875 0.641667 0.071250 0.256667
0 -1  0.211875 0.692500 0.076250 0.271667
0 -1  0.156250 0.770000 0.070000 0.300000
0 -1  0.381875 0.432500 0.063750 0.228333
0 -1  0.616250 0.375833 0.065000 0.231667
0 -1  0.863125 0.275833 0.071250 0.255000
0 -1  0.900000 0.237500 0.062500 0.225000
0 -1  0.632500 0.332500 0.062500 0.221667
0 -1  0.485625 0.635833 0.086250 0.308333
0 -1  0.025625 0.138333 0.038750 0.140000
0 -1  0.078750 0.086667 0.047500 0.170000
0 -1  0.534375 0.150833 0.068750 0.245000
0 -1  0.595000 0.114167 0.062500 0.225000
