0 2761 0.526250 0.412500 0.072500 0.258333
0 2762 0.152500 0.419167 0.075000 0.268333
0 -1  0.165625 0.333333 0.073750 0.263333
0 -1  0.192500 0.758333 0.090000 0.320000
0 -1  0.256875 0.723333 0.088750 0.316667
0 -1  0.390625 0.710833 0.088750 0.315000
0 -1  0.475000 0.677500 0.085000 0.301667
0 -1  0.055625 0.291667 0.073750 0.260000
0 -1  0.235000 0.180833 0.077500 0.255000
0 -1  0.892500 0.340833 0.077500 0.278333
0 -1  0.958750 0.345000 0.077500 0.290000
0 -1  0.963750 0.658333 0.067500 0.280000
