0 2768 0.368125 0.532500 0.088750 0.315000
0 2769 0.439375 0.596667 0.051250 0.183333
0 2770 0.595000 0.475833 0.087500 0.315000
0 2771 0.790625 0.801667 0.093750 0.336667
0 2832 0.878125 0.420833 0.086250 0.308333
0 -1  0.063125 0.807500 0.091250 0.325000
0 -1  0.021875 0.690833 0.041250 0.248333
0 -1  0.033750 0.376667 0.065000 0.316667
0 -1  0.591250 0.705833 0.095000 0.341667
0 -1  0.802500 0.506667 0.077500 0.316667
0 -1  0.961250 0.495000 0.070000 0.310000
0 -1  0.925625 0.363333 0.066250 0.306667
0 -1  0.702500 0.407500 0.095000 0.338333
0 -1  0.629375 0.427500 0.053750 0.221667
0 -1  0.658750 0.341667 0.077500 0.306667
0 -1  0.726250 0.289167 0.077500 0.291667
0 -1  0.589375 0.190833 0.068750 0.271667
0 -1  0.864375 0.327500 0.076250 0.311667
