0 2772 0.428750 0.530833 0.087500 0.315000
0 2773 0.556875 0.480000 0.078750 0.283333
0 2774 0.937500 0.398333 0.075000 0.266667
0 -1  0.350625 0.733333 0.071250 0.253333
0 -1  0.818750 0.551667 0.075000 0.266667
0 -1  0.899375 0.282500 0.076250 0.275000
0 -1  0.861875 0.130000 0.061250 0.220000
0 -1  0.768750 0.159167 0.067500 0.241667
0 -1  0.635625 0.174167 0.068750 0.248333
0 -1  0.538125 0.331667 0.061250 0.256667
0 -1  0.495000 0.285000 0.070000 0.250000
0 -1  0.242500 0.853333 0.075000 0.270000
0 -1  0.098125 0.854167 0.076250 0.275000
0 -1  0.221250 0.407500 0.075000 0.268333
0 -1  0.302500 0.260833 0.060000 0.251667
0 -1  0.253125 0.322500 0.063750 0.248333
0 -1  0.181250 0.306667 0.070000 0.250000
0 -1  0.101250 0.285000 0.067500 0.253333
0 -1  0.121875 0.481667 0.073750 0.280000
0 -1  0.086250 0.527500 0.067500 0.265000
0 -1  0.088750 0.727500 0.070000 0.261667
