0 2777 0.781875 0.669167 0.106250 0.378333
0 2778 0.487500 0.585833 0.107500 0.385000
0 2779 0.633750 0.568333 0.100000 0.356667
0 -1  0.571250 0.586667 0.082500 0.293333
0 -1  0.413125 0.586667 0.076250 0.273333
0 -1  0.163750 0.652500 0.100000 0.355000
0 -1  0.040000 0.732500 0.077500 0.365000
0 -1  0.636250 0.813333 0.092500 0.330000
0 -1  0.723125 0.839167 0.086250 0.308333
0 -1  0.946875 0.626667 0.098750 0.373333
0 -1  0.901250 0.342500 0.085000 0.301667
0 -1  0.952500 0.269167 0.087500 0.331667
0 -1  0.171875 0.103333 0.063750 0.203333
