0 2780 0.338750 0.648333 0.077500 0.276667
0 2781 0.381250 0.565833 0.072500 0.258333
0 -1  0.722500 0.700833 0.090000 0.321667
0 -1  0.967500 0.659167 0.062500 0.348333
0 -1  0.766250 0.275000 0.075000 0.266667
0 -1  0.813125 0.200000 0.073750 0.263333
0 -1  0.473125 0.116667 0.061250 0.230000
0 -1  0.166875 0.509167 0.081250 0.291667
0 -1  0.331250 0.375000 0.075000 0.270000
0 -1  0.175625 0.375833 0.078750 0.295000
0 -1  0.183750 0.278333 0.075000 0.290000
0 -1  0.151875 0.243333 0.061250 0.236667
