0 2778 0.553750 0.477500 0.082500 0.295000
0 2779 0.806875 0.605833 0.086250 0.308333
0 2780 0.378125 0.646667 0.076250 0.273333
0 2781 0.503125 0.605833 0.086250 0.308333
0 -1  0.566875 0.475000 0.053750 0.193333
0 -1  0.119375 0.381667 0.081250 0.290000
0 -1  0.912500 0.401667 0.067500 0.243333
0 -1  0.869375 0.332500 0.078750 0.281667
0 -1  0.750000 0.266667 0.072500 0.260000
0 -1  0.693125 0.239167 0.073750 0.285000
0 -1  0.652500 0.155000 0.077500 0.276667
0 -1  0.617500 0.134167 0.060000 0.235000
0 -1  0.828750 0.127500 0.065000 0.251667
