0 -1  0.383750 0.649167 0.105000 0.375000
0 -1  0.541250 0.830833 0.090000 0.321667
0 -1  0.566250 0.866667 0.077500 0.256667
0 -1  0.809375 0.713333 0.103750 0.370000
0 -1  0.576250 0.490000 0.090000 0.353333
0 -1  0.435000 0.461667 0.090000 0.323333
0 -1  0.510625 0.334167 0.081250 0.291667
0 -1  0.663750 0.420000 0.077500 0.343333
0 -1  0.693125 0.160833 0.083750 0.318333
0 -1  0.728125 0.148333 0.066250 0.293333
0 -1  0.778750 0.129167 0.057500 0.255000
0 -1  0.884375 0.148333 0.071250 0.290000
