0 2790 0.410000 0.453333 0.115000 0.410000
0 2791 0.553750 0.435833 0.107500 0.381667
0 -1  0.102500 0.459167 0.105000 0.395000
0 -1  0.068125 0.327500 0.103750 0.368333
0 -1  0.268750 0.404167 0.047500 0.208333
0 -1  0.308750 0.403333 0.060000 0.250000
0 -1  0.351875 0.343333 0.088750 0.346667
0 -1  0.412500 0.105833 0.057500 0.208333
0 -1  0.538750 0.254167 0.090000 0.321667
0 -1  0.666250 0.510000 0.075000 0.323333
0 -1  0.678750 0.769167 0.117500 0.431667
0 -1  0.828750 0.594167 0.117500 0.465000
0 -1  0.953125 0.626667 0.086250 0.436667
0 -1  0.645625 0.467500 0.093750 0.358333
