0 2782 0.379375 0.640833 0.113750 0.405000
0 2783 0.472500 0.470000 0.100000 0.356667
0 2836 0.533750 0.265833 0.092500 0.328333
0 -1  0.595625 0.270833 0.093750 0.335000
0 -1  0.181250 0.844167 0.082500 0.295000
0 -1  0.034375 0.556667 0.066250 0.336667
0 -1  0.154375 0.189167 0.058750 0.288333
0 -1  0.119375 0.174167 0.066250 0.298333
0 -1  0.028125 0.164167 0.053750 0.275000
0 -1  0.327500 0.200000 0.077500 0.280000
0 -1  0.424375 0.110833 0.061250 0.218333
0 -1  0.679375 0.383333 0.078750 0.316667
0 -1  0.908750 0.447500 0.080000 0.318333
0 -1  0.946875 0.662500 0.098750 0.378333
0 -1  0.713125 0.296667 0.078750 0.310000
0 -1  0.773750 0.245000 0.075000 0.323333
0 -1  0.800000 0.137500 0.072500 0.258333
0 -1  0.958750 0.538333 0.075000 0.353333
