0 2787 0.424375 0.381667 0.086250 0.310000
0 2788 0.280000 0.266667 0.087500 0.313333
0 2789 0.868125 0.234167 0.081250 0.288333
0 2839 0.401250 0.315000 0.085000 0.306667
0 -1  0.693125 0.390833 0.088750 0.318333
0 -1  0.729375 0.449167 0.086250 0.308333
0 -1  0.256875 0.779167 0.108750 0.415000
0 -1  0.269375 0.692500 0.098750 0.401667
0 -1  0.228125 0.617500 0.098750 0.391667
0 -1  0.046875 0.423333 0.091250 0.346667
0 -1  0.116875 0.395000 0.088750 0.316667
0 -1  0.095000 0.225000 0.082500 0.270000
0 -1  0.429375 0.258333 0.086250 0.310000
0 -1  0.941875 0.110833 0.061250 0.218333
