0 2782 0.514375 0.776667 0.111250 0.396667
0 2783 0.685625 0.730833 0.113750 0.405000
0 2836 0.838750 0.353333 0.097500 0.346667
0 2837 0.278125 0.323333 0.093750 0.333333
0 2838 0.313750 0.286667 0.087500 0.313333
0 -1  0.963750 0.350000 0.067500 0.346667
0 -1  0.050625 0.669167 0.096250 0.368333
0 -1  0.251875 0.780833 0.106250 0.345000
0 -1  0.797500 0.800833 0.102500 0.378333
0 -1  0.901875 0.796667 0.106250 0.386667
0 -1  0.723125 0.153333 0.088750 0.300000
0 -1  0.440625 0.254167 0.076250 0.311667
0 -1  0.170000 0.233333 0.092500 0.356667
0 -1  0.102500 0.130833 0.072500 0.258333
0 -1  0.339375 0.142500 0.078750 0.281667
