0 2840 0.369167 0.271250 0.101667 0.205000
0 -1  0.373333 0.511250 0.150000 0.302500
0 -1  0.100000 0.551875 0.160000 0.321250
0 -1  0.209167 0.460625 0.111667 0.301250
0 -1  0.352500 0.449375 0.138333 0.293750
0 -1  0.345000 0.430625 0.126667 0.296250
0 -1  0.514167 0.432500 0.145000 0.290000
0 -1  0.553333 0.522500 0.153333 0.307500
0 -1  0.638333 0.468750 0.136667 0.282500
0 -1  0.808333 0.442500 0.123333 0.247500
0 -1  0.841667 0.458750 0.133333 0.267500
0 -1  0.923333 0.577500 0.136667 0.285000
0 -1  0.947500 0.517500 0.095000 0.290000
0 -1  0.806667 0.271875 0.110000 0.221250
0 -1  0.758333 0.317500 0.060000 0.122500
0 -1  0.809167 0.230625 0.098333 0.213750
0 -1  0.665833 0.226250 0.095000 0.190000
0 -1  0.663333 0.191875 0.103333 0.178750
0 -1  0.610000 0.129375 0.093333 0.188750
0 -1  0.789167 0.138125 0.091667 0.173750
0 -1  0.931667 0.134375 0.083333 0.168750
0 -1  0.727500 0.063750 0.061667 0.122500
0 -1  0.172500 0.141875 0.095000 0.191250
0 -1  0.274167 0.101875 0.095000 0.191250
0 -1  0.337500 0.076875 0.055000 0.151250
0 -1  0.239167 0.081250 0.075000 0.160000
0 -1  0.311667 0.073125 0.040000 0.143750
