0 2801 0.210000 0.345625 0.120000 0.241250
0 -1  0.270000 0.841250 0.180000 0.315000
0 -1  0.146667 0.820000 0.146667 0.355000
0 -1  0.637500 0.791875 0.201667 0.403750
0 -1  0.902500 0.736875 0.178333 0.383750
0 -1  0.208333 0.630000 0.156667 0.312500
0 -1  0.364167 0.502500 0.161667 0.307500
0 -1  0.505833 0.442500 0.155000 0.297500
0 -1  0.700833 0.375000 0.115000 0.242500
0 -1  0.124167 0.405625 0.135000 0.273750
0 -1  0.956667 0.620625 0.080000 0.383750
0 -1  0.832500 0.305625 0.105000 0.226250
0 -1  0.888333 0.323125 0.090000 0.208750
0 -1  0.964167 0.332500 0.061667 0.227500
0 -1  0.691667 0.283125 0.103333 0.208750
0 -1  0.071667 0.252500 0.110000 0.237500
0 -1  0.233333 0.253125 0.103333 0.216250
0 -1  0.248333 0.206875 0.100000 0.223750
0 -1  0.165833 0.211250 0.095000 0.212500
0 -1  0.257500 0.156875 0.098333 0.201250
0 -1  0.048333 0.122500 0.093333 0.212500
0 -1  0.420000 0.143125 0.086667 0.213750
0 -1  0.475833 0.131875 0.078333 0.193750
0 -1  0.561667 0.143750 0.070000 0.185000
0 -1  0.627500 0.200625 0.095000 0.193750
0 -1  0.782500 0.200625 0.095000 0.198750
0 -1  0.875000 0.126875 0.080000 0.186250
0 -1  0.841667 0.082500 0.063333 0.152500
0 -1  0.787500 0.080625 0.065000 0.156250
0 -1  0.670833 0.137500 0.081667 0.187500
0 -1  0.595833 0.109375 0.085000 0.193750
0 -1  0.708333 0.090625 0.086667 0.176250
0 -1  0.650833 0.089375 0.071667 0.171250
0 -1  0.975833 0.070625 0.038333 0.138750
