0 2792 0.312500 0.420000 0.102500 0.366667
0 2793 0.386250 0.427500 0.100000 0.355000
0 2794 0.435000 0.400833 0.105000 0.375000
0 2795 0.944375 0.335833 0.093750 0.335000
0 2796 0.753750 0.171667 0.087500 0.313333
0 2797 0.526250 0.520833 0.107500 0.381667
0 -1  0.529375 0.801667 0.106250 0.376667
0 -1  0.291250 0.748333 0.110000 0.430000
0 -1  0.152500 0.779167 0.115000 0.418333
0 -1  0.203125 0.705833 0.093750 0.405000
0 -1  0.154375 0.584167 0.093750 0.365000
0 -1  0.116250 0.561667 0.082500 0.383333
0 -1  0.685000 0.525833 0.102500 0.365000
0 -1  0.828125 0.525833 0.091250 0.351667
0 -1  0.941875 0.517500 0.106250 0.378333
0 -1  0.713125 0.449167 0.083750 0.381667
0 -1  0.076875 0.278333 0.066250 0.313333
0 -1  0.163750 0.234167 0.092500 0.345000
0 -1  0.039375 0.155000 0.071250 0.276667
0 -1  0.095000 0.188333 0.067500 0.303333
0 -1  0.125625 0.187500 0.051250 0.265000
0 -1  0.112500 0.121667 0.052500 0.240000
0 -1  0.240625 0.180833 0.071250 0.295000
0 -1  0.298125 0.159167 0.066250 0.288333
0 -1  0.376250 0.225833 0.062500 0.261667
0 -1  0.422500 0.226667 0.057500 0.253333
0 -1  0.501875 0.363333 0.086250 0.346667
0 -1  0.551250 0.303333 0.065000 0.340000
0 -1  0.649375 0.348333 0.083750 0.316667
0 -1  0.725625 0.306667 0.078750 0.296667
0 -1  0.643125 0.283333 0.086250 0.343333
0 -1  0.670000 0.208333 0.085000 0.333333
0 -1  0.577500 0.100833 0.067500 0.198333
0 -1  0.646875 0.093333 0.063750 0.183333
0 -1  0.492500 0.097500 0.052500 0.188333
0 -1  0.408125 0.126667 0.061250 0.250000
0 -1  0.353125 0.129167 0.063750 0.255000
