0 2801 0.888333 0.402500 0.123333 0.247500
0 -1  0.628333 0.840000 0.153333 0.307500
0 -1  0.145833 0.835000 0.158333 0.317500
0 -1  0.515833 0.673125 0.151667 0.306250
0 -1  0.046667 0.731875 0.090000 0.333750
0 -1  0.370000 0.474375 0.143333 0.306250
0 -1  0.075000 0.474375 0.126667 0.268750
0 -1  0.068333 0.343125 0.103333 0.208750
0 -1  0.688333 0.458750 0.103333 0.237500
0 -1  0.599167 0.435000 0.115000 0.275000
0 -1  0.765833 0.303125 0.125000 0.251250
0 -1  0.650833 0.361875 0.128333 0.266250
0 -1  0.673333 0.276875 0.103333 0.206250
0 -1  0.856667 0.338125 0.110000 0.221250
0 -1  0.927500 0.306250 0.108333 0.217500
0 -1  0.860000 0.260625 0.100000 0.201250
0 -1  0.940000 0.265625 0.106667 0.231250
0 -1  0.947500 0.217500 0.078333 0.217500
0 -1  0.389167 0.333750 0.115000 0.245000
0 -1  0.245000 0.315000 0.103333 0.245000
0 -1  0.157500 0.294375 0.098333 0.221250
0 -1  0.059167 0.218125 0.095000 0.196250
0 -1  0.491667 0.275625 0.090000 0.218750
0 -1  0.450833 0.258125 0.095000 0.211250
0 -1  0.164167 0.236250 0.101667 0.205000
0 -1  0.196667 0.200625 0.110000 0.221250
0 -1  0.470833 0.131875 0.085000 0.191250
