0 2792 0.147500 0.417500 0.107500 0.385000
0 2793 0.230000 0.416667 0.097500 0.350000
0 2794 0.340000 0.410833 0.107500 0.385000
0 2795 0.748125 0.422500 0.098750 0.351667
0 2796 0.629375 0.186667 0.083750 0.300000
0 2797 0.551875 0.683333 0.121250 0.433333
0 -1  0.435625 0.467500 0.098750 0.375000
0 -1  0.564375 0.416667 0.088750 0.333333
0 -1  0.941250 0.597500 0.097500 0.398333
0 -1  0.864375 0.465000 0.086250 0.363333
0 -1  0.952500 0.500000 0.090000 0.366667
0 -1  0.923750 0.430000 0.087500 0.396667
0 -1  0.850000 0.320833 0.085000 0.358333
0 -1  0.970000 0.418333 0.052500 0.370000
0 -1  0.628125 0.345833 0.093750 0.335000
0 -1  0.650625 0.312500 0.096250 0.385000
0 -1  0.430000 0.280000 0.085000 0.330000
0 -1  0.454375 0.267500 0.053750 0.291667
0 -1  0.499375 0.202500 0.056250 0.291667
0 -1  0.565625 0.153333 0.066250 0.290000
0 -1  0.265625 0.246667 0.063750 0.340000
0 -1  0.300625 0.250833 0.048750 0.271667
0 -1  0.361250 0.218333 0.060000 0.293333
0 -1  0.166875 0.215833 0.078750 0.281667
0 -1  0.173125 0.156667 0.066250 0.273333
0 -1  0.466875 0.140000 0.068750 0.263333
0 -1  0.120000 0.104167 0.057500 0.205000
0 -1  0.065625 0.109167 0.066250 0.215000
0 -1  0.031875 0.414167 0.061250 0.395000
