0 2798 0.162500 0.401250 0.151667 0.305000
0 2799 0.065833 0.406875 0.128333 0.258750
0 -1  0.462500 0.858125 0.168333 0.276250
0 -1  0.490833 0.694375 0.145000 0.323750
0 -1  0.606667 0.700625 0.160000 0.333750
0 -1  0.854167 0.763125 0.165000 0.331250
0 -1  0.900833 0.699375 0.105000 0.303750
0 -1  0.758333 0.571875 0.166667 0.338750
0 -1  0.903333 0.564375 0.156667 0.313750
0 -1  0.543333 0.506250 0.126667 0.292500
0 -1  0.514167 0.388750 0.128333 0.272500
0 -1  0.775000 0.313750 0.130000 0.262500
0 -1  0.873333 0.200000 0.093333 0.187500
0 -1  0.866667 0.176875 0.086667 0.176250
0 -1  0.042500 0.185625 0.065000 0.143750
0 -1  0.136667 0.258125 0.093333 0.213750
0 -1  0.050833 0.113125 0.081667 0.198750
0 -1  0.194167 0.091250 0.088333 0.177500
0 -1  0.138333 0.081250 0.080000 0.160000
0 -1  0.390000 0.073750 0.070000 0.142500
0 -1  0.526667 0.082500 0.080000 0.160000
0 -1  0.673333 0.076875 0.070000 0.148750
0 -1  0.819167 0.073125 0.071667 0.138750
