0 2804 0.391250 0.401667 0.125000 0.443333
0 2805 0.615625 0.214167 0.081250 0.291667
0 2806 0.115000 0.476667 0.120000 0.426667
0 -1  0.462500 0.221667 0.112500 0.403333
0 -1  0.243125 0.724167 0.123750 0.435000
0 -1  0.046875 0.683333 0.088750 0.493333
0 -1  0.544375 0.688333 0.108750 0.463333
0 -1  0.907500 0.801667 0.117500 0.373333
0 -1  0.353125 0.780000 0.118750 0.416667
0 -1  0.804375 0.662500 0.123750 0.438333
0 -1  0.933125 0.644167 0.123750 0.441667
0 -1  0.751250 0.131667 0.062500 0.223333
0 -1  0.683125 0.130833 0.078750 0.258333
