0 2804 0.504375 0.505833 0.148750 0.531667
0 2805 0.585625 0.450833 0.101250 0.361667
0 2806 0.264375 0.441667 0.133750 0.476667
0 -1  0.498750 0.364167 0.110000 0.395000
0 -1  0.150000 0.200000 0.132500 0.396667
0 -1  0.835625 0.615833 0.141250 0.505000
0 -1  0.673125 0.610000 0.116250 0.416667
0 -1  0.420625 0.623333 0.126250 0.450000
0 -1  0.341875 0.646667 0.146250 0.520000
0 -1  0.189375 0.795000 0.143750 0.400000
0 -1  0.075000 0.700000 0.140000 0.436667
0 -1  0.230625 0.622500 0.136250 0.485000
0 -1  0.275625 0.395000 0.121250 0.480000
0 -1  0.500625 0.458333 0.098750 0.263333
0 -1  0.147500 0.513333 0.127500 0.426667
