0 2802 0.436875 0.632500 0.058750 0.211667
0 2803 0.509375 0.721667 0.073750 0.263333
0 -1  0.687500 0.643333 0.087500 0.246667
0 -1  0.698125 0.429167 0.101250 0.301667
0 -1  0.370000 0.915000 0.087500 0.163333
0 -1  0.158125 0.574167 0.078750 0.281667
0 -1  0.278125 0.435833 0.103750 0.251667
0 -1  0.775000 0.132500 0.072500 0.251667
0 -1  0.296250 0.299167 0.077500 0.255000
0 -1  0.210000 0.412500 0.080000 0.241667
0 -1  0.214375 0.263333 0.098750 0.223333
0 -1  0.195000 0.150833 0.092500 0.248333
0 -1  0.295000 0.155833 0.075000 0.248333
0 -1  0.323750 0.272500 0.047500 0.171667
