0 2813 0.343125 0.431667 0.078750 0.283333
0 2814 0.310625 0.333333 0.078750 0.280000
0 -1  0.353750 0.839167 0.085000 0.301667
0 -1  0.285000 0.114167 0.062500 0.225000
0 -1  0.257500 0.101667 0.040000 0.200000
0 -1  0.051250 0.586667 0.035000 0.110000
0 -1  0.482500 0.278333 0.030000 0.120000
0 -1  0.518750 0.280000 0.022500 0.106667
0 -1  0.556250 0.273333 0.030000 0.106667
0 -1  0.470625 0.285833 0.023750 0.108333
0 -1  0.441250 0.279167 0.027500 0.115000
0 -1  0.805625 0.290833 0.038750 0.141667
0 -1  0.835625 0.285833 0.038750 0.138333
0 -1  0.959375 0.290833 0.036250 0.158333
0 -1  0.978125 0.280000 0.028750 0.130000
0 -1  0.770000 0.270833 0.025000 0.095000
0 -1  0.790000 0.254167 0.022500 0.081667
0 -1  0.933125 0.627500 0.033750 0.128333
0 -1  0.965000 0.634167 0.040000 0.145000
0 -1  0.985000 0.627500 0.025000 0.128333
