0 2835 0.543125 0.369167 0.096250 0.345000
0 -1  0.653125 0.605833 0.096250 0.345000
0 -1  0.739375 0.600833 0.053750 0.191667
0 -1  0.723750 0.493333 0.082500 0.296667
0 -1  0.597500 0.477500 0.080000 0.331667
0 -1  0.555625 0.530833 0.053750 0.195000
0 -1  0.315625 0.371667 0.083750 0.310000
0 -1  0.152500 0.295833 0.082500 0.295000
0 -1  0.072500 0.264167 0.085000 0.301667
0 -1  0.158125 0.123333 0.073750 0.243333
0 -1  0.318750 0.106667 0.065000 0.210000
0 -1  0.558125 0.140000 0.076250 0.273333
0 -1  0.784375 0.139167 0.078750 0.275000
