0 2869 0.677500 0.418333 0.020000 0.073333
0 -1  0.636250 0.417500 0.022500 0.081667
0 -1  0.598750 0.485000 0.077500 0.276667
0 -1  0.510000 0.490833 0.077500 0.278333
0 -1  0.451875 0.476667 0.063750 0.230000
0 -1  0.205000 0.395000 0.012500 0.046667
0 -1  0.248125 0.400833 0.008750 0.035000
0 -1  0.184375 0.393333 0.011250 0.043333
0 -1  0.150000 0.395833 0.012500 0.048333
0 -1  0.161250 0.399167 0.012500 0.048333
0 -1  0.333750 0.405833 0.015000 0.055000
0 -1  0.137500 0.399167 0.012500 0.048333
0 -1  0.723750 0.400833 0.012500 0.045000
