0 188 0.610833 0.469375 0.218333 0.448750
0 -1  0.885000 0.521875 0.220000 0.441250
0 -1  0.721667 0.366875 0.043333 0.098750
0 -1  0.787500 0.396250 0.118333 0.267500
0 -1  0.469167 0.337500 0.028333 0.062500
0 -1  0.386667 0.347500 0.036667 0.087500
0 -1  0.360833 0.353125 0.045000 0.113750
0 -1  0.272500 0.343750 0.028333 0.085000
0 -1  0.225833 0.335000 0.041667 0.100000
0 -1  0.200000 0.330625 0.033333 0.063750
0 -1  0.048333 0.348125 0.070000 0.166250
0 -1  0.101667 0.449375 0.200000 0.346250
