0 2870 0.561875 0.430833 0.073750 0.265000
0 2871 0.283125 0.493333 0.133750 0.476667
0 -1  0.111875 0.336667 0.016250 0.060000
0 -1  0.096250 0.338333 0.015000 0.056667
0 -1  0.082500 0.333333 0.017500 0.063333
0 -1  0.046250 0.338333 0.017500 0.063333
0 -1  0.476250 0.330000 0.012500 0.046667
0 -1  0.483125 0.328333 0.011250 0.043333
0 -1  0.487500 0.325833 0.010000 0.038333
0 -1  0.682500 0.328333 0.012500 0.046667
0 -1  0.805000 0.325833 0.012500 0.045000
0 -1  0.020000 0.336667 0.017500 0.063333
