0 2870 0.319375 0.555833 0.248750 0.885000
0 2871 0.631875 0.298333 0.128750 0.460000
0 -1  0.888125 0.144167 0.018750 0.068333
0 -1  0.674375 0.164167 0.021250 0.078333
0 -1  0.583125 0.183333 0.026250 0.096667
0 -1  0.560000 0.184167 0.027500 0.098333
0 -1  0.544375 0.196667 0.018750 0.066667
0 -1  0.523750 0.205000 0.025000 0.090000
0 -1  0.506250 0.204167 0.025000 0.088333
0 -1  0.480000 0.209167 0.022500 0.081667
0 -1  0.456875 0.209167 0.021250 0.075000
0 -1  0.135000 0.234167 0.020000 0.071667
