0 2926 0.931875 0.431667 0.063750 0.230000
0 3629 0.405625 0.442500 0.053750 0.191667
0 3630 0.368750 0.432500 0.055000 0.198333
0 -1  0.531875 0.413333 0.036250 0.130000
0 -1  0.465625 0.402500 0.028750 0.101667
0 -1  0.575625 0.416667 0.026250 0.096667
0 -1  0.555625 0.435833 0.021250 0.078333
0 -1  0.600000 0.404167 0.020000 0.071667
0 -1  0.643125 0.410833 0.031250 0.111667
0 -1  0.663750 0.395000 0.020000 0.073333
0 -1  0.686875 0.383333 0.011250 0.040000
0 -1  0.675625 0.388333 0.011250 0.043333
0 -1  0.753125 0.391667 0.018750 0.066667
0 -1  0.795000 0.389167 0.012500 0.048333
0 -1  0.725625 0.386667 0.011250 0.040000
0 -1  0.707500 0.387500 0.010000 0.038333
0 -1  0.703125 0.385833 0.008750 0.031667
0 -1  0.173750 0.420000 0.027500 0.100000
0 -1  0.488750 0.400000 0.015000 0.053333
0 -1  0.501250 0.399167 0.015000 0.055000
