0 2921 0.282500 0.356667 0.080000 0.286667
0 2922 0.396875 0.343333 0.091250 0.326667
0 -1  0.135625 0.274167 0.051250 0.185000
0 -1  0.185625 0.278333 0.046250 0.166667
0 -1  0.223750 0.276667 0.042500 0.153333
0 -1  0.246250 0.253333 0.017500 0.063333
0 -1  0.159375 0.255000 0.016250 0.060000
0 -1  0.345625 0.261667 0.016250 0.060000
0 -1  0.337500 0.267500 0.015000 0.055000
0 -1  0.461250 0.303333 0.037500 0.136667
0 -1  0.755625 0.524167 0.206250 0.735000
0 -1  0.844375 0.275000 0.021250 0.076667
0 -1  0.865625 0.277500 0.021250 0.078333
0 -1  0.901250 0.286667 0.027500 0.100000
0 -1  0.973750 0.286667 0.032500 0.116667
