0 2935 0.205625 0.542500 0.051250 0.181667
0 2936 0.763750 0.555000 0.070000 0.250000
0 2937 0.562500 0.545000 0.057500 0.206667
0 2938 0.534375 0.581667 0.041250 0.150000
0 2939 0.465625 0.550000 0.061250 0.220000
0 2940 0.418750 0.566667 0.055000 0.200000
0 -1  0.969375 0.538333 0.058750 0.210000
0 -1  0.916875 0.540000 0.056250 0.203333
0 -1  0.731875 0.529167 0.053750 0.191667
0 -1  0.678125 0.528333 0.048750 0.173333
0 -1  0.296875 0.510000 0.023750 0.086667
0 -1  0.255000 0.505000 0.032500 0.120000
0 -1  0.138750 0.505000 0.035000 0.126667
0 -1  0.110625 0.509167 0.031250 0.111667
0 -1  0.075000 0.500000 0.032500 0.116667
0 -1  0.036875 0.488333 0.018750 0.070000
0 -1  0.049375 0.519167 0.021250 0.078333
0 -1  0.225000 0.505833 0.027500 0.098333
