0 2930 0.610625 0.494167 0.051250 0.185000
0 2931 0.838125 0.479167 0.058750 0.211667
0 2932 0.935000 0.484167 0.057500 0.205000
0 -1  0.565625 0.468333 0.033750 0.123333
0 -1  0.549375 0.481667 0.046250 0.163333
0 -1  0.771875 0.445833 0.028750 0.105000
0 -1  0.753125 0.451667 0.026250 0.093333
0 -1  0.972500 0.440833 0.022500 0.081667
0 -1  0.730625 0.445833 0.018750 0.068333
0 -1  0.719375 0.442500 0.018750 0.068333
0 -1  0.711875 0.447500 0.016250 0.061667
0 -1  0.646875 0.448333 0.021250 0.076667
0 -1  0.629375 0.457500 0.023750 0.085000
0 -1  0.440000 0.461667 0.017500 0.063333
0 -1  0.409375 0.460833 0.023750 0.085000
0 -1  0.345625 0.466667 0.018750 0.066667
0 -1  0.349375 0.439167 0.016250 0.061667
0 -1  0.320000 0.440833 0.012500 0.045000
0 -1  0.309375 0.440000 0.013750 0.050000
0 -1  0.230000 0.473333 0.025000 0.090000
0 -1  0.197500 0.454167 0.015000 0.058333
0 -1  0.883750 0.438333 0.025000 0.090000
0 -1  0.902500 0.438333 0.025000 0.090000
