0 2927 0.334375 0.373333 0.058750 0.210000
0 2928 0.271875 0.376667 0.053750 0.193333
0 2929 0.651250 0.417500 0.092500 0.328333
0 -1  0.018125 0.334167 0.033750 0.121667
0 -1  0.026250 0.307500 0.025000 0.091667
0 -1  0.118750 0.302500 0.017500 0.065000
0 -1  0.446250 0.347500 0.032500 0.118333
0 -1  0.429375 0.340000 0.033750 0.123333
0 -1  0.468750 0.335000 0.025000 0.090000
0 -1  0.506875 0.334167 0.021250 0.078333
0 -1  0.765625 0.334167 0.021250 0.078333
0 -1  0.826250 0.327500 0.022500 0.081667
0 -1  0.957500 0.328333 0.020000 0.073333
0 -1  0.985625 0.339167 0.028750 0.131667
0 -1  0.203125 0.419167 0.093750 0.335000
