0 2992 0.470000 0.516667 0.075000 0.266667
0 2995 0.670000 0.518333 0.105000 0.373333
0 2996 0.586250 0.515833 0.095000 0.341667
0 -1  0.888750 0.498333 0.075000 0.266667
0 -1  0.948750 0.526667 0.042500 0.153333
0 -1  0.520000 0.478333 0.055000 0.196667
0 -1  0.427500 0.561667 0.057500 0.206667
0 -1  0.374375 0.485833 0.051250 0.185000
0 -1  0.270625 0.457500 0.033750 0.121667
0 -1  0.255000 0.243333 0.022500 0.083333
0 -1  0.188750 0.290000 0.025000 0.090000
0 -1  0.211250 0.426667 0.030000 0.110000
0 -1  0.179375 0.419167 0.028750 0.105000
0 -1  0.195000 0.225833 0.017500 0.065000
