0 3018 0.462500 0.815833 0.050000 0.178333
0 3019 0.509375 0.809167 0.051250 0.181667
0 3020 0.586250 0.613333 0.052500 0.190000
0 3021 0.645000 0.555833 0.042500 0.151667
0 -1  0.556875 0.615833 0.051250 0.185000
0 -1  0.784375 0.171667 0.023750 0.086667
0 -1  0.767500 0.173333 0.022500 0.080000
0 -1  0.674375 0.322500 0.031250 0.111667
0 -1  0.661875 0.366667 0.033750 0.123333
0 -1  0.692500 0.405000 0.040000 0.143333
0 -1  0.720000 0.382500 0.032500 0.118333
0 -1  0.748750 0.365000 0.035000 0.126667
0 -1  0.726250 0.445833 0.040000 0.145000
