0 3031 0.165000 0.435000 0.160000 0.570000
0 3032 0.411250 0.444167 0.125000 0.445000
0 3033 0.565625 0.507500 0.086250 0.308333
0 -1  0.556875 0.418333 0.101250 0.360000
0 -1  0.580000 0.375833 0.092500 0.328333
0 -1  0.640625 0.317500 0.021250 0.075000
0 -1  0.670625 0.320000 0.031250 0.113333
0 -1  0.688750 0.325833 0.030000 0.108333
0 -1  0.749375 0.320000 0.028750 0.103333
0 -1  0.778750 0.326667 0.030000 0.106667
0 -1  0.959375 0.542500 0.016250 0.061667
0 -1  0.940000 0.535833 0.017500 0.061667
0 -1  0.909375 0.538333 0.018750 0.066667
0 -1  0.895625 0.599167 0.023750 0.085000
0 -1  0.934375 0.608333 0.016250 0.060000
