0 3034 0.258750 0.411667 0.170000 0.606667
0 3035 0.406875 0.410833 0.111250 0.395000
0 -1  0.105000 0.327500 0.055000 0.198333
0 -1  0.168750 0.375000 0.100000 0.356667
0 -1  0.326875 0.314167 0.043750 0.158333
0 -1  0.538125 0.293333 0.036250 0.130000
0 -1  0.567500 0.307500 0.035000 0.128333
0 -1  0.616875 0.320833 0.046250 0.165000
0 -1  0.838125 0.312500 0.063750 0.228333
0 -1  0.873750 0.319167 0.060000 0.211667
0 -1  0.916875 0.343333 0.073750 0.263333
0 -1  0.955625 0.345833 0.081250 0.291667
