0 3031 0.266875 0.385000 0.158750 0.566667
0 3032 0.612500 0.408333 0.137500 0.490000
0 3033 0.568750 0.510833 0.102500 0.365000
0 -1  0.091875 0.290833 0.066250 0.238333
0 -1  0.373125 0.372500 0.128750 0.458333
0 -1  0.737500 0.316667 0.042500 0.153333
0 -1  0.784375 0.374167 0.098750 0.351667
0 -1  0.816250 0.365833 0.107500 0.381667
0 -1  0.846250 0.425000 0.125000 0.446667
0 -1  0.905625 0.424167 0.121250 0.435000
0 -1  0.931875 0.380000 0.126250 0.486667
0 -1  0.705000 0.300000 0.045000 0.160000
