0 3027 0.467500 0.375833 0.067500 0.241667
0 3028 0.598125 0.605833 0.083750 0.298333
0 3029 0.776250 0.719167 0.077500 0.278333
0 3030 0.268125 0.332500 0.046250 0.168333
0 -1  0.210625 0.309167 0.028750 0.105000
0 -1  0.398750 0.285000 0.022500 0.083333
0 -1  0.589375 0.283333 0.026250 0.096667
0 -1  0.688750 0.286667 0.030000 0.110000
0 -1  0.707500 0.275000 0.035000 0.126667
0 -1  0.773125 0.285833 0.036250 0.131667
0 -1  0.811875 0.286667 0.038750 0.140000
0 -1  0.851875 0.279167 0.038750 0.138333
0 -1  0.876875 0.277500 0.038750 0.138333
0 -1  0.912500 0.251667 0.025000 0.090000
0 -1  0.928125 0.249167 0.023750 0.085000
0 -1  0.639375 0.445000 0.061250 0.220000
0 -1  0.879375 0.725000 0.076250 0.273333
0 -1  0.962500 0.815000 0.067500 0.280000
0 -1  0.402500 0.740000 0.017500 0.063333
0 -1  0.320625 0.697500 0.016250 0.061667
0 -1  0.303125 0.708333 0.016250 0.060000
0 -1  0.318750 0.747500 0.017500 0.061667
0 -1  0.135000 0.738333 0.035000 0.126667
0 -1  0.126250 0.764167 0.035000 0.125000
0 -1  0.193125 0.808333 0.036250 0.130000
0 -1  0.201250 0.825000 0.042500 0.150000
0 -1  0.227500 0.865833 0.030000 0.108333
0 -1  0.688125 0.715833 0.088750 0.318333
0 -1  0.548125 0.536667 0.071250 0.253333
0 -1  0.443750 0.422500 0.040000 0.145000
