0 3029 0.385000 0.527500 0.080000 0.285000
0 -1  0.956250 0.622500 0.087500 0.418333
0 -1  0.931875 0.680833 0.081250 0.291667
0 -1  0.846875 0.444167 0.028750 0.105000
0 -1  0.818750 0.452500 0.017500 0.065000
0 -1  0.744375 0.470000 0.038750 0.140000
0 -1  0.716875 0.472500 0.053750 0.191667
0 -1  0.655625 0.480000 0.061250 0.216667
0 -1  0.673750 0.440833 0.025000 0.088333
0 -1  0.632500 0.443333 0.030000 0.110000
0 -1  0.570625 0.494167 0.063750 0.228333
0 -1  0.565000 0.495833 0.057500 0.205000
0 -1  0.521875 0.500000 0.056250 0.200000
0 -1  0.060625 0.606667 0.118750 0.463333
