0 3027 0.328125 0.495833 0.093750 0.315000
0 3028 0.590625 0.736667 0.076250 0.270000
0 3029 0.741250 0.790000 0.067500 0.243333
0 -1  0.706875 0.792500 0.068750 0.248333
0 -1  0.486875 0.665833 0.066250 0.238333
0 -1  0.551250 0.637500 0.067500 0.241667
0 -1  0.314375 0.577500 0.048750 0.175000
0 -1  0.468750 0.472500 0.072500 0.261667
0 -1  0.541875 0.560000 0.061250 0.220000
0 -1  0.208750 0.252500 0.075000 0.268333
0 -1  0.184375 0.277500 0.078750 0.285000
0 -1  0.119375 0.183333 0.071250 0.253333
0 -1  0.085000 0.205000 0.077500 0.280000
