0 3060 0.540625 0.406667 0.066250 0.240000
0 3061 0.583750 0.400000 0.075000 0.266667
0 -1  0.473750 0.379167 0.060000 0.211667
0 -1  0.515625 0.380833 0.058750 0.208333
0 -1  0.940625 0.348333 0.031250 0.113333
0 -1  0.888125 0.362500 0.023750 0.085000
0 -1  0.853125 0.344167 0.026250 0.095000
0 -1  0.813125 0.350833 0.023750 0.085000
0 -1  0.780000 0.343333 0.022500 0.083333
0 -1  0.587500 0.225833 0.020000 0.071667
0 -1  0.602500 0.247500 0.017500 0.065000
0 -1  0.623750 0.219167 0.015000 0.055000
0 -1  0.646250 0.239167 0.015000 0.055000
0 -1  0.642500 0.269167 0.015000 0.058333
0 -1  0.656250 0.285000 0.015000 0.053333
0 -1  0.666875 0.288333 0.013750 0.050000
0 -1  0.673125 0.310000 0.011250 0.043333
0 -1  0.701250 0.332500 0.017500 0.065000
