0 3060 0.480000 0.485000 0.097500 0.350000
0 3061 0.411875 0.475833 0.106250 0.378333
0 -1  0.114375 0.082500 0.021250 0.075000
0 -1  0.196875 0.101667 0.018750 0.066667
0 -1  0.206875 0.105833 0.016250 0.061667
0 -1  0.305625 0.126667 0.016250 0.060000
0 -1  0.320000 0.130000 0.015000 0.053333
0 -1  0.236250 0.374167 0.025000 0.088333
0 -1  0.440000 0.164167 0.010000 0.038333
0 -1  0.445625 0.166667 0.008750 0.033333
0 -1  0.491875 0.180000 0.008750 0.033333
0 -1  0.580625 0.177500 0.011250 0.041667
0 -1  0.571250 0.181667 0.010000 0.036667
0 -1  0.615000 0.204167 0.012500 0.048333
0 -1  0.624375 0.200000 0.011250 0.043333
0 -1  0.907500 0.394167 0.037500 0.135000
0 -1  0.673125 0.366667 0.018750 0.066667
0 -1  0.663750 0.360833 0.017500 0.061667
0 -1  0.655625 0.360000 0.013750 0.050000
0 -1  0.643125 0.363333 0.011250 0.043333
0 -1  0.593750 0.376667 0.020000 0.073333
