0 3051 0.580000 0.404167 0.162500 0.578333
0 3052 0.693750 0.479167 0.107500 0.385000
0 3053 0.366875 0.298333 0.076250 0.270000
0 3054 0.438750 0.300833 0.067500 0.241667
0 -1  0.877500 0.251667 0.017500 0.063333
0 -1  0.856875 0.246667 0.018750 0.066667
0 -1  0.833125 0.253333 0.016250 0.060000
0 -1  0.813750 0.248333 0.017500 0.063333
0 -1  0.797500 0.245000 0.015000 0.053333
0 -1  0.650000 0.234167 0.015000 0.058333
0 -1  0.680625 0.240833 0.013750 0.051667
0 -1  0.696875 0.233333 0.011250 0.040000
