0 3064 0.278125 0.540833 0.253750 0.905000
0 3065 0.419375 0.555833 0.246250 0.878333
0 -1  0.573750 0.303333 0.027500 0.100000
0 -1  0.592500 0.303333 0.027500 0.100000
0 -1  0.675625 0.133333 0.021250 0.076667
0 -1  0.664375 0.126667 0.016250 0.060000
0 -1  0.656875 0.148333 0.018750 0.070000
0 -1  0.696875 0.201667 0.021250 0.076667
0 -1  0.714375 0.299167 0.028750 0.105000
0 -1  0.728750 0.305833 0.030000 0.108333
0 -1  0.791875 0.295833 0.028750 0.105000
0 -1  0.809375 0.308333 0.031250 0.113333
0 -1  0.985000 0.314167 0.030000 0.148333
0 -1  0.897500 0.293333 0.025000 0.090000
0 -1  0.897500 0.032500 0.015000 0.058333
0 -1  0.885000 0.040000 0.015000 0.056667
0 -1  0.866250 0.054167 0.012500 0.048333
0 -1  0.843125 0.053333 0.013750 0.050000
0 -1  0.821875 0.061667 0.011250 0.043333
