0 3070 0.573125 0.367500 0.133750 0.478333
0 -1  0.390625 0.084167 0.036250 0.131667
0 -1  0.366250 0.090833 0.035000 0.125000
0 -1  0.414375 0.169167 0.041250 0.148333
0 -1  0.381250 0.167500 0.042500 0.151667
0 -1  0.191250 0.285833 0.055000 0.198333
0 -1  0.148125 0.265000 0.036250 0.130000
0 -1  0.106250 0.264167 0.035000 0.125000
0 -1  0.900625 0.333333 0.046250 0.166667
0 -1  0.873125 0.308333 0.028750 0.103333
0 -1  0.813750 0.325833 0.050000 0.181667
0 -1  0.840625 0.347500 0.051250 0.185000
0 -1  0.976875 0.326667 0.036250 0.130000
