0 3071 0.316250 0.429167 0.182500 0.651667
0 3072 0.610625 0.395000 0.098750 0.353333
0 -1  0.438125 0.423333 0.038750 0.140000
0 -1  0.491250 0.380833 0.067500 0.241667
0 -1  0.569375 0.420000 0.048750 0.176667
0 -1  0.716250 0.331667 0.020000 0.073333
0 -1  0.806875 0.370000 0.071250 0.253333
0 -1  0.981875 0.328333 0.016250 0.060000
0 -1  0.967500 0.329167 0.015000 0.055000
0 -1  0.695000 0.320000 0.015000 0.053333
0 -1  0.683125 0.320000 0.013750 0.050000
0 -1  0.670000 0.310833 0.007500 0.028333
0 -1  0.906875 0.231667 0.018750 0.070000
0 -1  0.886875 0.248333 0.018750 0.066667
0 -1  0.729375 0.188333 0.008750 0.033333
