0 3079 0.251875 0.442500 0.163750 0.585000
0 3080 0.586250 0.505833 0.142500 0.508333
0 3642 0.465625 0.401667 0.093750 0.333333
0 -1  0.395000 0.362500 0.057500 0.208333
0 -1  0.901875 0.426667 0.043750 0.156667
0 -1  0.851250 0.392500 0.055000 0.198333
0 -1  0.941250 0.361667 0.025000 0.090000
0 -1  0.964375 0.355000 0.018750 0.066667
0 -1  0.805000 0.350000 0.025000 0.090000
0 -1  0.786250 0.345833 0.025000 0.088333
0 -1  0.754375 0.371667 0.051250 0.183333
0 -1  0.684375 0.358333 0.046250 0.166667
0 -1  0.665000 0.355833 0.047500 0.171667
0 -1  0.624375 0.360833 0.048750 0.175000
0 -1  0.518750 0.349167 0.040000 0.145000
0 -1  0.028125 0.381667 0.053750 0.193333
0 -1  0.121250 0.347500 0.032500 0.118333
