0 3089 0.658750 0.441667 0.122500 0.436667
0 3089 0.658750 0.441667 0.122500 0.436667
0 3090 0.542500 0.400833 0.105000 0.375000
0 3090 0.542500 0.400833 0.105000 0.375000
0 3091 0.456250 0.419167 0.107500 0.385000
0 3091 0.456250 0.419167 0.107500 0.385000
0 -1  0.413750 0.315000 0.032500 0.116667
0 -1  0.611875 0.360000 0.071250 0.253333
0 -1  0.389375 0.335000 0.013750 0.050000
0 -1  0.389375 0.303333 0.011250 0.043333
0 -1  0.339375 0.317500 0.028750 0.101667
0 -1  0.355625 0.297500 0.018750 0.068333
