0 3132 0.765000 0.472500 0.117500 0.315000
0 3133 0.509375 0.573125 0.163750 0.436250
0 -1  0.893750 0.473750 0.067500 0.180000
0 -1  0.914375 0.458125 0.071250 0.191250
0 -1  0.182500 0.430000 0.030000 0.080000
0 -1  0.133125 0.443750 0.038750 0.105000
0 -1  0.079375 0.442500 0.038750 0.105000
0 -1  0.089375 0.433125 0.031250 0.086250
0 -1  0.036250 0.430625 0.027500 0.076250
0 -1  0.013750 0.436875 0.025000 0.068750
0 -1  0.323750 0.390000 0.025000 0.067500
0 -1  0.342500 0.390000 0.030000 0.080000
0 -1  0.382500 0.391875 0.027500 0.073750
