0 3142 0.653750 0.558750 0.092500 0.247500
0 3143 0.725000 0.551875 0.110000 0.293750
0 3144 0.239375 0.578750 0.166250 0.445000
0 -1  0.034375 0.445625 0.066250 0.178750
0 -1  0.175625 0.498750 0.081250 0.217500
0 -1  0.371250 0.467500 0.030000 0.080000
0 -1  0.313750 0.459375 0.042500 0.113750
0 -1  0.453125 0.441250 0.048750 0.130000
0 -1  0.598125 0.438125 0.041250 0.111250
0 -1  0.840625 0.461875 0.048750 0.131250
0 -1  0.813750 0.466250 0.042500 0.115000
0 -1  0.900625 0.466875 0.046250 0.123750
0 -1  0.919375 0.455625 0.053750 0.146250
