0 3135 0.199375 0.525000 0.118750 0.317500
0 3136 0.333750 0.503125 0.097500 0.261250
0 3137 0.650625 0.558125 0.166250 0.443750
0 -1  0.947500 0.500625 0.065000 0.176250
0 -1  0.880000 0.483750 0.037500 0.100000
0 -1  0.902500 0.471250 0.030000 0.080000
0 -1  0.838750 0.473750 0.030000 0.082500
0 -1  0.739375 0.483125 0.036250 0.098750
0 -1  0.121250 0.455625 0.050000 0.136250
0 -1  0.062500 0.467500 0.055000 0.147500
0 -1  0.018125 0.428125 0.033750 0.091250
0 -1  0.093125 0.463125 0.053750 0.143750
0 -1  0.559375 0.445625 0.023750 0.063750
