0 3135 0.393125 0.547500 0.176250 0.472500
0 3136 0.147500 0.510000 0.130000 0.350000
0 3137 0.818125 0.505625 0.136250 0.363750
0 -1  0.045000 0.437500 0.030000 0.080000
0 -1  0.183750 0.473125 0.072500 0.193750
0 -1  0.258750 0.450625 0.040000 0.106250
0 -1  0.566250 0.468125 0.072500 0.193750
0 -1  0.705000 0.456250 0.035000 0.095000
0 -1  0.662500 0.448750 0.035000 0.095000
0 -1  0.619375 0.455000 0.033750 0.090000
0 -1  0.506875 0.451875 0.036250 0.098750
0 -1  0.544375 0.444375 0.031250 0.086250
