0 3156 0.274375 0.613125 0.101250 0.271250
0 -1  0.407500 0.548125 0.062500 0.168750
0 -1  0.378125 0.490000 0.023750 0.065000
0 -1  0.336875 0.491875 0.023750 0.063750
0 -1  0.544375 0.451250 0.013750 0.037500
0 -1  0.558750 0.451875 0.012500 0.033750
0 -1  0.633125 0.447500 0.011250 0.032500
0 -1  0.647500 0.450625 0.010000 0.028750
0 -1  0.661875 0.446250 0.011250 0.032500
0 -1  0.569375 0.513125 0.036250 0.098750
0 -1  0.545625 0.536875 0.021250 0.058750
0 -1  0.646250 0.496250 0.027500 0.075000
0 -1  0.487500 0.536250 0.042500 0.115000
0 -1  0.788750 0.510625 0.037500 0.101250
0 -1  0.760000 0.505625 0.015000 0.041250
