0 3168 0.455625 0.639167 0.116250 0.415000
0 -1  0.054375 0.490833 0.033750 0.121667
0 -1  0.105625 0.470000 0.036250 0.133333
0 -1  0.236875 0.488333 0.023750 0.086667
0 -1  0.200625 0.485833 0.023750 0.085000
0 -1  0.269375 0.491667 0.018750 0.070000
0 -1  0.338750 0.488333 0.025000 0.090000
0 -1  0.530000 0.521667 0.037500 0.136667
0 -1  0.626875 0.511667 0.028750 0.103333
0 -1  0.983750 0.524167 0.015000 0.055000
0 -1  0.877500 0.527500 0.025000 0.088333
0 -1  0.870625 0.515000 0.018750 0.070000
0 -1  0.410000 0.511667 0.052500 0.186667
