0 209 0.344167 0.260625 0.198333 0.398750
0 -1  0.193333 0.252500 0.150000 0.317500
0 -1  0.442500 0.132500 0.021667 0.062500
0 -1  0.428333 0.128750 0.023333 0.067500
0 -1  0.568333 0.126875 0.020000 0.056250
0 -1  0.547500 0.125625 0.021667 0.056250
0 -1  0.523333 0.125625 0.020000 0.051250
0 -1  0.507500 0.128125 0.018333 0.048750
0 -1  0.491667 0.123125 0.020000 0.053750
0 -1  0.480833 0.123750 0.018333 0.050000
0 -1  0.453333 0.126250 0.020000 0.050000
0 -1  0.745833 0.238125 0.018333 0.041250
0 -1  0.711667 0.238750 0.020000 0.040000
0 -1  0.718333 0.277500 0.020000 0.050000
