0 3321 0.540625 0.398333 0.081250 0.290000
0 3322 0.446250 0.404167 0.082500 0.295000
0 -1  0.390000 0.345000 0.035000 0.126667
0 -1  0.147500 0.329167 0.020000 0.071667
0 -1  0.953125 0.328333 0.021250 0.076667
0 -1  0.921875 0.324167 0.016250 0.061667
0 -1  0.655625 0.320833 0.016250 0.058333
0 -1  0.645000 0.322500 0.010000 0.038333
0 -1  0.628125 0.317500 0.013750 0.051667
0 -1  0.615625 0.310000 0.013750 0.050000
0 -1  0.608125 0.314167 0.013750 0.048333
0 -1  0.529375 0.301667 0.008750 0.033333
