0 3327 0.070625 0.483333 0.063750 0.230000
0 3328 0.146875 0.475833 0.068750 0.245000
0 3329 0.775000 0.634167 0.170000 0.618333
0 3330 0.918750 0.670000 0.147500 0.636667
0 -1  0.628125 0.523333 0.093750 0.336667
0 -1  0.586250 0.497500 0.050000 0.181667
0 -1  0.527500 0.541667 0.095000 0.340000
0 -1  0.461250 0.482500 0.057500 0.208333
0 -1  0.429375 0.511667 0.033750 0.123333
0 -1  0.246250 0.463333 0.050000 0.180000
0 -1  0.016250 0.408333 0.030000 0.110000
0 -1  0.033750 0.402500 0.020000 0.075000
0 -1  0.177500 0.427500 0.027500 0.101667
