0 3376 0.361875 0.562500 0.071250 0.255000
0 3377 0.563750 0.547500 0.055000 0.195000
0 3378 0.672500 0.558333 0.065000 0.233333
0 -1  0.610625 0.508333 0.021250 0.076667
0 -1  0.718125 0.507500 0.026250 0.095000
0 -1  0.929375 0.527500 0.043750 0.158333
0 -1  0.832500 0.532500 0.040000 0.145000
0 -1  0.337500 0.595000 0.047500 0.170000
0 -1  0.024375 0.495000 0.016250 0.060000
0 -1  0.009375 0.490833 0.016250 0.061667
0 -1  0.900000 0.490833 0.020000 0.071667
0 -1  0.861250 0.495833 0.017500 0.065000
0 -1  0.743125 0.485833 0.008750 0.035000
0 -1  0.751875 0.485833 0.008750 0.035000
0 -1  0.236875 0.487500 0.011250 0.041667
