0 3382 0.310625 0.407500 0.083750 0.301667
0 3383 0.451250 0.455000 0.097500 0.350000
0 3384 0.356250 0.466667 0.065000 0.233333
0 -1  0.451875 0.451667 0.098750 0.353333
0 -1  0.606250 0.415000 0.057500 0.206667
0 -1  0.650625 0.435000 0.056250 0.203333
0 -1  0.726875 0.421667 0.063750 0.226667
0 -1  0.761250 0.411667 0.037500 0.136667
0 -1  0.651875 0.404167 0.051250 0.185000
0 -1  0.797500 0.390000 0.020000 0.073333
0 -1  0.441875 0.447500 0.081250 0.291667
0 -1  0.398125 0.509167 0.053750 0.191667
0 -1  0.911875 0.401667 0.018750 0.070000
0 -1  0.847500 0.392500 0.012500 0.048333
0 -1  0.880000 0.389167 0.010000 0.038333
0 -1  0.833750 0.390000 0.012500 0.046667
