0 3442 0.586250 0.383333 0.097500 0.350000
0 3443 0.656250 0.395833 0.092500 0.331667
0 3444 0.396250 0.415833 0.135000 0.481667
0 -1  0.736875 0.299167 0.021250 0.075000
0 -1  0.775625 0.295833 0.013750 0.051667
0 -1  0.686250 0.286667 0.010000 0.036667
0 -1  0.837500 0.287500 0.015000 0.055000
0 -1  0.866250 0.288333 0.017500 0.063333
0 -1  0.891250 0.288333 0.022500 0.083333
0 -1  0.908750 0.302500 0.027500 0.098333
0 -1  0.941250 0.300000 0.032500 0.116667
0 -1  0.971875 0.295833 0.048750 0.175000
0 -1  0.337500 0.268333 0.082500 0.296667
