0 237 0.412500 0.322500 0.245000 0.490000
0 -1  0.840833 0.170625 0.055000 0.158750
0 -1  0.780833 0.166250 0.055000 0.150000
0 -1  0.730833 0.177500 0.068333 0.180000
0 -1  0.677500 0.165625 0.061667 0.161250
0 -1  0.899167 0.162500 0.055000 0.142500
0 -1  0.945000 0.195625 0.103333 0.246250
0 -1  0.149167 0.123750 0.035000 0.052500
0 -1  0.108333 0.116875 0.040000 0.061250
0 -1  0.160000 0.301875 0.033333 0.066250
0 -1  0.099167 0.296250 0.031667 0.060000
0 -1  0.061667 0.297500 0.036667 0.070000
0 -1  0.150000 0.378125 0.040000 0.081250
0 -1  0.519167 0.120625 0.031667 0.066250
