0 3603 0.589375 0.538333 0.066250 0.246667
0 3604 0.930625 0.547500 0.046250 0.165000
0 3605 0.773125 0.529167 0.046250 0.175000
0 3606 0.840625 0.541667 0.048750 0.173333
0 -1  0.290625 0.419167 0.028750 0.101667
0 -1  0.344375 0.465000 0.026250 0.096667
0 -1  0.519375 0.525833 0.053750 0.195000
0 -1  0.548750 0.509167 0.055000 0.198333
0 -1  0.671875 0.527500 0.051250 0.185000
0 -1  0.975625 0.540833 0.038750 0.141667
0 -1  0.886250 0.535833 0.042500 0.151667
0 -1  0.896250 0.540833 0.040000 0.145000
