0 3614 0.451250 0.545000 0.060000 0.213333
0 3615 0.518125 0.507500 0.048750 0.175000
0 3616 0.645000 0.527500 0.040000 0.145000
0 -1  0.275000 0.465833 0.040000 0.145000
0 -1  0.344375 0.409167 0.028750 0.101667
0 -1  0.863750 0.341667 0.015000 0.053333
0 -1  0.838125 0.358333 0.016250 0.060000
0 -1  0.746250 0.349167 0.015000 0.058333
0 -1  0.731250 0.340833 0.015000 0.058333
0 -1  0.686250 0.340833 0.010000 0.038333
0 -1  0.566250 0.330833 0.010000 0.038333
0 -1  0.591250 0.330833 0.012500 0.045000
0 -1  0.596875 0.334167 0.008750 0.035000
