0 3650 0.349375 0.625000 0.098750 0.353333
0 3651 0.311875 0.480000 0.138750 0.493333
0 -1  0.081250 0.278333 0.015000 0.056667
0 -1  0.066875 0.315000 0.026250 0.093333
0 -1  0.491250 0.341667 0.015000 0.056667
0 -1  0.388750 0.324167 0.015000 0.058333
0 -1  0.503125 0.329167 0.011250 0.041667
0 -1  0.533125 0.335000 0.008750 0.033333
0 -1  0.252500 0.302500 0.015000 0.058333
0 -1  0.011875 0.240000 0.011250 0.040000
0 -1  0.409375 0.315000 0.011250 0.040000
0 -1  0.357500 0.316667 0.012500 0.046667
0 -1  0.470625 0.319167 0.011250 0.041667
