0 3645 0.700000 0.673750 0.212500 0.567500
0 -1  0.069375 0.579375 0.136250 0.366250
0 -1  0.220625 0.696250 0.216250 0.577500
0 -1  0.308750 0.521875 0.057500 0.156250
0 -1  0.139375 0.469375 0.033750 0.091250
0 -1  0.600000 0.463750 0.032500 0.087500
0 -1  0.680000 0.474375 0.062500 0.168750
0 -1  0.780625 0.479375 0.053750 0.143750
0 -1  0.983750 0.506250 0.032500 0.097500
0 -1  0.905625 0.657500 0.176250 0.472500
0 -1  0.545000 0.700000 0.217500 0.580000
0 -1  0.453125 0.605625 0.136250 0.363750
