0 248 0.488333 0.354375 0.176667 0.416250
0 249 0.325000 0.340625 0.160000 0.378750
0 -1  0.655833 0.175625 0.038333 0.091250
0 -1  0.764167 0.183750 0.045000 0.105000
0 -1  0.795833 0.196875 0.055000 0.146250
0 -1  0.835833 0.193125 0.058333 0.153750
0 -1  0.857500 0.212500 0.071667 0.180000
0 -1  0.972500 0.219375 0.051667 0.203750
0 -1  0.836667 0.365000 0.090000 0.162500
0 -1  0.914167 0.285000 0.145000 0.290000
0 -1  0.040000 0.224375 0.076667 0.196250
0 -1  0.163333 0.230625 0.093333 0.206250
