0 3820 0.162500 0.274167 0.095000 0.338333
0 3821 0.501250 0.494167 0.262500 0.935000
0 -1  0.743125 0.348333 0.083750 0.376667
0 -1  0.678125 0.420833 0.056250 0.218333
0 -1  0.618125 0.398333 0.048750 0.233333
0 -1  0.403125 0.324167 0.071250 0.311667
0 -1  0.837500 0.272500 0.032500 0.145000
0 -1  0.810000 0.259167 0.027500 0.128333
0 -1  0.676875 0.258333 0.028750 0.123333
0 -1  0.471250 0.322500 0.072500 0.338333
0 -1  0.950625 0.265000 0.033750 0.110000
0 -1  0.866875 0.315833 0.026250 0.095000
