0 3822 0.416875 0.486667 0.116250 0.450000
0 3825 0.198125 0.405000 0.088750 0.316667
0 -1  0.449375 0.557500 0.061250 0.218333
0 -1  0.471875 0.450833 0.101250 0.361667
0 -1  0.736875 0.521667 0.043750 0.203333
0 -1  0.843125 0.440833 0.031250 0.125000
0 -1  0.892500 0.455833 0.030000 0.135000
0 -1  0.923125 0.475833 0.036250 0.165000
0 -1  0.966875 0.425833 0.063750 0.295000
0 -1  0.341250 0.480833 0.047500 0.215000
0 -1  0.806250 0.311667 0.025000 0.113333
0 -1  0.899375 0.400000 0.046250 0.183333
