0 3821 0.761250 0.547500 0.152500 0.541667
0 -1  0.158125 0.460833 0.106250 0.378333
0 -1  0.069375 0.444167 0.058750 0.255000
0 -1  0.217500 0.463333 0.065000 0.286667
0 -1  0.308125 0.498333 0.091250 0.483333
0 -1  0.369375 0.475833 0.068750 0.348333
0 -1  0.425625 0.522500 0.111250 0.508333
0 -1  0.651250 0.507500 0.087500 0.465000
0 -1  0.919375 0.599167 0.156250 0.631667
0 -1  0.020625 0.430833 0.038750 0.271667
0 -1  0.111250 0.351667 0.022500 0.126667
0 -1  0.277500 0.396667 0.045000 0.246667
