0 3813 0.639375 0.357500 0.078750 0.285000
0 3819 0.703125 0.456667 0.068750 0.246667
0 3820 0.544375 0.383333 0.113750 0.406667
0 -1  0.353750 0.517500 0.200000 0.715000
0 -1  0.115000 0.393333 0.102500 0.436667
0 -1  0.309375 0.399167 0.131250 0.501667
0 -1  0.611250 0.330000 0.052500 0.230000
0 -1  0.857500 0.309167 0.042500 0.158333
0 -1  0.427500 0.376667 0.085000 0.336667
0 -1  0.903750 0.302500 0.032500 0.148333
0 -1  0.975000 0.303333 0.030000 0.130000
0 -1  0.814375 0.294167 0.026250 0.111667
