0 3822 0.102500 0.461667 0.112500 0.403333
0 3823 0.312500 0.519167 0.180000 0.641667
0 3824 0.644375 0.493333 0.106250 0.380000
0 -1  0.137500 0.534167 0.055000 0.198333
0 -1  0.419375 0.500833 0.038750 0.178333
0 -1  0.550000 0.451667 0.030000 0.106667
0 -1  0.590625 0.510000 0.046250 0.186667
0 -1  0.038750 0.476667 0.042500 0.196667
0 -1  0.540000 0.395000 0.032500 0.143333
0 -1  0.811250 0.380833 0.025000 0.105000
0 -1  0.845625 0.393333 0.023750 0.113333
0 -1  0.873125 0.380000 0.021250 0.106667
0 -1  0.866250 0.409167 0.015000 0.071667
