0 3828 0.652500 0.439167 0.077500 0.295000
0 -1  0.197500 0.370833 0.050000 0.188333
0 -1  0.243750 0.374167 0.035000 0.178333
0 -1  0.106875 0.362500 0.041250 0.218333
0 -1  0.150000 0.404167 0.032500 0.131667
0 -1  0.155625 0.355000 0.031250 0.203333
0 -1  0.940000 0.376667 0.037500 0.143333
0 -1  0.973125 0.381667 0.031250 0.136667
0 -1  0.309375 0.359167 0.046250 0.155000
0 -1  0.437500 0.326667 0.037500 0.180000
0 -1  0.532500 0.312500 0.015000 0.061667
0 -1  0.549375 0.315000 0.018750 0.070000
0 -1  0.720625 0.335000 0.026250 0.100000
0 -1  0.748750 0.339167 0.022500 0.095000
0 -1  0.798125 0.341667 0.018750 0.080000
