0 3826 0.657500 0.421667 0.122500 0.436667
0 -1  0.386250 0.500000 0.252500 0.996667
0 -1  0.603750 0.365833 0.110000 0.391667
0 -1  0.027500 0.275000 0.047500 0.216667
0 -1  0.072500 0.313333 0.027500 0.120000
0 -1  0.148750 0.291667 0.022500 0.106667
0 -1  0.187500 0.260833 0.027500 0.105000
0 -1  0.234375 0.253333 0.016250 0.076667
0 -1  0.275000 0.269167 0.027500 0.131667
0 -1  0.245000 0.244167 0.015000 0.078333
0 -1  0.116250 0.240833 0.020000 0.081667
0 -1  0.796250 0.301667 0.052500 0.206667
