0 3869 0.264375 0.551667 0.048750 0.173333
0 3870 0.304375 0.532500 0.046250 0.165000
0 -1  0.715000 0.522500 0.032500 0.165000
0 -1  0.680625 0.526667 0.031250 0.163333
0 -1  0.668125 0.520833 0.023750 0.161667
0 -1  0.651875 0.517500 0.026250 0.145000
0 -1  0.608125 0.560000 0.048750 0.160000
0 -1  0.561250 0.526667 0.030000 0.153333
0 -1  0.509375 0.511667 0.031250 0.136667
0 -1  0.483750 0.592500 0.045000 0.225000
0 -1  0.450625 0.513333 0.023750 0.140000
0 -1  0.408750 0.512500 0.030000 0.138333
0 -1  0.382500 0.529167 0.025000 0.145000
0 -1  0.355625 0.535000 0.023750 0.136667
0 -1  0.186875 0.508333 0.023750 0.103333
0 -1  0.215000 0.504167 0.022500 0.095000
0 -1  0.239375 0.498333 0.021250 0.093333
0 -1  0.154375 0.520000 0.031250 0.090000
0 -1  0.144375 0.483333 0.018750 0.076667
0 -1  0.051875 0.513333 0.023750 0.100000
0 -1  0.033750 0.501667 0.015000 0.083333
0 -1  0.012500 0.515000 0.020000 0.083333
0 -1  0.924375 0.533333 0.041250 0.170000
