0 3869 0.146250 0.558333 0.095000 0.340000
0 3870 0.747500 0.446667 0.072500 0.260000
0 -1  0.300000 0.447500 0.052500 0.228333
0 -1  0.343125 0.443333 0.046250 0.206667
0 -1  0.498125 0.455000 0.036250 0.203333
0 -1  0.511875 0.448333 0.031250 0.200000
0 -1  0.562500 0.445000 0.042500 0.210000
0 -1  0.578750 0.436667 0.030000 0.176667
0 -1  0.605000 0.440000 0.032500 0.196667
0 -1  0.646875 0.428333 0.031250 0.190000
0 -1  0.668750 0.432500 0.035000 0.195000
0 -1  0.898125 0.420000 0.036250 0.190000
0 -1  0.133125 0.545833 0.058750 0.305000
