0 3894 0.418750 0.477500 0.082500 0.295000
0 3895 0.521875 0.462500 0.093750 0.335000
0 -1  0.850000 0.375000 0.017500 0.080000
0 -1  0.863750 0.372500 0.022500 0.078333
0 -1  0.781250 0.318333 0.015000 0.056667
0 -1  0.759375 0.369167 0.011250 0.068333
0 -1  0.097500 0.355000 0.015000 0.056667
0 -1  0.200625 0.355833 0.016250 0.058333
0 -1  0.482500 0.361667 0.017500 0.063333
0 -1  0.461875 0.336667 0.013750 0.050000
0 -1  0.450625 0.338333 0.013750 0.050000
0 -1  0.430000 0.340000 0.012500 0.043333
