0 3941 0.752500 0.560833 0.062500 0.225000
0 3942 0.126875 0.542500 0.043750 0.158333
0 -1  0.711250 0.532500 0.035000 0.158333
0 -1  0.089375 0.546667 0.046250 0.170000
0 -1  0.054375 0.515000 0.033750 0.120000
0 -1  0.224375 0.415833 0.013750 0.051667
0 -1  0.645625 0.423333 0.018750 0.070000
0 -1  0.224375 0.415833 0.013750 0.051667
0 -1  0.645625 0.423333 0.018750 0.070000
0 -1  0.224375 0.415833 0.013750 0.051667
0 -1  0.645625 0.423333 0.018750 0.070000
0 -1  0.224375 0.415833 0.013750 0.051667
0 -1  0.645625 0.423333 0.018750 0.070000
