0 3947 0.317500 0.581250 0.375000 0.835000
0 -1  0.075000 0.590000 0.146667 0.435000
0 -1  0.076667 0.468125 0.096667 0.348750
0 -1  0.144167 0.426250 0.098333 0.310000
0 -1  0.518333 0.347500 0.036667 0.097500
0 -1  0.534167 0.340625 0.041667 0.098750
0 -1  0.550833 0.334375 0.048333 0.106250
0 -1  0.619167 0.323125 0.031667 0.078750
0 -1  0.645833 0.336250 0.045000 0.110000
0 -1  0.837500 0.328125 0.058333 0.138750
0 -1  0.920000 0.316250 0.050000 0.107500
0 -1  0.979167 0.323125 0.035000 0.098750
0 -1  0.866667 0.308125 0.030000 0.073750
