0 3945 0.414167 0.427500 0.228333 0.487500
0 3946 0.620833 0.401250 0.171667 0.392500
0 -1  0.065000 0.290000 0.046667 0.142500
0 -1  0.082500 0.317500 0.061667 0.155000
0 -1  0.111667 0.288750 0.040000 0.120000
0 -1  0.154167 0.280625 0.028333 0.083750
0 -1  0.175000 0.288750 0.023333 0.060000
0 -1  0.185000 0.279375 0.026667 0.081250
0 -1  0.244167 0.281875 0.041667 0.101250
0 -1  0.263333 0.278125 0.030000 0.078750
0 -1  0.334167 0.296250 0.038333 0.102500
0 -1  0.315000 0.283125 0.030000 0.118750
0 -1  0.730833 0.310625 0.081667 0.198750
0 -1  0.790833 0.298750 0.038333 0.125000
0 -1  0.838333 0.282500 0.040000 0.107500
0 -1  0.875833 0.274375 0.031667 0.088750
0 -1  0.937500 0.283750 0.035000 0.110000
0 -1  0.970833 0.285625 0.048333 0.146250
