0 3954 0.450000 0.308750 0.076667 0.167500
0 -1  0.845000 0.574375 0.270000 0.838750
0 -1  0.718333 0.314375 0.076667 0.188750
0 -1  0.588333 0.277500 0.036667 0.077500
0 -1  0.474167 0.292500 0.041667 0.172500
0 -1  0.619167 0.284375 0.031667 0.063750
0 -1  0.460000 0.713750 0.170000 0.440000
0 -1  0.116667 0.307500 0.056667 0.155000
0 -1  0.075833 0.283125 0.038333 0.111250
0 -1  0.019167 0.279375 0.035000 0.116250
0 -1  0.224167 0.270625 0.031667 0.078750
0 -1  0.175833 0.273125 0.031667 0.076250
