0 3972 0.595833 0.385000 0.165000 0.330000
0 3973 0.209167 0.321250 0.091667 0.185000
0 3974 0.030833 0.305000 0.058333 0.137500
0 -1  0.840000 0.436875 0.213333 0.483750
0 -1  0.719167 0.296250 0.048333 0.122500
0 -1  0.640833 0.296250 0.041667 0.110000
0 -1  0.545833 0.293750 0.041667 0.105000
0 -1  0.504167 0.301250 0.038333 0.097500
0 -1  0.462500 0.321250 0.031667 0.060000
0 -1  0.465833 0.279375 0.028333 0.056250
0 -1  0.371667 0.292500 0.030000 0.082500
0 -1  0.310000 0.301250 0.043333 0.127500
0 -1  0.267500 0.288750 0.031667 0.100000
0 -1  0.141667 0.300625 0.046667 0.123750
0 -1  0.096667 0.289375 0.036667 0.083750
0 -1  0.398333 0.271250 0.016667 0.045000
0 -1  0.421667 0.271875 0.010000 0.036250
