0 3967 0.031667 0.376875 0.053333 0.108750
0 3968 0.237500 0.370625 0.058333 0.118750
0 -1  0.465000 0.401250 0.096667 0.247500
0 -1  0.405833 0.404375 0.061667 0.221250
0 -1  0.378333 0.370000 0.033333 0.135000
0 -1  0.107500 0.348750 0.028333 0.062500
0 -1  0.085000 0.346250 0.023333 0.062500
0 -1  0.211667 0.056250 0.023333 0.062500
0 -1  0.228333 0.056875 0.023333 0.063750
0 -1  0.395833 0.131250 0.028333 0.077500
0 -1  0.423333 0.146250 0.026667 0.072500
0 -1  0.580000 0.215625 0.033333 0.081250
0 -1  0.978333 0.341250 0.036667 0.077500
