0 4032 0.790833 0.288125 0.088333 0.176250
0 4033 0.709167 0.287500 0.065000 0.132500
0 -1  0.190000 0.555000 0.376667 0.790000
0 -1  0.132500 0.313750 0.071667 0.177500
0 -1  0.353333 0.290625 0.076667 0.218750
0 -1  0.423333 0.292500 0.100000 0.295000
0 -1  0.610833 0.288125 0.091667 0.256250
0 -1  0.539167 0.294375 0.038333 0.088750
0 -1  0.844167 0.285625 0.041667 0.108750
0 -1  0.898333 0.283750 0.040000 0.107500
0 -1  0.954167 0.274375 0.041667 0.113750
0 -1  0.982500 0.276250 0.028333 0.125000
