0 4033 0.716667 0.615625 0.226667 0.486250
0 4034 0.150000 0.369375 0.070000 0.141250
0 4035 0.619167 0.507500 0.148333 0.300000
0 -1  0.325833 0.444375 0.098333 0.258750
0 -1  0.563333 0.314375 0.046667 0.136250
0 -1  0.650833 0.340000 0.098333 0.142500
0 -1  0.191667 0.357500 0.043333 0.122500
0 -1  0.204167 0.325625 0.035000 0.091250
0 -1  0.235000 0.371250 0.046667 0.147500
0 -1  0.049167 0.303125 0.025000 0.051250
0 -1  0.094167 0.316875 0.038333 0.081250
0 -1  0.050833 0.372500 0.055000 0.160000
0 -1  0.435000 0.281250 0.020000 0.060000
0 -1  0.280833 0.315625 0.031667 0.068750
