0 4034 0.465000 0.640625 0.173333 0.403750
0 -1  0.292500 0.486250 0.075000 0.205000
0 -1  0.260833 0.440625 0.055000 0.158750
0 -1  0.221667 0.420625 0.046667 0.128750
0 -1  0.491667 0.356250 0.036667 0.095000
0 -1  0.585000 0.370625 0.050000 0.146250
0 -1  0.735833 0.376250 0.071667 0.177500
0 -1  0.928333 0.700000 0.130000 0.505000
0 -1  0.088333 0.371875 0.030000 0.073750
0 -1  0.067500 0.349375 0.021667 0.056250
0 -1  0.095833 0.354375 0.021667 0.061250
0 -1  0.120833 0.355625 0.021667 0.066250
0 -1  0.150000 0.358750 0.020000 0.062500
0 -1  0.178333 0.355000 0.026667 0.065000
0 -1  0.195833 0.351875 0.025000 0.063750
0 -1  0.226667 0.349375 0.020000 0.053750
0 -1  0.294167 0.366250 0.025000 0.057500
0 -1  0.306667 0.329375 0.016667 0.046250
0 -1  0.322500 0.330625 0.015000 0.038750
0 -1  0.345000 0.341250 0.013333 0.045000
0 -1  0.140000 0.371250 0.033333 0.080000
