0 4042 0.185000 0.446250 0.103333 0.207500
0 4044 0.071667 0.420625 0.090000 0.181250
0 4045 0.457500 0.573750 0.178333 0.357500
0 4046 0.335000 0.435625 0.096667 0.193750
0 -1  0.352500 0.316250 0.031667 0.090000
0 -1  0.424167 0.326875 0.038333 0.106250
0 -1  0.457500 0.339375 0.048333 0.126250
0 -1  0.511667 0.379375 0.063333 0.166250
0 -1  0.546667 0.356250 0.056667 0.170000
0 -1  0.865000 0.376875 0.066667 0.163750
0 -1  0.053333 0.385625 0.050000 0.123750
0 -1  0.094167 0.388750 0.048333 0.135000
0 -1  0.155833 0.405625 0.075000 0.188750
