0 4038 0.447500 0.271250 0.155000 0.342500
0 4039 0.559167 0.233125 0.078333 0.168750
0 -1  0.319167 0.235000 0.065000 0.127500
0 -1  0.629167 0.236875 0.061667 0.168750
0 -1  0.663333 0.223750 0.043333 0.112500
0 -1  0.720833 0.230000 0.045000 0.125000
0 -1  0.785833 0.235625 0.048333 0.121250
0 -1  0.835000 0.220625 0.043333 0.116250
0 -1  0.893333 0.226250 0.050000 0.110000
0 -1  0.946667 0.195000 0.020000 0.047500
0 -1  0.679167 0.207500 0.021667 0.077500
0 -1  0.790833 0.221250 0.041667 0.110000
