0 4062 0.229167 0.308750 0.075000 0.150000
0 4063 0.762500 0.280625 0.065000 0.131250
0 -1  0.354167 0.263750 0.018333 0.052500
0 -1  0.378333 0.260000 0.016667 0.042500
0 -1  0.310833 0.257500 0.015000 0.037500
0 -1  0.480000 0.278750 0.030000 0.085000
0 -1  0.493333 0.263125 0.016667 0.051250
0 -1  0.522500 0.271250 0.025000 0.082500
0 -1  0.586667 0.283750 0.046667 0.115000
0 -1  0.618333 0.263750 0.020000 0.062500
0 -1  0.655000 0.263750 0.020000 0.057500
0 -1  0.677500 0.265000 0.018333 0.065000
0 -1  0.813333 0.260625 0.023333 0.061250
0 -1  0.838333 0.250000 0.016667 0.050000
0 -1  0.290833 0.256875 0.018333 0.041250
0 -1  0.868333 0.280000 0.050000 0.102500
