0 4060 0.330833 0.484375 0.175000 0.318750
0 4061 0.938333 0.348125 0.123333 0.241250
0 -1  0.021667 0.323750 0.036667 0.090000
0 -1  0.062500 0.336250 0.038333 0.107500
0 -1  0.085000 0.435000 0.096667 0.235000
0 -1  0.150000 0.341250 0.056667 0.122500
0 -1  0.251667 0.384375 0.070000 0.166250
0 -1  0.396667 0.352500 0.053333 0.145000
0 -1  0.405833 0.308750 0.051667 0.125000
0 -1  0.476667 0.301875 0.036667 0.093750
0 -1  0.540833 0.315625 0.058333 0.143750
0 -1  0.598333 0.321250 0.056667 0.165000
