0 4063 0.144167 0.461875 0.151667 0.296250
0 4065 0.574167 0.593125 0.208333 0.416250
0 -1  0.225833 0.403750 0.078333 0.212500
0 -1  0.022500 0.325000 0.041667 0.102500
0 -1  0.084167 0.316250 0.031667 0.077500
0 -1  0.105000 0.281875 0.023333 0.061250
0 -1  0.131667 0.276250 0.020000 0.045000
0 -1  0.274167 0.306875 0.035000 0.093750
0 -1  0.336667 0.313125 0.040000 0.101250
0 -1  0.399167 0.316875 0.038333 0.106250
0 -1  0.399167 0.301250 0.045000 0.112500
0 -1  0.448333 0.316250 0.043333 0.122500
0 -1  0.474167 0.310000 0.045000 0.110000
0 -1  0.573333 0.318125 0.036667 0.093750
