0 4066 0.685833 0.520000 0.198333 0.397500
0 4067 0.312500 0.358125 0.081667 0.166250
0 4068 0.245833 0.365000 0.075000 0.175000
0 4069 0.148333 0.363750 0.073333 0.150000
0 4070 0.400000 0.358125 0.066667 0.166250
0 -1  0.616667 0.300000 0.046667 0.132500
0 -1  0.642500 0.295000 0.041667 0.122500
0 -1  0.921667 0.327500 0.073333 0.177500
0 -1  0.963333 0.318125 0.063333 0.161250
0 -1  0.076667 0.320625 0.046667 0.118750
0 -1  0.127500 0.321875 0.051667 0.116250
0 -1  0.750833 0.278125 0.031667 0.081250
0 -1  0.283333 0.256250 0.023333 0.047500
