0 4066 0.880833 0.603125 0.225000 0.498750
0 4067 0.451667 0.367500 0.086667 0.175000
0 4068 0.363333 0.374375 0.086667 0.186250
0 4069 0.254167 0.348750 0.065000 0.135000
0 -1  0.196667 0.322500 0.050000 0.122500
0 -1  0.218333 0.319375 0.033333 0.108750
0 -1  0.290000 0.325000 0.030000 0.105000
0 -1  0.669167 0.302500 0.038333 0.120000
0 -1  0.718333 0.296875 0.043333 0.116250
0 -1  0.939167 0.332500 0.085000 0.172500
0 -1  0.390833 0.266875 0.028333 0.058750
0 -1  0.858333 0.285000 0.026667 0.075000
0 -1  0.481667 0.351875 0.050000 0.141250
