0 4064 0.318333 0.441875 0.100000 0.233750
0 4065 0.393333 0.388125 0.080000 0.161250
0 -1  0.107500 0.339375 0.025000 0.108750
0 -1  0.125833 0.283750 0.021667 0.050000
0 -1  0.219167 0.300000 0.021667 0.067500
0 -1  0.262500 0.293125 0.025000 0.061250
0 -1  0.278333 0.311875 0.036667 0.086250
0 -1  0.323333 0.314375 0.026667 0.071250
0 -1  0.350000 0.280625 0.023333 0.056250
0 -1  0.462500 0.286250 0.025000 0.072500
0 -1  0.497500 0.298750 0.028333 0.077500
0 -1  0.568333 0.305625 0.033333 0.086250
0 -1  0.593333 0.298125 0.033333 0.091250
0 -1  0.604167 0.316250 0.038333 0.107500
0 -1  0.686667 0.322500 0.060000 0.140000
0 -1  0.193333 0.336875 0.040000 0.111250
0 -1  0.889167 0.346875 0.078333 0.156250
