0 4072 0.243333 0.592500 0.220000 0.440000
0 4073 0.811667 0.361250 0.113333 0.260000
0 -1  0.042500 0.485000 0.081667 0.247500
0 -1  0.107500 0.448125 0.095000 0.216250
0 -1  0.023333 0.366250 0.040000 0.100000
0 -1  0.098333 0.376250 0.056667 0.145000
0 -1  0.171667 0.311250 0.053333 0.132500
0 -1  0.228333 0.326875 0.043333 0.111250
0 -1  0.276667 0.320625 0.046667 0.093750
0 -1  0.315833 0.318125 0.038333 0.098750
0 -1  0.295833 0.315625 0.051667 0.141250
0 -1  0.411667 0.330625 0.053333 0.151250
0 -1  0.563333 0.415625 0.093333 0.268750
0 -1  0.622500 0.362500 0.058333 0.170000
0 -1  0.885000 0.367500 0.083333 0.210000
0 -1  0.905833 0.342500 0.061667 0.180000
