0 4074 0.384167 0.237500 0.085000 0.172500
0 4075 0.846667 0.282500 0.110000 0.220000
0 4077 0.265833 0.558125 0.298333 0.598750
0 -1  0.055833 0.351250 0.098333 0.212500
0 -1  0.151667 0.368125 0.090000 0.206250
0 -1  0.140833 0.438125 0.085000 0.256250
0 -1  0.213333 0.542500 0.200000 0.412500
0 -1  0.055833 0.216875 0.038333 0.088750
0 -1  0.101667 0.215000 0.036667 0.077500
0 -1  0.141667 0.230000 0.053333 0.142500
0 -1  0.284167 0.233750 0.045000 0.112500
0 -1  0.320000 0.233750 0.053333 0.120000
0 -1  0.491667 0.246250 0.066667 0.147500
0 -1  0.773333 0.243750 0.046667 0.135000
