0 4074 0.059167 0.234375 0.115000 0.283750
0 4075 0.310000 0.238125 0.083333 0.166250
0 4076 0.700000 0.287500 0.180000 0.335000
0 4077 0.771667 0.268125 0.143333 0.286250
0 -1  0.135000 0.233750 0.093333 0.200000
0 -1  0.370000 0.216250 0.050000 0.117500
0 -1  0.420000 0.283125 0.120000 0.328750
0 -1  0.495000 0.211875 0.056667 0.158750
0 -1  0.546667 0.208125 0.056667 0.136250
0 -1  0.835000 0.218750 0.040000 0.145000
0 -1  0.905000 0.193750 0.046667 0.107500
0 -1  0.950833 0.200000 0.041667 0.102500
0 -1  0.956667 0.321250 0.083333 0.382500
