0 4108 0.323333 0.548750 0.223333 0.447500
0 -1  0.012500 0.368750 0.021667 0.057500
0 -1  0.036667 0.368750 0.026667 0.062500
0 -1  0.070000 0.360625 0.016667 0.043750
0 -1  0.107500 0.359375 0.018333 0.036250
0 -1  0.130000 0.356875 0.016667 0.033750
0 -1  0.143333 0.369375 0.026667 0.068750
0 -1  0.165000 0.358750 0.020000 0.045000
0 -1  0.193333 0.368750 0.030000 0.075000
0 -1  0.226667 0.371250 0.026667 0.065000
0 -1  0.249167 0.367500 0.021667 0.065000
0 -1  0.357500 0.360000 0.025000 0.060000
0 -1  0.369167 0.357500 0.018333 0.047500
0 -1  0.444167 0.381250 0.035000 0.110000
0 -1  0.467500 0.360000 0.028333 0.070000
0 -1  0.517500 0.358750 0.028333 0.072500
0 -1  0.534167 0.360625 0.028333 0.073750
0 -1  0.738333 0.354375 0.030000 0.063750
0 -1  0.806667 0.379375 0.060000 0.118750
0 -1  0.861667 0.366250 0.036667 0.097500
0 -1  0.911667 0.365000 0.040000 0.100000
0 -1  0.959167 0.386875 0.061667 0.173750
