0 4110 0.655833 0.472500 0.121667 0.245000
0 4111 0.150833 0.443750 0.075000 0.152500
0 -1  0.091667 0.428125 0.056667 0.131250
0 -1  0.229167 0.417500 0.048333 0.112500
0 -1  0.440000 0.412500 0.036667 0.075000
0 -1  0.512500 0.406875 0.025000 0.063750
0 -1  0.519167 0.397500 0.018333 0.052500
0 -1  0.545833 0.399375 0.011667 0.043750
0 -1  0.555000 0.396875 0.016667 0.048750
0 -1  0.579167 0.399375 0.015000 0.048750
0 -1  0.591667 0.393750 0.013333 0.040000
0 -1  0.603333 0.393750 0.013333 0.037500
0 -1  0.614167 0.396250 0.015000 0.035000
0 -1  0.629167 0.393125 0.011667 0.033750
0 -1  0.715000 0.404375 0.026667 0.063750
0 -1  0.735000 0.401875 0.023333 0.061250
0 -1  0.758333 0.405625 0.023333 0.058750
0 -1  0.777500 0.397500 0.018333 0.045000
0 -1  0.802500 0.398750 0.015000 0.040000
0 -1  0.838333 0.399375 0.020000 0.053750
0 -1  0.845000 0.423750 0.033333 0.092500
0 -1  0.912500 0.422500 0.045000 0.097500
0 -1  0.966667 0.465625 0.063333 0.243750
0 -1  0.271667 0.403750 0.020000 0.060000
0 -1  0.190000 0.401875 0.020000 0.051250
0 -1  0.150833 0.424375 0.055000 0.148750
