0 4111 0.134167 0.440625 0.071667 0.143750
0 4112 0.526667 0.474375 0.103333 0.206250
0 -1  0.383333 0.411250 0.026667 0.057500
0 -1  0.421667 0.411250 0.026667 0.062500
0 -1  0.741667 0.421875 0.030000 0.071250
0 -1  0.763333 0.411875 0.016667 0.043750
0 -1  0.778333 0.409375 0.020000 0.053750
0 -1  0.804167 0.411875 0.011667 0.046250
0 -1  0.810833 0.416875 0.021667 0.061250
0 -1  0.851667 0.410625 0.013333 0.038750
0 -1  0.862500 0.408125 0.011667 0.043750
0 -1  0.879167 0.423750 0.028333 0.070000
0 -1  0.917500 0.415000 0.028333 0.070000
0 -1  0.963333 0.420000 0.023333 0.060000
0 -1  0.982500 0.418750 0.028333 0.070000
0 -1  0.553333 0.426875 0.060000 0.121250
