0 4112 0.626667 0.446250 0.096667 0.190000
0 -1  0.039167 0.450625 0.075000 0.241250
0 -1  0.100000 0.417500 0.063333 0.157500
0 -1  0.210000 0.427500 0.083333 0.187500
0 -1  0.161667 0.389375 0.036667 0.093750
0 -1  0.185833 0.381250 0.035000 0.080000
0 -1  0.293333 0.378750 0.016667 0.050000
0 -1  0.322500 0.382500 0.021667 0.062500
0 -1  0.340833 0.375000 0.015000 0.050000
0 -1  0.383333 0.382500 0.020000 0.060000
0 -1  0.406667 0.382500 0.026667 0.077500
0 -1  0.463333 0.386250 0.030000 0.080000
0 -1  0.447500 0.388125 0.021667 0.063750
0 -1  0.493333 0.391250 0.030000 0.075000
0 -1  0.521667 0.372500 0.016667 0.035000
0 -1  0.569167 0.373125 0.011667 0.028750
0 -1  0.545000 0.421875 0.050000 0.136250
0 -1  0.591667 0.416875 0.050000 0.138750
0 -1  0.723333 0.397500 0.030000 0.087500
0 -1  0.857500 0.396875 0.025000 0.081250
0 -1  0.935833 0.410000 0.048333 0.150000
