0 4115 0.434167 0.365000 0.125000 0.250000
0 4116 0.783333 0.418125 0.236667 0.496250
0 -1  0.038333 0.331250 0.053333 0.147500
0 -1  0.106667 0.421250 0.133333 0.330000
0 -1  0.211667 0.404375 0.176667 0.401250
0 -1  0.298333 0.346875 0.053333 0.181250
0 -1  0.518333 0.333750 0.070000 0.142500
0 -1  0.557500 0.293750 0.018333 0.055000
0 -1  0.529167 0.286250 0.018333 0.047500
0 -1  0.540000 0.286250 0.013333 0.042500
0 -1  0.580833 0.290625 0.018333 0.048750
0 -1  0.604167 0.291250 0.018333 0.052500
0 -1  0.622500 0.285000 0.015000 0.040000
0 -1  0.637500 0.297500 0.028333 0.072500
0 -1  0.686667 0.291875 0.013333 0.048750
0 -1  0.830833 0.292500 0.028333 0.082500
0 -1  0.874167 0.292500 0.025000 0.067500
0 -1  0.469167 0.294375 0.018333 0.046250
0 -1  0.345000 0.292500 0.020000 0.052500
