0 25 0.499167 0.553125 0.075000 0.151250
0 26 0.395000 0.561875 0.086667 0.173750
0 -1  0.570833 0.453750 0.025000 0.057500
0 -1  0.666667 0.447500 0.023333 0.050000
0 -1  0.681667 0.444375 0.020000 0.051250
0 -1  0.707500 0.447500 0.018333 0.050000
0 -1  0.722500 0.453750 0.015000 0.037500
0 -1  0.748333 0.450000 0.020000 0.045000
0 -1  0.807500 0.453750 0.028333 0.062500
0 -1  0.781667 0.483750 0.026667 0.077500
0 -1  0.407500 0.458125 0.025000 0.061250
0 -1  0.817500 0.662500 0.088333 0.232500
0 -1  0.519167 0.692500 0.105000 0.252500
0 -1  0.542500 0.818750 0.161667 0.355000
0 -1  0.218333 0.463125 0.023333 0.066250
0 -1  0.171667 0.483750 0.040000 0.090000
0 -1  0.159167 0.509375 0.045000 0.101250
0 -1  0.120833 0.484375 0.028333 0.078750
0 -1  0.110000 0.486250 0.026667 0.080000
0 -1  0.083333 0.481875 0.033333 0.088750
0 -1  0.096667 0.516250 0.053333 0.122500
0 -1  0.140833 0.596875 0.065000 0.161250
