0 4141 0.682500 0.300000 0.111667 0.252500
0 -1  0.014167 0.296875 0.021667 0.046250
0 -1  0.049167 0.291250 0.025000 0.050000
0 -1  0.120833 0.283750 0.015000 0.042500
0 -1  0.134167 0.288125 0.018333 0.043750
0 -1  0.150833 0.284375 0.018333 0.046250
0 -1  0.175833 0.283750 0.015000 0.040000
0 -1  0.290833 0.275000 0.011667 0.035000
0 -1  0.302500 0.275000 0.011667 0.032500
0 -1  0.315000 0.274375 0.010000 0.036250
0 -1  0.337500 0.273125 0.011667 0.033750
0 -1  0.704167 0.295625 0.065000 0.183750
