0 4176 0.755000 0.438125 0.233333 0.468750
0 4177 0.284167 0.506250 0.295000 0.737500
0 -1  0.038333 0.275000 0.056667 0.135000
0 -1  0.064167 0.261875 0.041667 0.108750
0 -1  0.120833 0.272500 0.055000 0.125000
0 -1  0.454167 0.341875 0.101667 0.233750
0 -1  0.389167 0.313125 0.055000 0.153750
0 -1  0.502500 0.299375 0.035000 0.128750
0 -1  0.566667 0.305000 0.050000 0.127500
0 -1  0.655833 0.350625 0.088333 0.228750
0 -1  0.836667 0.303125 0.053333 0.128750
0 -1  0.888333 0.343125 0.093333 0.236250
0 -1  0.173333 0.275625 0.046667 0.103750
