0 4176 0.313333 0.370000 0.170000 0.325000
0 4178 0.109167 0.429375 0.211667 0.423750
0 -1  0.241667 0.317500 0.076667 0.190000
0 -1  0.400000 0.282500 0.050000 0.127500
0 -1  0.435833 0.311875 0.038333 0.086250
0 -1  0.512500 0.296250 0.091667 0.225000
0 -1  0.624167 0.300625 0.071667 0.221250
0 -1  0.671667 0.237500 0.043333 0.117500
0 -1  0.759167 0.291875 0.118333 0.281250
0 -1  0.855000 0.241250 0.053333 0.160000
0 -1  0.918333 0.253750 0.086667 0.212500
0 -1  0.976667 0.242500 0.043333 0.190000
