0 28 0.520833 0.528750 0.195000 0.360000
0 -1  0.950000 0.440625 0.053333 0.128750
0 -1  0.892500 0.440625 0.078333 0.171250
0 -1  0.823333 0.450000 0.060000 0.132500
0 -1  0.762500 0.413125 0.028333 0.073750
0 -1  0.729167 0.435625 0.045000 0.101250
0 -1  0.688333 0.449375 0.063333 0.173750
0 -1  0.619167 0.406250 0.025000 0.052500
0 -1  0.642500 0.416875 0.038333 0.088750
0 -1  0.582500 0.418750 0.038333 0.097500
0 -1  0.467500 0.463750 0.075000 0.217500
0 -1  0.431667 0.451875 0.070000 0.198750
0 -1  0.364167 0.446250 0.071667 0.185000
0 -1  0.316667 0.404375 0.016667 0.056250
0 -1  0.301667 0.402500 0.026667 0.060000
0 -1  0.220000 0.433125 0.056667 0.156250
0 -1  0.275000 0.392500 0.020000 0.045000
0 -1  0.247500 0.396875 0.018333 0.046250
0 -1  0.154167 0.406250 0.018333 0.055000
0 -1  0.091667 0.391875 0.013333 0.043750
0 -1  0.104167 0.401875 0.018333 0.063750
0 -1  0.130000 0.395000 0.016667 0.042500
0 -1  0.115833 0.404375 0.018333 0.071250
0 -1  0.060000 0.406875 0.026667 0.086250
0 -1  0.033333 0.396250 0.026667 0.067500
0 -1  0.016667 0.433125 0.030000 0.158750
