0 4286 0.646667 0.402500 0.270000 0.625000
0 4287 0.483333 0.277500 0.146667 0.312500
0 -1  0.200000 0.216250 0.030000 0.077500
0 -1  0.135833 0.213750 0.018333 0.060000
0 -1  0.163333 0.220625 0.020000 0.056250
0 -1  0.240000 0.215000 0.026667 0.075000
0 -1  0.254167 0.214375 0.021667 0.061250
0 -1  0.289167 0.227500 0.035000 0.092500
0 -1  0.318333 0.220000 0.033333 0.105000
0 -1  0.359167 0.219375 0.041667 0.093750
0 -1  0.389167 0.267500 0.095000 0.232500
0 -1  0.751667 0.259375 0.106667 0.263750
0 -1  0.055833 0.264375 0.108333 0.308750
