0 4299 0.300833 0.289375 0.118333 0.238750
0 4300 0.560000 0.300625 0.166667 0.363750
0 4301 0.760000 0.321250 0.146667 0.267500
0 -1  0.523333 0.259375 0.053333 0.146250
0 -1  0.081667 0.326250 0.140000 0.335000
0 -1  0.164167 0.238125 0.038333 0.121250
0 -1  0.192500 0.234375 0.035000 0.101250
0 -1  0.250000 0.281250 0.083333 0.202500
0 -1  0.345833 0.249375 0.041667 0.111250
0 -1  0.430833 0.246250 0.048333 0.127500
0 -1  0.382500 0.240625 0.038333 0.091250
0 -1  0.808333 0.257500 0.053333 0.130000
0 -1  0.948333 0.306250 0.086667 0.250000
