0 4302 0.675833 0.538750 0.445000 0.892500
0 -1  0.039167 0.224375 0.075000 0.211250
0 -1  0.095833 0.260000 0.128333 0.312500
0 -1  0.131667 0.200000 0.036667 0.085000
0 -1  0.182500 0.227500 0.065000 0.162500
0 -1  0.214167 0.203125 0.031667 0.083750
0 -1  0.254167 0.212500 0.028333 0.077500
0 -1  0.265000 0.226875 0.053333 0.133750
0 -1  0.299167 0.238125 0.055000 0.163750
0 -1  0.367500 0.236250 0.091667 0.185000
0 -1  0.455000 0.225625 0.026667 0.086250
0 -1  0.469167 0.233750 0.035000 0.100000
0 -1  0.499167 0.233750 0.035000 0.092500
0 -1  0.512500 0.264375 0.051667 0.133750
0 -1  0.840833 0.325625 0.095000 0.273750
0 -1  0.940000 0.341250 0.106667 0.272500
