0 4334 0.284167 0.323750 0.101667 0.247500
0 4335 0.130000 0.338750 0.123333 0.247500
0 -1  0.018333 0.285625 0.033333 0.096250
0 -1  0.053333 0.277500 0.036667 0.090000
0 -1  0.405833 0.263750 0.028333 0.085000
0 -1  0.442500 0.279375 0.048333 0.111250
0 -1  0.490000 0.243125 0.033333 0.081250
0 -1  0.560833 0.248125 0.038333 0.101250
0 -1  0.641667 0.234375 0.026667 0.078750
0 -1  0.682500 0.238750 0.031667 0.077500
0 -1  0.752500 0.252500 0.048333 0.130000
0 -1  0.811667 0.228750 0.036667 0.092500
0 -1  0.840000 0.239375 0.050000 0.111250
0 -1  0.868333 0.235000 0.040000 0.102500
0 -1  0.912500 0.236250 0.061667 0.145000
