0 4334 0.554167 0.233750 0.075000 0.182500
0 4335 0.464167 0.237500 0.078333 0.180000
0 -1  0.055833 0.192500 0.041667 0.077500
0 -1  0.027500 0.198125 0.031667 0.063750
0 -1  0.321667 0.195000 0.030000 0.077500
0 -1  0.347500 0.195000 0.031667 0.080000
0 -1  0.586667 0.208750 0.033333 0.075000
0 -1  0.495833 0.218750 0.035000 0.100000
0 -1  0.798333 0.196875 0.036667 0.096250
0 -1  0.730000 0.193750 0.030000 0.075000
0 -1  0.858333 0.218125 0.050000 0.126250
0 -1  0.964167 0.216250 0.058333 0.127500
