0 4387 0.541667 0.202500 0.073333 0.177500
0 4388 0.327500 0.216250 0.135000 0.285000
0 4389 0.142500 0.236250 0.211667 0.452500
0 4390 0.241667 0.220625 0.163333 0.381250
0 -1  0.574167 0.144375 0.015000 0.038750
0 -1  0.591667 0.146875 0.013333 0.041250
0 -1  0.616667 0.147500 0.016667 0.047500
0 -1  0.640833 0.143750 0.015000 0.037500
0 -1  0.635833 0.168750 0.011667 0.027500
0 -1  0.672500 0.193125 0.035000 0.123750
0 -1  0.705000 0.186875 0.033333 0.106250
0 -1  0.500000 0.168750 0.026667 0.062500
