0 4397 0.127500 0.291875 0.131667 0.301250
0 4398 0.473333 0.275625 0.086667 0.193750
0 4399 0.384167 0.269375 0.085000 0.216250
0 -1  0.025000 0.246875 0.046667 0.136250
0 -1  0.047500 0.265000 0.068333 0.167500
0 -1  0.219167 0.249375 0.065000 0.166250
0 -1  0.264167 0.251250 0.071667 0.210000
0 -1  0.248333 0.286875 0.070000 0.233750
0 -1  0.321667 0.281875 0.073333 0.208750
0 -1  0.359167 0.258750 0.075000 0.192500
0 -1  0.665833 0.247500 0.041667 0.150000
0 -1  0.652500 0.258750 0.048333 0.137500
0 -1  0.875833 0.257500 0.045000 0.147500
0 -1  0.734167 0.150000 0.025000 0.067500
