0 4404 0.636667 0.178125 0.100000 0.201250
0 4405 0.760000 0.188125 0.076667 0.156250
0 4406 0.799167 0.223750 0.051667 0.105000
0 -1  0.127500 0.253750 0.185000 0.477500
0 -1  0.210000 0.178125 0.046667 0.116250
0 -1  0.286667 0.173750 0.043333 0.125000
0 -1  0.375000 0.256875 0.183333 0.451250
0 -1  0.720000 0.163125 0.036667 0.106250
0 -1  0.742500 0.168750 0.041667 0.132500
0 -1  0.819167 0.167500 0.038333 0.117500
0 -1  0.800000 0.214375 0.036667 0.086250
0 -1  0.953333 0.192500 0.086667 0.240000
