0 4404 0.753333 0.247500 0.223333 0.465000
0 4405 0.450000 0.226875 0.103333 0.208750
0 4406 0.524167 0.256250 0.075000 0.150000
0 -1  0.043333 0.237500 0.083333 0.205000
0 -1  0.094167 0.211875 0.061667 0.123750
0 -1  0.144167 0.233750 0.108333 0.230000
0 -1  0.385833 0.188750 0.041667 0.115000
0 -1  0.387500 0.200000 0.035000 0.115000
0 -1  0.422500 0.211875 0.065000 0.136250
0 -1  0.666667 0.200625 0.096667 0.281250
0 -1  0.892500 0.160625 0.051667 0.126250
0 -1  0.964167 0.171250 0.061667 0.157500
