0 4413 0.804167 0.250625 0.138333 0.276250
0 4414 0.725000 0.236250 0.140000 0.280000
0 -1  0.053333 0.208125 0.053333 0.161250
0 -1  0.100833 0.213750 0.071667 0.152500
0 -1  0.294167 0.214375 0.091667 0.248750
0 -1  0.338333 0.226250 0.093333 0.265000
0 -1  0.484167 0.196875 0.041667 0.113750
0 -1  0.459167 0.210000 0.031667 0.135000
0 -1  0.573333 0.209375 0.046667 0.156250
0 -1  0.525000 0.210625 0.060000 0.178750
0 -1  0.625000 0.204375 0.053333 0.163750
0 -1  0.586667 0.214375 0.036667 0.121250
0 -1  0.710000 0.231250 0.060000 0.192500
