0 4444 0.311667 0.288125 0.180000 0.386250
0 4445 0.712500 0.227500 0.058333 0.117500
0 -1  0.500833 0.216250 0.031667 0.080000
0 -1  0.581667 0.211875 0.020000 0.053750
0 -1  0.601667 0.217500 0.026667 0.082500
0 -1  0.630000 0.215625 0.026667 0.068750
0 -1  0.658333 0.221250 0.030000 0.075000
0 -1  0.685000 0.214375 0.023333 0.063750
0 -1  0.731667 0.210000 0.026667 0.077500
0 -1  0.555833 0.232500 0.045000 0.125000
0 -1  0.427500 0.238750 0.045000 0.135000
0 -1  0.178333 0.392500 0.316667 0.727500
