0 4461 0.525833 0.332500 0.075000 0.175000
0 4462 0.465833 0.334375 0.071667 0.158750
0 4867 0.109167 0.378750 0.098333 0.190000
0 -1  0.451667 0.242500 0.026667 0.072500
0 -1  0.467500 0.244375 0.031667 0.068750
0 -1  0.500833 0.233750 0.028333 0.067500
0 -1  0.518333 0.216875 0.023333 0.053750
0 -1  0.537500 0.216250 0.025000 0.052500
0 -1  0.539167 0.250625 0.031667 0.073750
0 -1  0.577500 0.260000 0.038333 0.110000
0 -1  0.602500 0.247500 0.028333 0.087500
0 -1  0.689167 0.240625 0.031667 0.073750
0 -1  0.720833 0.236250 0.035000 0.077500
0 -1  0.756667 0.241250 0.036667 0.095000
0 -1  0.420000 0.183750 0.013333 0.037500
0 -1  0.955833 0.225000 0.025000 0.070000
0 -1  0.930833 0.194375 0.021667 0.046250
