0 4464 0.775000 0.181250 0.110000 0.232500
0 -1  0.049167 0.521250 0.095000 0.150000
0 -1  0.102500 0.461250 0.125000 0.167500
0 -1  0.136667 0.358125 0.083333 0.181250
0 -1  0.162500 0.290000 0.065000 0.182500
0 -1  0.205833 0.211250 0.055000 0.142500
0 -1  0.447500 0.185000 0.048333 0.125000
0 -1  0.500833 0.187500 0.055000 0.145000
0 -1  0.522500 0.170625 0.051667 0.143750
0 -1  0.563333 0.141875 0.020000 0.048750
0 -1  0.599167 0.141250 0.021667 0.062500
0 -1  0.705833 0.152500 0.038333 0.112500
0 -1  0.848333 0.190625 0.043333 0.121250
0 -1  0.875000 0.144375 0.056667 0.173750
0 -1  0.921667 0.163125 0.060000 0.183750
0 -1  0.972500 0.146875 0.051667 0.186250
0 -1  0.410833 0.370625 0.285000 0.738750
