0 4472 0.741667 0.516875 0.096667 0.181250
0 4473 0.668333 0.508750 0.086667 0.175000
0 4474 0.229167 0.508125 0.078333 0.138750
0 4866 0.499167 0.618750 0.135000 0.270000
0 -1  0.830000 0.104375 0.013333 0.043750
0 -1  0.805833 0.081875 0.008333 0.036250
0 -1  0.795000 0.082500 0.013333 0.042500
0 -1  0.780000 0.083125 0.010000 0.033750
0 -1  0.834167 0.088750 0.015000 0.035000
0 -1  0.845000 0.085625 0.013333 0.028750
0 -1  0.865000 0.095000 0.013333 0.035000
0 -1  0.842500 0.105000 0.015000 0.045000
0 -1  0.750833 0.081875 0.011667 0.028750
0 -1  0.764167 0.085625 0.011667 0.028750
0 -1  0.759167 0.089375 0.008333 0.026250
0 -1  0.755000 0.108750 0.013333 0.037500
0 -1  0.744167 0.105625 0.015000 0.033750
0 -1  0.725000 0.081250 0.013333 0.027500
0 -1  0.724167 0.095000 0.011667 0.037500
0 -1  0.710833 0.086875 0.011667 0.036250
0 -1  0.713333 0.100000 0.010000 0.027500
0 -1  0.701667 0.088125 0.010000 0.033750
0 -1  0.685833 0.091250 0.008333 0.025000
0 -1  0.675833 0.088125 0.011667 0.033750
0 -1  0.650000 0.088750 0.013333 0.035000
0 -1  0.643333 0.111875 0.010000 0.041250
0 -1  0.614167 0.088750 0.011667 0.040000
0 -1  0.574167 0.093125 0.015000 0.038750
0 -1  0.597500 0.118750 0.015000 0.045000
0 -1  0.588333 0.130000 0.016667 0.057500
0 -1  0.614167 0.137500 0.021667 0.057500
0 -1  0.688333 0.126875 0.020000 0.061250
0 -1  0.671667 0.138125 0.016667 0.058750
0 -1  0.734167 0.133125 0.021667 0.056250
0 -1  0.496667 0.145625 0.020000 0.053750
0 -1  0.516667 0.145625 0.023333 0.058750
0 -1  0.540833 0.151250 0.021667 0.062500
0 -1  0.550000 0.199375 0.023333 0.076250
0 -1  0.497500 0.195000 0.028333 0.070000
0 -1  0.498333 0.285000 0.036667 0.110000
0 -1  0.557500 0.288750 0.041667 0.120000
0 -1  0.333333 0.363125 0.046667 0.121250
0 -1  0.267500 0.348750 0.048333 0.130000
