0 4477 0.679167 0.136875 0.088333 0.206250
0 4478 0.596667 0.132500 0.080000 0.190000
0 4479 0.539167 0.137500 0.081667 0.182500
0 -1  0.480000 0.073125 0.033333 0.098750
0 -1  0.432500 0.078750 0.031667 0.107500
0 -1  0.442500 0.094375 0.025000 0.093750
0 -1  0.410833 0.092500 0.025000 0.087500
0 -1  0.365000 0.086875 0.030000 0.083750
0 -1  0.315833 0.083750 0.038333 0.095000
0 -1  0.325833 0.110000 0.025000 0.062500
0 -1  0.352500 0.118125 0.018333 0.046250
0 -1  0.986667 0.054375 0.020000 0.058750
0 -1  0.953333 0.049375 0.016667 0.041250
0 -1  0.940833 0.041875 0.011667 0.036250
0 -1  0.925000 0.039375 0.013333 0.038750
0 -1  0.913333 0.049375 0.016667 0.041250
0 -1  0.886667 0.056875 0.020000 0.053750
0 -1  0.870833 0.052500 0.018333 0.042500
0 -1  0.844167 0.050625 0.015000 0.041250
0 -1  0.823333 0.048750 0.013333 0.042500
0 -1  0.807500 0.050000 0.015000 0.045000
0 -1  0.795000 0.052500 0.016667 0.045000
0 -1  0.760000 0.050625 0.016667 0.043750
0 -1  0.772500 0.066250 0.025000 0.077500
0 -1  0.744167 0.048750 0.011667 0.045000
0 -1  0.734167 0.043125 0.011667 0.033750
0 -1  0.722500 0.043750 0.011667 0.037500
0 -1  0.713333 0.060625 0.023333 0.063750
0 -1  0.702500 0.052500 0.021667 0.052500
0 -1  0.729167 0.085625 0.035000 0.091250
0 -1  0.513333 0.076875 0.033333 0.088750
0 -1  0.568333 0.068750 0.026667 0.075000
0 -1  0.620000 0.057500 0.023333 0.062500
0 -1  0.615833 0.065000 0.025000 0.070000
0 -1  0.640000 0.063750 0.020000 0.065000
0 -1  0.175000 0.088125 0.050000 0.128750
