0 4477 0.612500 0.223125 0.145000 0.331250
0 4478 0.446667 0.220625 0.116667 0.301250
0 4479 0.356667 0.232500 0.153333 0.310000
0 -1  0.302500 0.153750 0.025000 0.075000
0 -1  0.278333 0.153750 0.023333 0.070000
0 -1  0.255000 0.155000 0.016667 0.065000
0 -1  0.255000 0.160625 0.016667 0.053750
0 -1  0.240833 0.151250 0.025000 0.072500
0 -1  0.221667 0.164375 0.040000 0.108750
0 -1  0.203333 0.150000 0.023333 0.067500
0 -1  0.165833 0.156875 0.045000 0.123750
0 -1  0.120833 0.148125 0.021667 0.061250
0 -1  0.520000 0.158750 0.020000 0.052500
0 -1  0.064167 0.139375 0.038333 0.091250
0 -1  0.064167 0.163750 0.045000 0.097500
0 -1  0.026667 0.163750 0.036667 0.097500
0 -1  0.865000 0.172500 0.036667 0.062500
0 -1  0.913333 0.177500 0.046667 0.097500
