0 4475 0.260833 0.296250 0.115000 0.242500
0 4476 0.463333 0.303750 0.120000 0.255000
0 4477 0.909167 0.145000 0.065000 0.132500
0 4478 0.843333 0.141250 0.050000 0.125000
0 4479 0.800833 0.145625 0.058333 0.118750
0 4866 0.708333 0.401250 0.133333 0.267500
0 -1  0.951667 0.083750 0.026667 0.067500
0 -1  0.924167 0.073125 0.021667 0.058750
0 -1  0.935000 0.090625 0.023333 0.076250
0 -1  0.902500 0.093750 0.035000 0.082500
0 -1  0.861667 0.052500 0.016667 0.045000
0 -1  0.811667 0.080625 0.030000 0.063750
0 -1  0.783333 0.083125 0.023333 0.076250
0 -1  0.761667 0.091875 0.023333 0.068750
0 -1  0.754167 0.122500 0.021667 0.077500
0 -1  0.731667 0.108750 0.026667 0.087500
0 -1  0.705833 0.088750 0.028333 0.070000
0 -1  0.651667 0.113750 0.023333 0.090000
0 -1  0.663333 0.137500 0.016667 0.052500
0 -1  0.687500 0.141875 0.015000 0.041250
0 -1  0.577500 0.119375 0.028333 0.106250
