0 4500 0.410833 0.321875 0.161667 0.366250
0 4501 0.730833 0.333750 0.205000 0.460000
0 4502 0.526667 0.346875 0.190000 0.458750
0 -1  0.081667 0.269375 0.066667 0.168750
0 -1  0.131667 0.243125 0.026667 0.073750
0 -1  0.170833 0.242500 0.031667 0.085000
0 -1  0.213333 0.242500 0.030000 0.070000
0 -1  0.255833 0.243125 0.028333 0.078750
0 -1  0.273333 0.232500 0.020000 0.062500
0 -1  0.306667 0.233750 0.023333 0.050000
0 -1  0.335000 0.241250 0.046667 0.130000
0 -1  0.832500 0.241250 0.068333 0.182500
0 -1  0.607500 0.214375 0.015000 0.043750
