0 4531 0.477500 0.265625 0.158333 0.338750
0 4532 0.356667 0.234375 0.066667 0.151250
0 -1  0.546667 0.238750 0.076667 0.185000
0 -1  0.640000 0.236875 0.056667 0.163750
0 -1  0.671667 0.217500 0.030000 0.070000
0 -1  0.681667 0.258125 0.026667 0.073750
0 -1  0.726667 0.236875 0.040000 0.118750
0 -1  0.709167 0.209375 0.025000 0.061250
0 -1  0.812500 0.217500 0.038333 0.090000
0 -1  0.825833 0.231875 0.051667 0.123750
0 -1  0.870000 0.228125 0.050000 0.116250
0 -1  0.745833 0.260625 0.088333 0.223750
