0 4536 0.560000 0.351250 0.166667 0.335000
0 4537 0.321667 0.293125 0.070000 0.161250
0 4538 0.436667 0.293750 0.073333 0.150000
0 4539 0.734167 0.360000 0.141667 0.292500
0 4540 0.885833 0.341875 0.091667 0.183750
0 -1  0.115000 0.254375 0.026667 0.056250
0 -1  0.140000 0.283125 0.056667 0.136250
0 -1  0.154167 0.251875 0.025000 0.068750
0 -1  0.172500 0.283125 0.041667 0.116250
0 -1  0.195833 0.262500 0.031667 0.067500
0 -1  0.224167 0.271875 0.041667 0.121250
0 -1  0.264167 0.285625 0.058333 0.161250
0 -1  0.365833 0.288125 0.038333 0.113750
0 -1  0.934167 0.324375 0.058333 0.201250
