0 4543 0.067500 0.282500 0.081667 0.165000
0 4549 0.666667 0.301875 0.103333 0.203750
0 -1  0.441667 0.410625 0.213333 0.523750
0 -1  0.237500 0.333125 0.125000 0.313750
0 -1  0.150833 0.294375 0.041667 0.113750
0 -1  0.172500 0.268750 0.038333 0.110000
0 -1  0.554167 0.264375 0.035000 0.091250
0 -1  0.743333 0.338750 0.106667 0.310000
0 -1  0.833333 0.323125 0.090000 0.256250
0 -1  0.875833 0.312500 0.068333 0.212500
0 -1  0.915000 0.293125 0.046667 0.121250
0 -1  0.962500 0.287500 0.041667 0.107500
0 -1  0.518333 0.250000 0.016667 0.042500
