0 4560 0.345833 0.301875 0.091667 0.211250
0 4561 0.837500 0.310625 0.085000 0.181250
0 4562 0.525833 0.275000 0.061667 0.142500
0 4563 0.691667 0.280625 0.056667 0.116250
0 4870 0.416667 0.274375 0.076667 0.148750
0 -1  0.020833 0.276250 0.038333 0.140000
0 -1  0.127500 0.253750 0.031667 0.082500
0 -1  0.166667 0.262500 0.040000 0.117500
0 -1  0.085833 0.278750 0.055000 0.147500
0 -1  0.187500 0.287500 0.068333 0.177500
0 -1  0.220833 0.253750 0.031667 0.082500
0 -1  0.257500 0.303750 0.061667 0.210000
0 -1  0.300833 0.273125 0.048333 0.116250
0 -1  0.432500 0.260625 0.031667 0.081250
0 -1  0.465833 0.261875 0.028333 0.083750
0 -1  0.491667 0.273125 0.036667 0.093750
0 -1  0.575833 0.261250 0.035000 0.102500
0 -1  0.582500 0.276875 0.038333 0.101250
0 -1  0.755000 0.269375 0.056667 0.113750
0 -1  0.913333 0.274375 0.053333 0.108750
0 -1  0.937500 0.262500 0.041667 0.085000
0 -1  0.885833 0.258125 0.035000 0.071250
