0 4567 0.514167 0.293125 0.215000 0.491250
0 -1  0.146667 0.182500 0.046667 0.122500
0 -1  0.185833 0.182500 0.041667 0.100000
0 -1  0.227500 0.189375 0.028333 0.091250
0 -1  0.315000 0.240000 0.120000 0.325000
0 -1  0.589167 0.170625 0.035000 0.076250
0 -1  0.804167 0.185625 0.041667 0.128750
0 -1  0.798333 0.213125 0.053333 0.161250
0 -1  0.878333 0.188125 0.046667 0.111250
0 -1  0.960833 0.262500 0.071667 0.330000
0 -1  0.641667 0.164375 0.010000 0.033750
0 -1  0.741667 0.176875 0.026667 0.068750
0 -1  0.759167 0.175000 0.018333 0.052500
0 -1  0.229167 0.500625 0.451667 0.998750
