0 4568 0.731667 0.265000 0.093333 0.207500
0 4569 0.185000 0.250000 0.070000 0.167500
0 4570 0.375000 0.241875 0.080000 0.178750
0 -1  0.098333 0.231875 0.046667 0.133750
0 -1  0.139167 0.251875 0.058333 0.153750
0 -1  0.263333 0.237500 0.043333 0.125000
0 -1  0.436667 0.240625 0.066667 0.178750
0 -1  0.483333 0.268125 0.066667 0.201250
0 -1  0.519167 0.224375 0.048333 0.126250
0 -1  0.560833 0.236875 0.058333 0.158750
0 -1  0.539167 0.293750 0.055000 0.145000
0 -1  0.637500 0.257500 0.061667 0.195000
0 -1  0.609167 0.261250 0.068333 0.192500
0 -1  0.696667 0.218750 0.046667 0.117500
0 -1  0.940833 0.220000 0.051667 0.142500
0 -1  0.319167 0.203125 0.025000 0.051250
