0 4566 0.805000 0.288125 0.200000 0.403750
0 -1  0.078333 0.264375 0.083333 0.206250
0 -1  0.133333 0.230625 0.063333 0.156250
0 -1  0.198333 0.228750 0.060000 0.157500
0 -1  0.257500 0.260625 0.078333 0.203750
0 -1  0.317500 0.243750 0.065000 0.175000
0 -1  0.381667 0.262500 0.073333 0.202500
0 -1  0.429167 0.206250 0.038333 0.110000
0 -1  0.447500 0.215000 0.035000 0.115000
0 -1  0.465000 0.218125 0.043333 0.126250
0 -1  0.535833 0.218750 0.048333 0.135000
0 -1  0.592500 0.214375 0.058333 0.143750
0 -1  0.631667 0.203125 0.033333 0.108750
0 -1  0.660000 0.201875 0.033333 0.086250
0 -1  0.684167 0.198750 0.035000 0.080000
0 -1  0.729167 0.201875 0.041667 0.121250
