0 4565 0.263333 0.389375 0.193333 0.386250
0 -1  0.065000 0.283750 0.053333 0.152500
0 -1  0.105833 0.310000 0.085000 0.220000
0 -1  0.134167 0.263750 0.031667 0.102500
0 -1  0.166667 0.273750 0.040000 0.107500
0 -1  0.210000 0.291250 0.073333 0.157500
0 -1  0.265000 0.257500 0.043333 0.105000
0 -1  0.294167 0.265625 0.048333 0.111250
0 -1  0.325833 0.301250 0.068333 0.170000
0 -1  0.412500 0.338750 0.038333 0.105000
0 -1  0.450000 0.269375 0.016667 0.056250
0 -1  0.518333 0.271875 0.040000 0.101250
0 -1  0.757500 0.275000 0.045000 0.112500
0 -1  0.702500 0.271250 0.041667 0.097500
0 -1  0.720833 0.292500 0.048333 0.137500
0 -1  0.629167 0.284375 0.045000 0.133750
0 -1  0.650833 0.306250 0.051667 0.157500
0 -1  0.578333 0.343750 0.103333 0.357500
0 -1  0.916667 0.448750 0.156667 0.585000
