0 4571 0.796667 0.243750 0.123333 0.262500
0 4572 0.316667 0.230625 0.100000 0.201250
0 4573 0.383333 0.236250 0.080000 0.182500
0 -1  0.049167 0.213750 0.058333 0.132500
0 -1  0.107500 0.186875 0.028333 0.073750
0 -1  0.090833 0.239375 0.061667 0.208750
0 -1  0.201667 0.220625 0.076667 0.191250
0 -1  0.172500 0.236250 0.068333 0.222500
0 -1  0.524167 0.216250 0.051667 0.167500
0 -1  0.483333 0.231250 0.056667 0.190000
0 -1  0.558333 0.217500 0.053333 0.177500
0 -1  0.587500 0.265000 0.045000 0.162500
0 -1  0.624167 0.186250 0.035000 0.097500
0 -1  0.666667 0.242500 0.080000 0.222500
0 -1  0.710000 0.240625 0.066667 0.201250
0 -1  0.758333 0.194375 0.040000 0.103750
0 -1  0.833333 0.178125 0.030000 0.078750
0 -1  0.851667 0.179375 0.023333 0.078750
0 -1  0.892500 0.180000 0.025000 0.085000
