0 4582 0.847500 0.322500 0.185000 0.402500
0 4583 0.767500 0.231875 0.101667 0.211250
0 -1  0.210833 0.259375 0.085000 0.246250
0 -1  0.269167 0.197500 0.038333 0.100000
0 -1  0.302500 0.219375 0.055000 0.143750
0 -1  0.368333 0.211875 0.040000 0.113750
0 -1  0.410833 0.223125 0.045000 0.146250
0 -1  0.433333 0.198750 0.026667 0.087500
0 -1  0.468333 0.226875 0.066667 0.161250
0 -1  0.500833 0.221875 0.041667 0.131250
0 -1  0.570833 0.208750 0.035000 0.100000
0 -1  0.656667 0.195000 0.030000 0.090000
0 -1  0.609167 0.183750 0.025000 0.055000
0 -1  0.130000 0.192500 0.030000 0.072500
0 -1  0.148333 0.190625 0.026667 0.071250
0 -1  0.723333 0.219375 0.053333 0.158750
0 -1  0.979167 0.214375 0.038333 0.123750
