0 4579 0.503333 0.210000 0.070000 0.152500
0 4580 0.608333 0.209375 0.070000 0.156250
0 4581 0.822500 0.240625 0.095000 0.191250
0 -1  0.359167 0.186875 0.038333 0.093750
0 -1  0.245833 0.165000 0.025000 0.062500
0 -1  0.259167 0.164375 0.021667 0.053750
0 -1  0.407500 0.193125 0.025000 0.093750
0 -1  0.444167 0.178750 0.025000 0.077500
0 -1  0.483333 0.180625 0.026667 0.078750
0 -1  0.560000 0.180000 0.023333 0.075000
0 -1  0.576667 0.182500 0.036667 0.092500
0 -1  0.798333 0.185625 0.040000 0.091250
0 -1  0.886667 0.311875 0.220000 0.551250
