0 4574 0.137500 0.229375 0.128333 0.251250
0 4575 0.625000 0.269375 0.146667 0.323750
0 -1  0.228333 0.177500 0.046667 0.127500
0 -1  0.253333 0.170625 0.046667 0.101250
0 -1  0.290833 0.176875 0.048333 0.126250
0 -1  0.335000 0.169375 0.043333 0.116250
0 -1  0.501667 0.173125 0.050000 0.121250
0 -1  0.545000 0.176250 0.060000 0.150000
0 -1  0.587500 0.151875 0.021667 0.058750
0 -1  0.814167 0.179375 0.058333 0.143750
0 -1  0.891667 0.308125 0.206667 0.591250
0 -1  0.042500 0.211875 0.078333 0.208750
0 -1  0.320833 0.248750 0.058333 0.162500
0 -1  0.045000 0.228750 0.080000 0.247500
