0 4582 0.565833 0.295000 0.175000 0.382500
0 4583 0.700000 0.188750 0.070000 0.140000
0 -1  0.037500 0.175000 0.048333 0.100000
0 -1  0.076667 0.181250 0.046667 0.097500
0 -1  0.280833 0.185000 0.045000 0.105000
0 -1  0.350833 0.213750 0.058333 0.217500
0 -1  0.390833 0.242500 0.111667 0.317500
0 -1  0.442500 0.178750 0.041667 0.097500
0 -1  0.553333 0.170000 0.036667 0.095000
0 -1  0.619167 0.176875 0.041667 0.101250
0 -1  0.634167 0.175625 0.035000 0.086250
0 -1  0.725000 0.177500 0.026667 0.090000
0 -1  0.844167 0.373125 0.305000 0.743750
