0 4590 0.538333 0.249375 0.090000 0.213750
0 4591 0.459167 0.215625 0.085000 0.198750
0 4592 0.363333 0.202500 0.080000 0.177500
0 4593 0.670833 0.246875 0.091667 0.183750
0 4594 0.147500 0.196250 0.078333 0.167500
0 4595 0.960000 0.226250 0.070000 0.150000
0 -1  0.565833 0.171875 0.021667 0.048750
0 -1  0.770833 0.193750 0.035000 0.102500
0 -1  0.823333 0.200625 0.036667 0.101250
0 -1  0.853333 0.203750 0.040000 0.110000
0 -1  0.884167 0.206875 0.041667 0.111250
0 -1  0.918333 0.189375 0.023333 0.053750
0 -1  0.029167 0.189375 0.055000 0.161250
