0 4583 0.590833 0.284375 0.175000 0.353750
0 -1  0.208333 0.264375 0.093333 0.266250
0 -1  0.020000 0.228125 0.036667 0.108750
0 -1  0.061667 0.223125 0.036667 0.103750
0 -1  0.133333 0.210625 0.046667 0.088750
0 -1  0.365000 0.205000 0.023333 0.067500
0 -1  0.390833 0.204375 0.031667 0.078750
0 -1  0.516667 0.227500 0.040000 0.155000
0 -1  0.545000 0.223750 0.036667 0.132500
0 -1  0.493333 0.236875 0.060000 0.168750
0 -1  0.470833 0.250000 0.075000 0.197500
0 -1  0.660000 0.223125 0.050000 0.131250
0 -1  0.729167 0.221875 0.041667 0.136250
0 -1  0.770000 0.199375 0.033333 0.101250
0 -1  0.895000 0.198750 0.040000 0.097500
0 -1  0.935000 0.243750 0.080000 0.227500
0 -1  0.315000 0.271875 0.096667 0.236250
