0 4582 0.633333 0.296250 0.180000 0.430000
0 -1  0.051667 0.216250 0.080000 0.192500
0 -1  0.163333 0.233125 0.106667 0.278750
0 -1  0.215000 0.266875 0.113333 0.308750
0 -1  0.269167 0.235000 0.108333 0.275000
0 -1  0.331667 0.169375 0.043333 0.103750
0 -1  0.354167 0.161875 0.031667 0.071250
0 -1  0.457500 0.174375 0.035000 0.111250
0 -1  0.486667 0.162500 0.030000 0.072500
0 -1  0.527500 0.238750 0.098333 0.267500
0 -1  0.773333 0.203750 0.070000 0.215000
0 -1  0.775833 0.205000 0.098333 0.247500
0 -1  0.830000 0.212500 0.156667 0.372500
0 -1  0.980000 0.143750 0.030000 0.077500
