0 4584 0.805000 0.166250 0.083333 0.167500
0 -1  0.199167 0.193125 0.095000 0.268750
0 -1  0.230000 0.217500 0.106667 0.280000
0 -1  0.308333 0.158750 0.040000 0.102500
0 -1  0.396667 0.280000 0.130000 0.437500
0 -1  0.449167 0.154375 0.048333 0.128750
0 -1  0.486667 0.196250 0.083333 0.260000
0 -1  0.582500 0.178750 0.058333 0.177500
0 -1  0.551667 0.216875 0.090000 0.233750
0 -1  0.691667 0.224375 0.103333 0.306250
0 -1  0.846667 0.148125 0.033333 0.096250
0 -1  0.882500 0.170625 0.055000 0.156250
