0 4586 0.887500 0.200000 0.068333 0.137500
0 4587 0.555000 0.253750 0.143333 0.320000
0 -1  0.163333 0.141875 0.030000 0.083750
0 -1  0.194167 0.144375 0.028333 0.088750
0 -1  0.225000 0.148125 0.026667 0.081250
0 -1  0.249167 0.150000 0.031667 0.082500
0 -1  0.295000 0.149375 0.033333 0.096250
0 -1  0.316667 0.150000 0.033333 0.090000
0 -1  0.340833 0.149375 0.028333 0.088750
0 -1  0.440000 0.174375 0.050000 0.148750
0 -1  0.533333 0.159375 0.040000 0.086250
0 -1  0.709167 0.168750 0.051667 0.117500
0 -1  0.988333 0.175625 0.020000 0.076250
0 -1  0.116667 0.152500 0.033333 0.077500
