0 4590 0.480000 0.313750 0.120000 0.272500
0 4591 0.867500 0.289375 0.108333 0.263750
0 4592 0.697500 0.270625 0.101667 0.218750
0 4593 0.785000 0.333125 0.126667 0.281250
0 4594 0.301667 0.266250 0.090000 0.180000
0 -1  0.043333 0.305000 0.083333 0.262500
0 -1  0.246667 0.253750 0.036667 0.130000
0 -1  0.267500 0.270625 0.045000 0.118750
0 -1  0.389167 0.245000 0.055000 0.130000
0 -1  0.220000 0.293125 0.086667 0.206250
0 -1  0.134167 0.364375 0.165000 0.421250
0 -1  0.956667 0.228125 0.026667 0.073750
0 -1  0.834167 0.266875 0.051667 0.156250
