0 4597 0.437500 0.190000 0.101667 0.202500
0 -1  0.125833 0.146250 0.035000 0.100000
0 -1  0.159167 0.148750 0.035000 0.090000
0 -1  0.177500 0.152500 0.035000 0.090000
0 -1  0.235000 0.153750 0.030000 0.080000
0 -1  0.316667 0.146875 0.026667 0.081250
0 -1  0.305000 0.160000 0.023333 0.082500
0 -1  0.578333 0.164375 0.040000 0.098750
0 -1  0.611667 0.161250 0.020000 0.062500
0 -1  0.625000 0.160000 0.030000 0.082500
0 -1  0.650000 0.170625 0.020000 0.051250
0 -1  0.853333 0.178125 0.040000 0.118750
0 -1  0.890000 0.181875 0.036667 0.101250
0 -1  0.873333 0.191875 0.036667 0.123750
0 -1  0.973333 0.175625 0.033333 0.078750
