0 4614 0.449167 0.181250 0.131667 0.277500
0 4615 0.561667 0.195000 0.096667 0.225000
0 -1  0.035000 0.139375 0.033333 0.108750
0 -1  0.095000 0.134375 0.033333 0.091250
0 -1  0.120000 0.146875 0.036667 0.101250
0 -1  0.078333 0.143125 0.043333 0.116250
0 -1  0.157500 0.157500 0.051667 0.135000
0 -1  0.215000 0.148750 0.066667 0.145000
0 -1  0.380833 0.156250 0.055000 0.147500
0 -1  0.489167 0.178125 0.071667 0.193750
0 -1  0.662500 0.136250 0.031667 0.080000
0 -1  0.634167 0.185000 0.061667 0.202500
0 -1  0.816667 0.187500 0.076667 0.230000
0 -1  0.325000 0.173125 0.066667 0.206250
