0 4620 0.698333 0.324375 0.163333 0.328750
0 4621 0.495000 0.333125 0.156667 0.313750
0 -1  0.071667 0.295625 0.063333 0.203750
0 -1  0.116667 0.301875 0.080000 0.218750
0 -1  0.167500 0.285000 0.055000 0.185000
0 -1  0.212500 0.306875 0.088333 0.241250
0 -1  0.322500 0.308125 0.078333 0.221250
0 -1  0.380000 0.313750 0.063333 0.257500
0 -1  0.440000 0.327500 0.090000 0.265000
0 -1  0.547500 0.252500 0.051667 0.127500
0 -1  0.603333 0.255000 0.040000 0.115000
0 -1  0.577500 0.238750 0.031667 0.087500
0 -1  0.735833 0.241250 0.041667 0.115000
0 -1  0.771667 0.258750 0.066667 0.170000
0 -1  0.841667 0.243750 0.050000 0.125000
0 -1  0.868333 0.267500 0.070000 0.160000
0 -1  0.910833 0.236250 0.041667 0.100000
0 -1  0.964167 0.238750 0.045000 0.110000
