0 4618 0.525000 0.340000 0.186667 0.470000
0 -1  0.032500 0.241250 0.061667 0.177500
0 -1  0.085000 0.244375 0.073333 0.203750
0 -1  0.155000 0.235625 0.103333 0.221250
0 -1  0.380000 0.211875 0.046667 0.126250
0 -1  0.401667 0.263125 0.073333 0.233750
0 -1  0.465000 0.241875 0.053333 0.193750
0 -1  0.596667 0.218125 0.053333 0.138750
0 -1  0.630000 0.206250 0.040000 0.112500
0 -1  0.696667 0.251875 0.090000 0.246250
0 -1  0.787500 0.310625 0.131667 0.383750
0 -1  0.884167 0.254375 0.085000 0.216250
0 -1  0.938333 0.275625 0.100000 0.248750
