0 4619 0.341667 0.256250 0.130000 0.262500
0 -1  0.180833 0.334375 0.191667 0.511250
0 -1  0.069167 0.225000 0.045000 0.142500
0 -1  0.273333 0.249375 0.083333 0.221250
0 -1  0.394167 0.234375 0.045000 0.151250
0 -1  0.425833 0.230000 0.048333 0.130000
0 -1  0.468333 0.216875 0.040000 0.133750
0 -1  0.493333 0.291875 0.106667 0.303750
0 -1  0.601667 0.265625 0.096667 0.268750
0 -1  0.685833 0.238125 0.055000 0.136250
0 -1  0.740833 0.244375 0.065000 0.188750
0 -1  0.789167 0.236875 0.045000 0.138750
0 -1  0.830833 0.260000 0.085000 0.207500
0 -1  0.886667 0.225625 0.050000 0.128750
