0 4620 0.419167 0.390625 0.261667 0.526250
0 4621 0.206667 0.395000 0.233333 0.467500
0 -1  0.676667 0.239375 0.066667 0.143750
0 -1  0.685833 0.236250 0.045000 0.125000
0 -1  0.720000 0.274375 0.093333 0.303750
0 -1  0.781667 0.365000 0.133333 0.430000
0 -1  0.865000 0.438125 0.263333 0.856250
0 -1  0.529167 0.323750 0.105000 0.347500
0 -1  0.103333 0.271875 0.086667 0.201250
0 -1  0.064167 0.350625 0.125000 0.318750
0 -1  0.298333 0.261875 0.066667 0.188750
0 -1  0.250000 0.233125 0.050000 0.143750
