0 4622 0.405000 0.346875 0.180000 0.383750
0 4623 0.175833 0.321250 0.178333 0.405000
0 -1  0.071667 0.233125 0.043333 0.126250
0 -1  0.102500 0.265625 0.058333 0.191250
0 -1  0.247500 0.265000 0.081667 0.202500
0 -1  0.314167 0.275625 0.088333 0.248750
0 -1  0.446667 0.270625 0.100000 0.271250
0 -1  0.502500 0.241250 0.051667 0.162500
0 -1  0.575833 0.241250 0.058333 0.180000
0 -1  0.625000 0.231250 0.036667 0.120000
0 -1  0.661667 0.223750 0.040000 0.102500
0 -1  0.710833 0.216250 0.048333 0.112500
0 -1  0.731667 0.255000 0.070000 0.220000
0 -1  0.813333 0.210000 0.026667 0.065000
0 -1  0.855833 0.254375 0.085000 0.193750
0 -1  0.923333 0.322500 0.146667 0.472500
