0 31 0.579167 0.520625 0.115000 0.253750
0 -1  0.503333 0.507500 0.130000 0.262500
0 -1  0.896667 0.431875 0.030000 0.073750
0 -1  0.874167 0.453750 0.055000 0.137500
0 -1  0.840000 0.429375 0.040000 0.093750
0 -1  0.755833 0.431250 0.025000 0.087500
0 -1  0.746667 0.486250 0.056667 0.175000
0 -1  0.695000 0.471875 0.073333 0.178750
0 -1  0.647500 0.486875 0.078333 0.186250
0 -1  0.455000 0.492500 0.066667 0.192500
0 -1  0.295833 0.430000 0.018333 0.067500
0 -1  0.316667 0.455625 0.056667 0.128750
0 -1  0.373333 0.595000 0.173333 0.442500
0 -1  0.264167 0.486250 0.078333 0.175000
0 -1  0.226667 0.453750 0.056667 0.130000
0 -1  0.187500 0.449375 0.038333 0.113750
0 -1  0.012500 0.435625 0.021667 0.068750
0 -1  0.139167 0.453750 0.051667 0.137500
0 -1  0.168333 0.466875 0.053333 0.146250
0 -1  0.072500 0.557500 0.141667 0.385000
