0 4627 0.525000 0.387500 0.250000 0.500000
0 4628 0.891667 0.328125 0.183333 0.368750
0 -1  0.023333 0.271250 0.026667 0.082500
0 -1  0.238333 0.304375 0.060000 0.171250
0 -1  0.284167 0.315000 0.065000 0.180000
0 -1  0.343333 0.275625 0.043333 0.118750
0 -1  0.367500 0.263750 0.028333 0.070000
0 -1  0.407500 0.299375 0.068333 0.156250
0 -1  0.446667 0.328125 0.106667 0.291250
0 -1  0.605000 0.266875 0.030000 0.093750
0 -1  0.657500 0.283750 0.045000 0.130000
0 -1  0.686667 0.265000 0.030000 0.095000
0 -1  0.805833 0.238125 0.018333 0.046250
0 -1  0.823333 0.238750 0.020000 0.052500
0 -1  0.305000 0.256875 0.016667 0.051250
0 -1  0.145000 0.456250 0.196667 0.525000
