0 4625 0.651667 0.416250 0.270000 0.605000
0 4626 0.373333 0.336250 0.166667 0.377500
0 -1  0.042500 0.235625 0.038333 0.111250
0 -1  0.087500 0.290000 0.078333 0.250000
0 -1  0.180833 0.238750 0.035000 0.152500
0 -1  0.160833 0.318125 0.091667 0.211250
0 -1  0.240000 0.303125 0.073333 0.298750
0 -1  0.305833 0.305625 0.091667 0.308750
0 -1  0.444167 0.256250 0.051667 0.172500
0 -1  0.479167 0.240625 0.038333 0.098750
0 -1  0.780000 0.235000 0.033333 0.092500
0 -1  0.862500 0.234375 0.041667 0.121250
0 -1  0.903333 0.238125 0.043333 0.133750
0 -1  0.950000 0.270625 0.076667 0.211250
0 -1  0.555000 0.321250 0.076667 0.282500
