0 4627 0.420833 0.257500 0.101667 0.202500
0 4628 0.537500 0.257500 0.091667 0.200000
0 -1  0.055833 0.245625 0.058333 0.138750
0 -1  0.089167 0.247500 0.051667 0.145000
0 -1  0.185833 0.223125 0.031667 0.086250
0 -1  0.214167 0.245625 0.045000 0.121250
0 -1  0.257500 0.219375 0.028333 0.073750
0 -1  0.267500 0.242500 0.035000 0.110000
0 -1  0.297500 0.235625 0.035000 0.108750
0 -1  0.330000 0.226875 0.026667 0.076250
0 -1  0.345000 0.216875 0.020000 0.063750
0 -1  0.372500 0.223125 0.025000 0.073750
0 -1  0.501667 0.230625 0.026667 0.078750
0 -1  0.604167 0.246875 0.048333 0.151250
0 -1  0.650000 0.224375 0.030000 0.091250
0 -1  0.721667 0.236250 0.030000 0.095000
0 -1  0.757500 0.238125 0.038333 0.123750
0 -1  0.915833 0.397500 0.158333 0.610000
