0 4632 0.399167 0.316875 0.155000 0.311250
0 4633 0.622500 0.310000 0.115000 0.232500
0 -1  0.069167 0.204375 0.025000 0.073750
0 -1  0.104167 0.245625 0.041667 0.123750
0 -1  0.138333 0.266250 0.083333 0.217500
0 -1  0.247500 0.227500 0.035000 0.090000
0 -1  0.263333 0.236250 0.030000 0.097500
0 -1  0.285833 0.237500 0.038333 0.120000
0 -1  0.310833 0.234375 0.038333 0.101250
0 -1  0.370000 0.244375 0.056667 0.123750
0 -1  0.475833 0.253125 0.041667 0.138750
0 -1  0.523333 0.243750 0.040000 0.112500
0 -1  0.528333 0.256875 0.043333 0.133750
0 -1  0.587500 0.241250 0.045000 0.102500
0 -1  0.665000 0.286875 0.076667 0.218750
0 -1  0.703333 0.253125 0.050000 0.136250
0 -1  0.733333 0.238750 0.033333 0.085000
