0 4632 0.154167 0.477500 0.305000 0.645000
0 4633 0.776667 0.496250 0.320000 0.685000
0 -1  0.192500 0.285625 0.061667 0.136250
0 -1  0.221667 0.267500 0.036667 0.097500
0 -1  0.298333 0.266875 0.036667 0.088750
0 -1  0.323333 0.260000 0.033333 0.082500
0 -1  0.350833 0.268125 0.035000 0.093750
0 -1  0.395000 0.293125 0.056667 0.143750
0 -1  0.415000 0.275625 0.063333 0.126250
0 -1  0.480833 0.273125 0.055000 0.141250
0 -1  0.540000 0.250625 0.046667 0.131250
0 -1  0.561667 0.290625 0.056667 0.156250
0 -1  0.587500 0.258750 0.038333 0.097500
0 -1  0.635833 0.270000 0.058333 0.142500
0 -1  0.704167 0.261250 0.041667 0.122500
0 -1  0.928333 0.258750 0.050000 0.142500
0 -1  0.024167 0.283125 0.041667 0.111250
