0 4631 0.411667 0.306250 0.120000 0.240000
0 -1  0.059167 0.270000 0.058333 0.137500
0 -1  0.115833 0.275000 0.078333 0.170000
0 -1  0.147500 0.246250 0.035000 0.085000
0 -1  0.185833 0.254375 0.055000 0.123750
0 -1  0.211667 0.231250 0.030000 0.067500
0 -1  0.279167 0.251250 0.075000 0.152500
0 -1  0.287500 0.299375 0.078333 0.213750
0 -1  0.450000 0.221250 0.030000 0.077500
0 -1  0.483333 0.230625 0.030000 0.093750
0 -1  0.509167 0.235000 0.045000 0.122500
0 -1  0.530833 0.252500 0.055000 0.165000
0 -1  0.597500 0.221250 0.038333 0.092500
0 -1  0.641667 0.236250 0.043333 0.117500
0 -1  0.761667 0.237500 0.046667 0.145000
0 -1  0.570833 0.194375 0.015000 0.031250
0 -1  0.883333 0.267500 0.080000 0.257500
