0 4634 0.174167 0.353125 0.188333 0.376250
0 4635 0.371667 0.401875 0.256667 0.513750
0 -1  0.046667 0.351875 0.090000 0.341250
0 -1  0.058333 0.263125 0.056667 0.136250
0 -1  0.121667 0.245000 0.040000 0.100000
0 -1  0.215000 0.293125 0.073333 0.221250
0 -1  0.283333 0.296250 0.090000 0.235000
0 -1  0.462500 0.332500 0.108333 0.292500
0 -1  0.543333 0.284375 0.060000 0.161250
0 -1  0.487500 0.283750 0.075000 0.215000
0 -1  0.665000 0.288125 0.060000 0.163750
0 -1  0.700833 0.253750 0.025000 0.075000
0 -1  0.763333 0.251875 0.030000 0.086250
0 -1  0.792500 0.253125 0.035000 0.078750
0 -1  0.838333 0.253750 0.023333 0.065000
0 -1  0.910000 0.266250 0.053333 0.140000
0 -1  0.975833 0.256875 0.031667 0.088750
