0 4641 0.664167 0.263750 0.181667 0.400000
0 4642 0.801667 0.248750 0.150000 0.302500
0 -1  0.065000 0.171875 0.056667 0.143750
0 -1  0.099167 0.215625 0.081667 0.233750
0 -1  0.159167 0.165625 0.041667 0.103750
0 -1  0.233333 0.195625 0.093333 0.273750
0 -1  0.212500 0.222500 0.131667 0.345000
0 -1  0.295000 0.201250 0.060000 0.180000
0 -1  0.320833 0.209375 0.058333 0.193750
0 -1  0.543333 0.190000 0.086667 0.212500
0 -1  0.560000 0.223125 0.083333 0.246250
0 -1  0.874167 0.213750 0.095000 0.265000
0 -1  0.959167 0.229375 0.081667 0.228750
0 -1  0.930000 0.200000 0.040000 0.137500
