0 4640 0.577500 0.376250 0.258333 0.560000
0 4854 0.861667 0.506250 0.266667 0.690000
0 4873 0.277500 0.358750 0.155000 0.335000
0 -1  0.064167 0.314375 0.068333 0.163750
0 -1  0.132500 0.353750 0.095000 0.320000
0 -1  0.204167 0.290625 0.075000 0.156250
0 -1  0.335000 0.275625 0.040000 0.103750
0 -1  0.394167 0.373750 0.115000 0.382500
0 -1  0.485833 0.320625 0.071667 0.236250
0 -1  0.658333 0.311875 0.056667 0.228750
0 -1  0.728333 0.300625 0.063333 0.168750
0 -1  0.759167 0.268750 0.028333 0.105000
0 -1  0.793333 0.267500 0.040000 0.102500
