0 4636 0.592500 0.320625 0.155000 0.311250
0 -1  0.030833 0.246875 0.058333 0.141250
0 -1  0.053333 0.252500 0.066667 0.162500
0 -1  0.105833 0.228125 0.035000 0.091250
0 -1  0.114167 0.221250 0.028333 0.072500
0 -1  0.152500 0.236875 0.045000 0.116250
0 -1  0.176667 0.218125 0.020000 0.056250
0 -1  0.190833 0.232500 0.025000 0.085000
0 -1  0.556667 0.239375 0.043333 0.113750
0 -1  0.524167 0.228750 0.028333 0.082500
0 -1  0.489167 0.243750 0.028333 0.120000
0 -1  0.443333 0.247500 0.036667 0.115000
0 -1  0.414167 0.262500 0.071667 0.192500
0 -1  0.376667 0.243750 0.043333 0.152500
0 -1  0.328333 0.282500 0.083333 0.285000
0 -1  0.640000 0.248750 0.043333 0.130000
0 -1  0.689167 0.209375 0.015000 0.033750
0 -1  0.745833 0.213125 0.021667 0.061250
0 -1  0.781667 0.245000 0.040000 0.122500
0 -1  0.827500 0.250000 0.051667 0.142500
0 -1  0.951667 0.287500 0.083333 0.222500
0 -1  0.896667 0.223750 0.030000 0.060000
0 -1  0.925833 0.216875 0.025000 0.056250
