0 4639 0.273333 0.540000 0.393333 0.892500
0 -1  0.042500 0.308750 0.041667 0.127500
0 -1  0.087500 0.320000 0.041667 0.132500
0 -1  0.145833 0.295625 0.038333 0.088750
0 -1  0.470833 0.337500 0.085000 0.277500
0 -1  0.434167 0.390000 0.111667 0.370000
0 -1  0.704167 0.338125 0.051667 0.171250
0 -1  0.721667 0.306250 0.053333 0.145000
0 -1  0.785000 0.325625 0.063333 0.171250
0 -1  0.755000 0.370625 0.090000 0.266250
0 -1  0.814167 0.308125 0.038333 0.106250
0 -1  0.836667 0.305625 0.040000 0.116250
0 -1  0.860000 0.324375 0.050000 0.136250
0 -1  0.875000 0.326250 0.056667 0.145000
0 -1  0.938333 0.333125 0.070000 0.168750
