0 4645 0.536667 0.262500 0.120000 0.265000
0 4646 0.707500 0.276875 0.108333 0.243750
0 4647 0.186667 0.483125 0.353333 0.806250
0 -1  0.250000 0.256250 0.060000 0.172500
0 -1  0.321667 0.228125 0.040000 0.098750
0 -1  0.414167 0.250000 0.078333 0.220000
0 -1  0.642500 0.209375 0.038333 0.078750
0 -1  0.664167 0.246875 0.051667 0.158750
0 -1  0.769167 0.249375 0.075000 0.191250
0 -1  0.802500 0.228750 0.048333 0.140000
0 -1  0.841667 0.193750 0.020000 0.050000
0 -1  0.935833 0.199375 0.021667 0.073750
