0 4647 0.157500 0.353750 0.208333 0.417500
0 4682 0.752500 0.293125 0.131667 0.271250
0 4683 0.605833 0.278125 0.121667 0.261250
0 -1  0.310000 0.215625 0.036667 0.076250
0 -1  0.277500 0.230625 0.025000 0.051250
0 -1  0.435833 0.231875 0.055000 0.131250
0 -1  0.468333 0.221875 0.056667 0.141250
0 -1  0.493333 0.241250 0.063333 0.127500
0 -1  0.552500 0.223750 0.051667 0.152500
0 -1  0.733333 0.247500 0.060000 0.155000
0 -1  0.827500 0.238750 0.065000 0.182500
0 -1  0.930833 0.215625 0.031667 0.106250
