0 4657 0.593333 0.386875 0.183333 0.368750
0 4658 0.117500 0.318125 0.135000 0.283750
0 -1  0.035833 0.274375 0.065000 0.161250
0 -1  0.062500 0.265625 0.061667 0.163750
0 -1  0.313333 0.260000 0.030000 0.067500
0 -1  0.290833 0.269375 0.021667 0.056250
0 -1  0.382500 0.316875 0.071667 0.208750
0 -1  0.525000 0.283750 0.043333 0.115000
0 -1  0.694167 0.288125 0.051667 0.151250
0 -1  0.719167 0.297500 0.045000 0.157500
0 -1  0.760000 0.300625 0.060000 0.161250
0 -1  0.814167 0.301875 0.078333 0.213750
0 -1  0.870000 0.290625 0.056667 0.126250
0 -1  0.921667 0.278750 0.030000 0.080000
