0 4650 0.665000 0.316250 0.186667 0.420000
0 4653 0.453333 0.253125 0.066667 0.153750
0 4654 0.821667 0.268125 0.100000 0.203750
0 -1  0.041667 0.271875 0.066667 0.218750
0 -1  0.128333 0.321250 0.063333 0.130000
0 -1  0.166667 0.245000 0.063333 0.152500
0 -1  0.218333 0.248125 0.060000 0.128750
0 -1  0.364167 0.292500 0.091667 0.202500
0 -1  0.520000 0.240625 0.016667 0.053750
0 -1  0.550833 0.230625 0.025000 0.071250
0 -1  0.610000 0.230000 0.030000 0.082500
0 -1  0.761667 0.250000 0.040000 0.120000
0 -1  0.896667 0.250625 0.046667 0.118750
0 -1  0.948333 0.273750 0.080000 0.205000
