0 4655 0.639167 0.276250 0.148333 0.297500
0 4656 0.721667 0.328750 0.106667 0.215000
0 -1  0.015833 0.198750 0.028333 0.080000
0 -1  0.049167 0.240625 0.065000 0.158750
0 -1  0.136667 0.230625 0.053333 0.123750
0 -1  0.175000 0.225625 0.046667 0.126250
0 -1  0.272500 0.231875 0.055000 0.138750
0 -1  0.465833 0.260625 0.078333 0.241250
0 -1  0.524167 0.205000 0.028333 0.070000
0 -1  0.573333 0.216250 0.033333 0.077500
0 -1  0.715000 0.203750 0.030000 0.070000
0 -1  0.759167 0.250000 0.055000 0.167500
0 -1  0.820000 0.267500 0.063333 0.197500
0 -1  0.856667 0.272500 0.096667 0.232500
0 -1  0.927500 0.218750 0.038333 0.095000
0 -1  0.950000 0.213125 0.026667 0.073750
0 -1  0.971667 0.297500 0.053333 0.252500
