0 4664 0.635000 0.220000 0.063333 0.135000
0 4874 0.560833 0.266875 0.091667 0.203750
0 4875 0.703333 0.262500 0.090000 0.205000
0 -1  0.184167 0.213125 0.035000 0.083750
0 -1  0.390000 0.215625 0.030000 0.086250
0 -1  0.525833 0.199375 0.011667 0.043750
0 -1  0.546667 0.192500 0.010000 0.032500
0 -1  0.816667 0.237500 0.043333 0.110000
0 -1  0.900833 0.255000 0.071667 0.195000
0 -1  0.945000 0.236875 0.046667 0.118750
0 -1  0.965833 0.227500 0.041667 0.117500
0 -1  0.061667 0.336250 0.120000 0.427500
