0 4659 0.647500 0.310000 0.168333 0.337500
0 4660 0.556667 0.289375 0.103333 0.253750
0 -1  0.083333 0.270000 0.070000 0.167500
0 -1  0.106667 0.273750 0.053333 0.145000
0 -1  0.336667 0.272500 0.050000 0.137500
0 -1  0.360833 0.236875 0.028333 0.071250
0 -1  0.429167 0.245000 0.048333 0.120000
0 -1  0.457500 0.263125 0.061667 0.166250
0 -1  0.515833 0.253750 0.055000 0.150000
0 -1  0.703333 0.251250 0.053333 0.140000
0 -1  0.752500 0.257500 0.058333 0.157500
0 -1  0.870833 0.242500 0.055000 0.152500
0 -1  0.907500 0.226250 0.038333 0.092500
0 -1  0.960833 0.231250 0.041667 0.102500
