0 4661 0.529167 0.300000 0.161667 0.325000
0 4662 0.722500 0.315000 0.185000 0.370000
0 -1  0.040833 0.221250 0.025000 0.072500
0 -1  0.120833 0.218125 0.038333 0.093750
0 -1  0.025833 0.248750 0.048333 0.170000
0 -1  0.178333 0.233125 0.036667 0.123750
0 -1  0.212500 0.248125 0.058333 0.163750
0 -1  0.309167 0.251250 0.061667 0.150000
0 -1  0.390833 0.233750 0.038333 0.100000
0 -1  0.485833 0.273750 0.071667 0.202500
0 -1  0.605833 0.226250 0.038333 0.077500
0 -1  0.657500 0.218125 0.021667 0.058750
0 -1  0.640000 0.221875 0.026667 0.053750
0 -1  0.815000 0.220625 0.023333 0.061250
0 -1  0.980000 0.219375 0.013333 0.041250
0 -1  0.963333 0.213750 0.013333 0.030000
