0 4661 0.520833 0.256250 0.085000 0.212500
0 4662 0.577500 0.246250 0.085000 0.182500
0 4663 0.175833 0.238125 0.078333 0.158750
0 -1  0.025833 0.218125 0.048333 0.128750
0 -1  0.093333 0.220625 0.053333 0.121250
0 -1  0.375833 0.208125 0.028333 0.066250
0 -1  0.408333 0.233750 0.043333 0.105000
0 -1  0.464167 0.239375 0.045000 0.123750
0 -1  0.702500 0.253750 0.048333 0.167500
0 -1  0.718333 0.234375 0.053333 0.131250
0 -1  0.639167 0.210000 0.025000 0.070000
0 -1  0.803333 0.247500 0.043333 0.110000
0 -1  0.961667 0.220000 0.030000 0.065000
0 -1  0.874167 0.381875 0.155000 0.466250
