0 4667 0.151667 0.216875 0.113333 0.228750
0 4673 0.846667 0.309375 0.153333 0.308750
0 4674 0.280833 0.258750 0.191667 0.385000
0 -1  0.039167 0.181875 0.061667 0.201250
0 -1  0.086667 0.154375 0.040000 0.103750
0 -1  0.189167 0.164375 0.035000 0.138750
0 -1  0.397500 0.186250 0.045000 0.127500
0 -1  0.512500 0.251875 0.091667 0.298750
0 -1  0.695000 0.253750 0.090000 0.287500
0 -1  0.724167 0.266875 0.165000 0.391250
0 -1  0.813333 0.243125 0.073333 0.208750
0 -1  0.947500 0.262500 0.105000 0.247500
0 -1  0.570000 0.201250 0.033333 0.122500
