0 4666 0.545000 0.339375 0.156667 0.343750
0 4668 0.184167 0.295625 0.098333 0.198750
0 4669 0.692500 0.365000 0.198333 0.420000
0 -1  0.255833 0.266875 0.055000 0.116250
0 -1  0.302500 0.263125 0.038333 0.091250
0 -1  0.330000 0.286250 0.043333 0.155000
0 -1  0.359167 0.276875 0.038333 0.136250
0 -1  0.375833 0.261875 0.028333 0.098750
0 -1  0.403333 0.280625 0.053333 0.161250
0 -1  0.445833 0.259375 0.035000 0.101250
0 -1  0.463333 0.276875 0.046667 0.141250
0 -1  0.595833 0.292500 0.058333 0.162500
0 -1  0.770000 0.288125 0.050000 0.126250
0 -1  0.815000 0.313750 0.060000 0.185000
0 -1  0.891667 0.276250 0.033333 0.110000
