0 4667 0.385833 0.355000 0.125000 0.250000
0 -1  0.017500 0.270000 0.028333 0.095000
0 -1  0.115833 0.273750 0.035000 0.090000
0 -1  0.142500 0.293125 0.045000 0.128750
0 -1  0.225000 0.277500 0.040000 0.115000
0 -1  0.254167 0.295000 0.061667 0.172500
0 -1  0.282500 0.285000 0.041667 0.127500
0 -1  0.409167 0.282500 0.035000 0.097500
0 -1  0.605833 0.291875 0.028333 0.108750
0 -1  0.687500 0.299375 0.075000 0.156250
0 -1  0.778333 0.311250 0.056667 0.142500
0 -1  0.805833 0.289375 0.035000 0.093750
0 -1  0.831667 0.285000 0.026667 0.077500
0 -1  0.862500 0.291875 0.038333 0.108750
0 -1  0.904167 0.296875 0.051667 0.111250
0 -1  0.960833 0.296250 0.051667 0.135000
