0 4666 0.293333 0.211875 0.110000 0.233750
0 4667 0.131667 0.219375 0.103333 0.223750
0 4673 0.498333 0.298750 0.166667 0.335000
0 4675 0.678333 0.241875 0.123333 0.248750
0 -1  0.024167 0.214375 0.045000 0.281250
0 -1  0.042500 0.141875 0.025000 0.056250
0 -1  0.344167 0.186250 0.041667 0.117500
0 -1  0.254167 0.212500 0.055000 0.190000
0 -1  0.460833 0.251250 0.095000 0.292500
0 -1  0.537500 0.228750 0.088333 0.290000
0 -1  0.710833 0.222500 0.058333 0.157500
0 -1  0.860833 0.229375 0.068333 0.168750
0 -1  0.845000 0.266875 0.083333 0.198750
0 -1  0.925000 0.246875 0.060000 0.171250
0 -1  0.975000 0.226875 0.043333 0.133750
0 -1  0.617500 0.182500 0.021667 0.057500
