0 4667 0.830000 0.265000 0.140000 0.282500
0 4678 0.478333 0.211875 0.143333 0.288750
0 -1  0.020833 0.182500 0.038333 0.207500
0 -1  0.059167 0.176250 0.055000 0.165000
0 -1  0.143333 0.162500 0.046667 0.112500
0 -1  0.347500 0.167500 0.041667 0.105000
0 -1  0.519167 0.196250 0.048333 0.185000
0 -1  0.560833 0.206875 0.058333 0.181250
0 -1  0.586667 0.179375 0.036667 0.108750
0 -1  0.623333 0.180625 0.033333 0.101250
0 -1  0.690000 0.209375 0.066667 0.193750
0 -1  0.725833 0.203750 0.048333 0.122500
0 -1  0.745000 0.171875 0.030000 0.083750
0 -1  0.760000 0.171250 0.020000 0.067500
0 -1  0.886667 0.209375 0.050000 0.181250
