0 4682 0.538333 0.221875 0.083333 0.166250
0 4683 0.428333 0.215000 0.080000 0.172500
0 -1  0.040000 0.183125 0.040000 0.118750
0 -1  0.045000 0.196250 0.036667 0.112500
0 -1  0.073333 0.180625 0.040000 0.131250
0 -1  0.132500 0.191875 0.055000 0.146250
0 -1  0.595833 0.168125 0.018333 0.043750
0 -1  0.610000 0.168125 0.016667 0.043750
0 -1  0.597500 0.174375 0.015000 0.046250
0 -1  0.621667 0.171875 0.013333 0.043750
0 -1  0.733333 0.221875 0.070000 0.181250
0 -1  0.840000 0.239375 0.066667 0.186250
0 -1  0.941667 0.222500 0.076667 0.195000
