0 4677 0.325833 0.333750 0.211667 0.422500
0 -1  0.840833 0.298125 0.081667 0.183750
0 -1  0.022500 0.254375 0.041667 0.101250
0 -1  0.045000 0.270000 0.036667 0.107500
0 -1  0.148333 0.276875 0.033333 0.116250
0 -1  0.190000 0.271875 0.036667 0.126250
0 -1  0.237500 0.275000 0.041667 0.125000
0 -1  0.422500 0.268125 0.035000 0.091250
0 -1  0.456667 0.264375 0.033333 0.116250
0 -1  0.491667 0.263750 0.033333 0.092500
0 -1  0.735833 0.291875 0.055000 0.143750
0 -1  0.898333 0.304375 0.053333 0.171250
