0 4670 0.290000 0.265625 0.133333 0.291250
0 4671 0.208333 0.256875 0.106667 0.248750
0 4672 0.444167 0.296250 0.185000 0.377500
0 -1  0.064167 0.324375 0.125000 0.371250
0 -1  0.075833 0.193125 0.028333 0.066250
0 -1  0.101667 0.208750 0.036667 0.097500
0 -1  0.342500 0.265000 0.065000 0.215000
0 -1  0.165000 0.222500 0.056667 0.180000
0 -1  0.507500 0.233125 0.058333 0.163750
0 -1  0.550833 0.232500 0.055000 0.170000
0 -1  0.595833 0.206875 0.035000 0.108750
0 -1  0.620833 0.232500 0.041667 0.117500
0 -1  0.641667 0.226250 0.043333 0.122500
0 -1  0.675000 0.216875 0.026667 0.103750
0 -1  0.713333 0.225625 0.053333 0.136250
0 -1  0.748333 0.220625 0.046667 0.128750
0 -1  0.808333 0.245000 0.066667 0.187500
0 -1  0.845000 0.196875 0.023333 0.058750
0 -1  0.880833 0.221250 0.041667 0.125000
0 -1  0.967500 0.205625 0.035000 0.098750
0 -1  0.941667 0.231250 0.046667 0.127500
