0 4691 0.312500 0.399375 0.125000 0.251250
0 4692 0.614167 0.372500 0.121667 0.267500
0 4693 0.756667 0.367500 0.090000 0.182500
0 4694 0.887500 0.367500 0.108333 0.242500
0 -1  0.098333 0.386875 0.060000 0.131250
0 -1  0.140833 0.361250 0.045000 0.107500
0 -1  0.176667 0.383750 0.066667 0.170000
0 -1  0.254167 0.403125 0.041667 0.086250
0 -1  0.369167 0.393750 0.091667 0.187500
0 -1  0.447500 0.430625 0.048333 0.118750
0 -1  0.558333 0.378750 0.076667 0.190000
0 -1  0.850000 0.350000 0.046667 0.135000
0 -1  0.835000 0.398125 0.066667 0.148750
0 -1  0.954167 0.349375 0.058333 0.151250
