0 4691 0.402500 0.386250 0.121667 0.245000
0 4692 0.485833 0.367500 0.115000 0.230000
0 4693 0.598333 0.366875 0.086667 0.173750
0 4694 0.787500 0.358750 0.091667 0.215000
0 -1  0.040000 0.384375 0.076667 0.146250
0 -1  0.093333 0.407500 0.040000 0.087500
0 -1  0.264167 0.392500 0.068333 0.192500
0 -1  0.300000 0.366875 0.046667 0.136250
0 -1  0.640000 0.345625 0.046667 0.118750
0 -1  0.679167 0.356875 0.041667 0.111250
0 -1  0.750000 0.345625 0.053333 0.126250
0 -1  0.719167 0.390625 0.058333 0.136250
