0 329 0.340833 0.426250 0.365000 0.842500
0 -1  0.133333 0.181875 0.140000 0.336250
0 -1  0.221667 0.171250 0.120000 0.340000
0 -1  0.780833 0.103750 0.028333 0.085000
0 -1  0.820833 0.108125 0.025000 0.068750
0 -1  0.850000 0.113125 0.026667 0.073750
0 -1  0.595000 0.110625 0.030000 0.071250
0 -1  0.560833 0.112500 0.025000 0.062500
0 -1  0.526667 0.113125 0.026667 0.076250
0 -1  0.487500 0.111250 0.035000 0.077500
0 -1  0.398333 0.109375 0.033333 0.081250
0 -1  0.914167 0.297500 0.028333 0.065000
0 -1  0.917500 0.343750 0.028333 0.070000
0 -1  0.548333 0.311250 0.040000 0.075000
0 -1  0.514167 0.312500 0.025000 0.072500
0 -1  0.660000 0.301250 0.030000 0.077500
