0 32 0.385833 0.480000 0.135000 0.285000
0 -1  0.963333 0.424375 0.063333 0.163750
0 -1  0.888333 0.416250 0.043333 0.125000
0 -1  0.895833 0.375625 0.025000 0.073750
0 -1  0.850000 0.379375 0.023333 0.068750
0 -1  0.843333 0.386875 0.026667 0.068750
0 -1  0.822500 0.413125 0.048333 0.123750
0 -1  0.788333 0.393750 0.040000 0.107500
0 -1  0.494167 0.353750 0.025000 0.057500
0 -1  0.491667 0.367500 0.023333 0.062500
0 -1  0.549167 0.366875 0.021667 0.056250
0 -1  0.575833 0.368125 0.021667 0.061250
0 -1  0.570833 0.383750 0.018333 0.057500
0 -1  0.602500 0.390000 0.038333 0.077500
0 -1  0.529167 0.413125 0.055000 0.143750
0 -1  0.563333 0.433125 0.033333 0.091250
0 -1  0.044167 0.357500 0.031667 0.060000
0 -1  0.159167 0.382500 0.028333 0.070000
0 -1  0.210000 0.356875 0.023333 0.056250
0 -1  0.197500 0.393125 0.038333 0.081250
0 -1  0.246667 0.403125 0.050000 0.146250
