0 4700 0.516667 0.355625 0.110000 0.221250
0 -1  0.019167 0.341250 0.031667 0.075000
0 -1  0.054167 0.350000 0.025000 0.052500
0 -1  0.078333 0.362500 0.026667 0.077500
0 -1  0.156667 0.343125 0.053333 0.133750
0 -1  0.197500 0.346250 0.045000 0.102500
0 -1  0.332500 0.345625 0.048333 0.131250
0 -1  0.400000 0.325000 0.026667 0.062500
0 -1  0.429167 0.325000 0.028333 0.062500
0 -1  0.570833 0.344375 0.061667 0.168750
0 -1  0.632500 0.339375 0.048333 0.171250
0 -1  0.895000 0.328750 0.066667 0.165000
