0 4723 0.056667 0.436875 0.106667 0.216250
0 4724 0.499167 0.431250 0.101667 0.240000
0 -1  0.154167 0.445000 0.065000 0.167500
0 -1  0.205833 0.413125 0.031667 0.073750
0 -1  0.237500 0.435000 0.048333 0.145000
0 -1  0.330000 0.446875 0.036667 0.091250
0 -1  0.389167 0.434375 0.041667 0.118750
0 -1  0.408333 0.431875 0.033333 0.113750
0 -1  0.472500 0.431875 0.071667 0.171250
0 -1  0.573333 0.421875 0.053333 0.126250
0 -1  0.624167 0.431250 0.045000 0.145000
0 -1  0.824167 0.410625 0.045000 0.101250
0 -1  0.884167 0.413750 0.035000 0.097500
0 -1  0.971667 0.429375 0.046667 0.136250
