0 4723 0.282500 0.425000 0.085000 0.170000
0 4724 0.471667 0.430625 0.096667 0.208750
0 -1  0.052500 0.411250 0.051667 0.117500
0 -1  0.101667 0.422500 0.063333 0.157500
0 -1  0.252500 0.418125 0.038333 0.116250
0 -1  0.400000 0.436875 0.060000 0.138750
0 -1  0.586667 0.438750 0.080000 0.167500
0 -1  0.680000 0.421875 0.033333 0.068750
0 -1  0.710833 0.445625 0.041667 0.151250
0 -1  0.807500 0.445000 0.055000 0.155000
0 -1  0.865833 0.450000 0.035000 0.125000
0 -1  0.897500 0.448125 0.031667 0.116250
