0 4812 0.062500 0.358125 0.121667 0.291250
0 -1  0.364167 0.516250 0.345000 0.927500
0 -1  0.494167 0.343750 0.078333 0.210000
0 -1  0.596667 0.330625 0.076667 0.203750
0 -1  0.677500 0.340625 0.131667 0.263750
0 -1  0.228333 0.283125 0.036667 0.096250
0 -1  0.195833 0.285625 0.041667 0.126250
0 -1  0.140000 0.270000 0.030000 0.067500
0 -1  0.090833 0.269375 0.025000 0.061250
0 -1  0.100000 0.325000 0.033333 0.105000
0 -1  0.760000 0.293125 0.040000 0.143750
0 -1  0.799167 0.407500 0.118333 0.380000
0 -1  0.866667 0.344375 0.076667 0.246250
0 -1  0.958333 0.319375 0.076667 0.248750
