0 4811 0.600000 0.144375 0.063333 0.128750
0 -1  0.550000 0.190625 0.090000 0.246250
0 -1  0.670000 0.146250 0.050000 0.127500
0 -1  0.385833 0.215625 0.075000 0.216250
0 -1  0.286667 0.216875 0.083333 0.223750
0 -1  0.245833 0.186875 0.065000 0.218750
0 -1  0.120833 0.303750 0.195000 0.482500
0 -1  0.040000 0.208125 0.076667 0.241250
0 -1  0.323333 0.154375 0.046667 0.146250
0 -1  0.870833 0.153750 0.071667 0.177500
0 -1  0.833333 0.136250 0.043333 0.125000
0 -1  0.783333 0.131875 0.036667 0.103750
0 -1  0.740833 0.115625 0.025000 0.063750
0 -1  0.441667 0.126250 0.033333 0.087500
0 -1  0.485000 0.117500 0.030000 0.077500
