0 4849 0.341667 0.441250 0.073333 0.152500
0 4850 0.483333 0.426250 0.063333 0.127500
0 4867 0.660000 0.556875 0.086667 0.176250
0 -1  0.935000 0.211875 0.026667 0.071250
0 -1  0.900833 0.185000 0.021667 0.052500
0 -1  0.920000 0.210625 0.023333 0.066250
0 -1  0.869167 0.186250 0.018333 0.052500
0 -1  0.885000 0.201875 0.023333 0.068750
0 -1  0.875000 0.199375 0.020000 0.056250
0 -1  0.827500 0.184375 0.021667 0.056250
0 -1  0.827500 0.217500 0.025000 0.075000
0 -1  0.790000 0.182500 0.020000 0.050000
0 -1  0.797500 0.213125 0.025000 0.068750
0 -1  0.775000 0.218750 0.026667 0.070000
0 -1  0.760000 0.188125 0.020000 0.058750
0 -1  0.715833 0.188125 0.025000 0.063750
0 -1  0.685833 0.181875 0.028333 0.058750
0 -1  0.690833 0.221250 0.028333 0.077500
0 -1  0.662500 0.220000 0.021667 0.072500
0 -1  0.524167 0.311250 0.038333 0.105000
0 -1  0.610000 0.294375 0.033333 0.081250
0 -1  0.598333 0.327500 0.036667 0.110000
0 -1  0.644167 0.324375 0.038333 0.106250
0 -1  0.613333 0.440000 0.060000 0.150000
0 -1  0.052500 0.488125 0.078333 0.141250
