0 4855 0.350833 0.284375 0.265000 0.538750
0 -1  0.105833 0.173750 0.085000 0.225000
0 -1  0.181667 0.163750 0.043333 0.137500
0 -1  0.270833 0.180000 0.061667 0.197500
0 -1  0.386667 0.141250 0.020000 0.072500
0 -1  0.420000 0.134375 0.030000 0.081250
0 -1  0.453333 0.147500 0.043333 0.120000
0 -1  0.506667 0.120000 0.013333 0.042500
0 -1  0.528333 0.123750 0.016667 0.057500
0 -1  0.618333 0.139375 0.033333 0.093750
0 -1  0.645833 0.139375 0.021667 0.071250
0 -1  0.668333 0.145000 0.030000 0.092500
0 -1  0.724167 0.143750 0.041667 0.125000
0 -1  0.854167 0.160625 0.051667 0.168750
0 -1  0.793333 0.189375 0.076667 0.258750
