0 32 0.499167 0.465625 0.238333 0.421250
0 33 0.727500 0.392500 0.091667 0.185000
0 -1  0.971667 0.375000 0.050000 0.212500
0 -1  0.932500 0.347500 0.048333 0.135000
0 -1  0.432500 0.312500 0.031667 0.087500
0 -1  0.469167 0.332500 0.058333 0.132500
0 -1  0.576667 0.335625 0.043333 0.121250
0 -1  0.604167 0.352500 0.031667 0.077500
0 -1  0.640000 0.327500 0.033333 0.112500
0 -1  0.650833 0.336875 0.035000 0.103750
0 -1  0.691667 0.335000 0.033333 0.102500
0 -1  0.159167 0.323750 0.038333 0.095000
0 -1  0.116667 0.324375 0.033333 0.096250
0 -1  0.083333 0.318750 0.040000 0.105000
0 -1  0.049167 0.327500 0.045000 0.132500
