0 4966 0.682500 0.577500 0.047500 0.171667
0 5111 0.571250 0.562500 0.057500 0.208333
0 -1  0.325000 0.466667 0.065000 0.233333
0 -1  0.015000 0.569167 0.027500 0.178333
0 -1  0.181250 0.539167 0.027500 0.141667
0 -1  0.246250 0.588333 0.050000 0.253333
0 -1  0.591875 0.550000 0.021250 0.160000
0 -1  0.638750 0.575000 0.025000 0.163333
0 -1  0.616250 0.576667 0.027500 0.170000
0 -1  0.520000 0.579167 0.037500 0.188333
0 -1  0.890000 0.587500 0.035000 0.201667
0 -1  0.760625 0.585833 0.043750 0.201667
0 -1  0.783750 0.602500 0.052500 0.248333
