0 4963 0.545000 0.642500 0.065000 0.231667
0 4964 0.761250 0.577500 0.035000 0.125000
0 4965 0.808750 0.539167 0.025000 0.088333
0 5110 0.496250 0.618333 0.070000 0.246667
0 -1  0.846875 0.517500 0.008750 0.041667
0 -1  0.865000 0.521667 0.010000 0.043333
0 -1  0.849375 0.529167 0.011250 0.058333
0 -1  0.858750 0.535833 0.015000 0.071667
0 -1  0.897500 0.521667 0.010000 0.050000
0 -1  0.919375 0.538333 0.016250 0.083333
0 -1  0.888125 0.537500 0.016250 0.085000
0 -1  0.786250 0.536667 0.015000 0.083333
0 -1  0.584375 0.545000 0.018750 0.090000
0 -1  0.658125 0.544167 0.018750 0.091667
0 -1  0.677500 0.670833 0.072500 0.315000
0 -1  0.354375 0.714167 0.078750 0.395000
0 -1  0.289375 0.644167 0.048750 0.278333
