0 4969 0.875000 0.549167 0.072500 0.258333
0 4971 0.472500 0.538333 0.072500 0.260000
0 -1  0.653750 0.063333 0.025000 0.120000
0 -1  0.630625 0.071667 0.031250 0.126667
0 -1  0.611250 0.068333 0.035000 0.133333
0 -1  0.486875 0.400000 0.018750 0.086667
0 -1  0.435625 0.412500 0.023750 0.098333
0 -1  0.416250 0.406667 0.015000 0.086667
0 -1  0.395625 0.405000 0.021250 0.093333
0 -1  0.383125 0.404167 0.013750 0.075000
0 -1  0.408125 0.556667 0.038750 0.183333
0 -1  0.353125 0.599167 0.031250 0.178333
0 -1  0.147500 0.738333 0.037500 0.196667
0 -1  0.671250 0.423333 0.017500 0.083333
0 -1  0.708750 0.413333 0.017500 0.073333
0 -1  0.683125 0.435000 0.026250 0.123333
0 -1  0.648750 0.443333 0.025000 0.136667
0 -1  0.742500 0.424167 0.015000 0.101667
0 -1  0.694375 0.463333 0.041250 0.166667
0 -1  0.760625 0.452500 0.023750 0.108333
