0 4977 0.317500 0.552500 0.105000 0.375000
0 -1  0.798750 0.452500 0.025000 0.095000
0 -1  0.741250 0.534167 0.060000 0.241667
0 -1  0.804375 0.606667 0.078750 0.303333
0 -1  0.725625 0.590833 0.068750 0.305000
0 -1  0.662500 0.568333 0.065000 0.306667
0 -1  0.595000 0.486667 0.035000 0.160000
0 -1  0.548750 0.558333 0.110000 0.376667
0 -1  0.351250 0.450833 0.060000 0.211667
0 -1  0.435625 0.518333 0.068750 0.293333
0 -1  0.455000 0.560833 0.075000 0.351667
0 -1  0.934375 0.581667 0.123750 0.430000
