0 4978 0.379375 0.640833 0.058750 0.211667
0 -1  0.671875 0.574167 0.016250 0.068333
0 -1  0.640000 0.571667 0.015000 0.063333
0 -1  0.610625 0.584167 0.023750 0.078333
0 -1  0.577500 0.572500 0.015000 0.081667
0 -1  0.559375 0.578333 0.016250 0.070000
0 -1  0.465000 0.562500 0.015000 0.065000
0 -1  0.399375 0.562500 0.016250 0.085000
0 -1  0.367500 0.566667 0.015000 0.070000
0 -1  0.689375 0.589167 0.018750 0.088333
0 -1  0.695625 0.599167 0.021250 0.098333
0 -1  0.885000 0.596667 0.015000 0.066667
0 -1  0.899375 0.596667 0.016250 0.073333
0 -1  0.966250 0.615000 0.022500 0.093333
0 -1  0.985625 0.611667 0.018750 0.083333
0 -1  0.766250 0.657500 0.042500 0.165000
