0 4978 0.429375 0.510000 0.046250 0.163333
0 -1  0.468125 0.470833 0.021250 0.095000
0 -1  0.475000 0.491667 0.022500 0.103333
0 -1  0.256250 0.572500 0.020000 0.088333
0 -1  0.261875 0.595000 0.021250 0.090000
0 -1  0.306250 0.643333 0.027500 0.103333
0 -1  0.150000 0.740000 0.022500 0.096667
0 -1  0.101875 0.763333 0.026250 0.110000
0 -1  0.116250 0.782500 0.025000 0.125000
0 -1  0.133750 0.787500 0.030000 0.128333
0 -1  0.160625 0.804167 0.031250 0.128333
0 -1  0.163750 0.860833 0.032500 0.131667
0 -1  0.130000 0.910833 0.040000 0.148333
0 -1  0.269375 0.830833 0.041250 0.135000
0 -1  0.304375 0.784167 0.021250 0.128333
0 -1  0.323125 0.794167 0.026250 0.125000
0 -1  0.454375 0.830833 0.026250 0.121667
0 -1  0.413750 0.891667 0.042500 0.150000
0 -1  0.652500 0.826667 0.027500 0.106667
