0 4976 0.729375 0.637500 0.116250 0.415000
0 -1  0.919375 0.564167 0.048750 0.218333
0 -1  0.862500 0.587500 0.032500 0.158333
0 -1  0.838125 0.516667 0.038750 0.183333
0 -1  0.804375 0.522500 0.028750 0.175000
0 -1  0.753750 0.497500 0.032500 0.161667
0 -1  0.706875 0.500833 0.031250 0.155000
0 -1  0.676250 0.497500 0.027500 0.128333
0 -1  0.655625 0.505000 0.026250 0.150000
0 -1  0.625625 0.489167 0.026250 0.125000
0 -1  0.607500 0.481667 0.015000 0.130000
0 -1  0.596875 0.487500 0.021250 0.125000
0 -1  0.571875 0.503333 0.021250 0.146667
0 -1  0.558750 0.510833 0.030000 0.205000
0 -1  0.532500 0.520000 0.040000 0.206667
0 -1  0.500625 0.511667 0.038750 0.186667
0 -1  0.466875 0.493333 0.023750 0.170000
0 -1  0.455625 0.520000 0.043750 0.206667
0 -1  0.315625 0.470000 0.026250 0.126667
0 -1  0.290625 0.475833 0.021250 0.135000
0 -1  0.276250 0.501667 0.035000 0.173333
0 -1  0.220000 0.465000 0.022500 0.113333
0 -1  0.205625 0.506667 0.038750 0.183333
0 -1  0.146875 0.491667 0.028750 0.176667
0 -1  0.059375 0.489167 0.048750 0.178333
0 -1  0.016875 0.505833 0.031250 0.198333
0 -1  0.147500 0.712500 0.165000 0.571667
0 -1  0.775000 0.571667 0.062500 0.283333
