0 4982 0.716250 0.652500 0.057500 0.208333
0 4983 0.572500 0.535000 0.075000 0.266667
0 -1  0.381250 0.436667 0.025000 0.086667
0 -1  0.338125 0.424167 0.021250 0.088333
0 -1  0.318125 0.414167 0.016250 0.071667
0 -1  0.303750 0.419167 0.012500 0.081667
0 -1  0.296875 0.420000 0.016250 0.086667
0 -1  0.274375 0.425000 0.016250 0.080000
0 -1  0.246250 0.421667 0.017500 0.083333
0 -1  0.216250 0.425000 0.015000 0.083333
0 -1  0.225000 0.429167 0.017500 0.078333
0 -1  0.194375 0.425000 0.018750 0.080000
0 -1  0.167500 0.433333 0.022500 0.096667
0 -1  0.246250 0.459167 0.040000 0.155000
0 -1  0.469375 0.502500 0.048750 0.195000
0 -1  0.026875 0.497500 0.038750 0.211667
