0 4989 0.595833 0.455000 0.168333 0.340000
0 4990 0.466667 0.426875 0.123333 0.246250
0 4991 0.359167 0.422500 0.118333 0.237500
0 -1  0.270833 0.347500 0.035000 0.077500
0 -1  0.236667 0.355625 0.043333 0.113750
0 -1  0.148333 0.346250 0.033333 0.087500
0 -1  0.190833 0.355000 0.048333 0.120000
0 -1  0.068333 0.344375 0.030000 0.088750
0 -1  0.091667 0.361250 0.053333 0.125000
0 -1  0.117500 0.367500 0.051667 0.132500
0 -1  0.048333 0.370625 0.053333 0.153750
0 -1  0.419167 0.348750 0.031667 0.087500
0 -1  0.521667 0.347500 0.033333 0.082500
0 -1  0.957500 0.343750 0.041667 0.082500
0 -1  0.867500 0.343750 0.035000 0.070000
0 -1  0.770833 0.349375 0.038333 0.083750
0 -1  0.736667 0.355625 0.040000 0.113750
0 -1  0.816667 0.366875 0.056667 0.121250
0 -1  0.685000 0.424375 0.086667 0.253750
