0 4989 0.178125 0.515000 0.101250 0.360000
0 4991 0.103750 0.562500 0.120000 0.428333
0 4996 0.883750 0.631667 0.152500 0.543333
0 -1  0.079375 0.432500 0.031250 0.145000
0 -1  0.155000 0.522500 0.070000 0.328333
0 -1  0.272500 0.452500 0.047500 0.215000
0 -1  0.316875 0.602500 0.096250 0.478333
0 -1  0.671250 0.440833 0.027500 0.158333
0 -1  0.654375 0.466667 0.033750 0.223333
0 -1  0.631875 0.467500 0.046250 0.245000
0 -1  0.602500 0.490833 0.055000 0.271667
0 -1  0.539375 0.500833 0.048750 0.278333
0 -1  0.842500 0.444167 0.045000 0.218333
0 -1  0.826875 0.500000 0.038750 0.196667
0 -1  0.792500 0.488333 0.052500 0.283333
