0 4994 0.436250 0.487500 0.130000 0.461667
0 4995 0.633750 0.609167 0.160000 0.571667
0 -1  0.858125 0.430000 0.096250 0.343333
0 -1  0.765625 0.340833 0.026250 0.115000
0 -1  0.735625 0.343333 0.028750 0.126667
0 -1  0.779375 0.345000 0.026250 0.120000
0 -1  0.819375 0.362500 0.041250 0.165000
0 -1  0.716250 0.367500 0.045000 0.178333
0 -1  0.670625 0.357500 0.033750 0.135000
0 -1  0.595625 0.372500 0.043750 0.158333
0 -1  0.516875 0.375000 0.048750 0.196667
0 -1  0.909375 0.415000 0.063750 0.290000
