0 4989 0.210625 0.519167 0.088750 0.315000
0 4990 0.451250 0.562500 0.095000 0.338333
0 4991 0.391250 0.510000 0.070000 0.250000
0 4993 0.876250 0.514167 0.067500 0.241667
0 -1  0.811250 0.438333 0.027500 0.110000
0 -1  0.835625 0.448333 0.028750 0.116667
0 -1  0.750625 0.435000 0.026250 0.093333
0 -1  0.706250 0.461667 0.027500 0.160000
0 -1  0.641250 0.446667 0.027500 0.130000
0 -1  0.621875 0.448333 0.031250 0.133333
0 -1  0.580625 0.441667 0.026250 0.130000
0 -1  0.484375 0.457500 0.038750 0.165000
0 -1  0.532500 0.492500 0.042500 0.238333
0 -1  0.615625 0.496667 0.048750 0.200000
0 -1  0.682500 0.495000 0.062500 0.236667
0 -1  0.140000 0.434167 0.025000 0.108333
0 -1  0.085000 0.475833 0.055000 0.195000
0 -1  0.059375 0.621667 0.116250 0.533333
