0 4999 0.616875 0.624167 0.043750 0.155000
0 -1  0.215625 0.575833 0.046250 0.165000
0 -1  0.305000 0.762500 0.057500 0.205000
0 -1  0.758125 0.387500 0.023750 0.101667
0 -1  0.743125 0.393333 0.026250 0.093333
0 -1  0.659375 0.426667 0.028750 0.106667
0 -1  0.616250 0.445833 0.030000 0.095000
0 -1  0.945000 0.542500 0.042500 0.115000
0 -1  0.915625 0.583333 0.038750 0.130000
0 -1  0.548125 0.542500 0.026250 0.115000
0 -1  0.544375 0.563333 0.026250 0.123333
0 -1  0.458125 0.247500 0.016250 0.071667
0 -1  0.477500 0.256667 0.015000 0.073333
0 -1  0.453125 0.330000 0.018750 0.080000
0 -1  0.431250 0.313333 0.020000 0.093333
0 -1  0.410000 0.337500 0.022500 0.098333
0 -1  0.360000 0.340833 0.025000 0.098333
0 -1  0.316250 0.340833 0.030000 0.101667
