0 5000 0.583750 0.479167 0.090000 0.321667
0 -1  0.628125 0.342500 0.016250 0.078333
0 -1  0.644375 0.354167 0.023750 0.088333
0 -1  0.660000 0.422500 0.035000 0.208333
0 -1  0.704375 0.410833 0.038750 0.171667
0 -1  0.769375 0.375000 0.033750 0.120000
0 -1  0.831250 0.445000 0.052500 0.213333
0 -1  0.801250 0.469167 0.062500 0.251667
0 -1  0.670000 0.458333 0.065000 0.286667
0 -1  0.514375 0.355000 0.023750 0.110000
0 -1  0.520625 0.402500 0.043750 0.178333
0 -1  0.476250 0.394167 0.032500 0.151667
0 -1  0.392500 0.411667 0.040000 0.183333
0 -1  0.320000 0.459167 0.060000 0.298333
0 -1  0.248125 0.403333 0.038750 0.170000
0 -1  0.216875 0.388333 0.033750 0.166667
0 -1  0.145000 0.380000 0.037500 0.160000
0 -1  0.083750 0.446667 0.057500 0.323333
0 -1  0.200000 0.509167 0.085000 0.378333
0 -1  0.124375 0.540833 0.088750 0.415000
0 -1  0.049375 0.510000 0.093750 0.406667
0 -1  0.365625 0.521667 0.113750 0.483333
0 -1  0.446875 0.613333 0.113750 0.556667
0 -1  0.938125 0.767500 0.118750 0.461667
