0 4995 0.383125 0.409167 0.048750 0.175000
0 -1  0.173125 0.426667 0.038750 0.223333
0 -1  0.211875 0.425833 0.061250 0.258333
0 -1  0.277500 0.442500 0.047500 0.261667
0 -1  0.292500 0.447500 0.070000 0.298333
0 -1  0.406250 0.392500 0.030000 0.141667
0 -1  0.457500 0.399167 0.030000 0.161667
0 -1  0.552500 0.402500 0.040000 0.148333
0 -1  0.597500 0.445833 0.067500 0.288333
0 -1  0.674375 0.446667 0.056250 0.240000
0 -1  0.785625 0.371667 0.026250 0.113333
0 -1  0.796875 0.376667 0.028750 0.130000
0 -1  0.971875 0.381667 0.036250 0.150000
0 -1  0.930000 0.381667 0.030000 0.143333
0 -1  0.933750 0.447500 0.052500 0.228333
0 -1  0.988125 0.446667 0.018750 0.230000
0 -1  0.873750 0.454167 0.082500 0.325000
0 -1  0.861250 0.686667 0.127500 0.623333
