0 4997 0.542500 0.705000 0.057500 0.186667
0 4998 0.465625 0.718333 0.051250 0.183333
0 4999 0.619375 0.591667 0.041250 0.146667
0 -1  0.938125 0.598333 0.048750 0.173333
0 -1  0.568125 0.645000 0.036250 0.133333
0 -1  0.531875 0.611667 0.038750 0.140000
0 -1  0.203125 0.439167 0.033750 0.108333
0 -1  0.311875 0.420833 0.028750 0.128333
0 -1  0.343750 0.439167 0.025000 0.121667
0 -1  0.317500 0.074167 0.037500 0.145000
0 -1  0.355000 0.039167 0.020000 0.075000
0 -1  0.857500 0.045833 0.027500 0.088333
