0 5000 0.934375 0.621667 0.098750 0.353333
0 5001 0.741875 0.526667 0.068750 0.246667
0 -1  0.680000 0.571667 0.037500 0.133333
0 -1  0.257500 0.601667 0.052500 0.263333
0 -1  0.338750 0.603333 0.072500 0.306667
0 -1  0.383750 0.533333 0.032500 0.173333
0 -1  0.401875 0.530833 0.031250 0.165000
0 -1  0.446875 0.537500 0.043750 0.195000
0 -1  0.481875 0.520000 0.041250 0.153333
0 -1  0.557500 0.524167 0.037500 0.181667
0 -1  0.603750 0.539167 0.045000 0.195000
0 -1  0.606250 0.550833 0.045000 0.221667
0 -1  0.651250 0.531667 0.037500 0.180000
0 -1  0.850000 0.484167 0.037500 0.135000
0 -1  0.881250 0.500833 0.037500 0.158333
0 -1  0.905000 0.501667 0.042500 0.160000
0 -1  0.968750 0.508333 0.040000 0.166667
