0 5007 0.450000 0.513333 0.052500 0.190000
0 -1  0.293125 0.459167 0.023750 0.101667
0 -1  0.276875 0.464167 0.023750 0.098333
0 -1  0.320625 0.475833 0.028750 0.115000
0 -1  0.335625 0.479167 0.031250 0.138333
0 -1  0.364375 0.492500 0.043750 0.161667
0 -1  0.245625 0.485000 0.023750 0.120000
0 -1  0.225625 0.479167 0.026250 0.131667
0 -1  0.126875 0.484167 0.026250 0.141667
0 -1  0.155000 0.488333 0.037500 0.163333
0 -1  0.209375 0.595833 0.076250 0.298333
0 -1  0.530625 0.466667 0.028750 0.113333
0 -1  0.560625 0.551667 0.043750 0.263333
0 -1  0.923125 0.461667 0.041250 0.160000
0 -1  0.891875 0.505000 0.043750 0.233333
0 -1  0.824375 0.500000 0.048750 0.213333
