0 5008 0.350000 0.495833 0.067500 0.241667
0 5104 0.043125 0.560000 0.083750 0.296667
0 5105 0.628125 0.576667 0.106250 0.376667
0 -1  0.587500 0.519167 0.040000 0.248333
0 -1  0.590000 0.558333 0.062500 0.286667
0 -1  0.663125 0.505000 0.051250 0.206667
0 -1  0.705000 0.517500 0.042500 0.228333
0 -1  0.845000 0.495000 0.032500 0.160000
0 -1  0.811875 0.498333 0.048750 0.196667
0 -1  0.788750 0.514167 0.050000 0.191667
0 -1  0.521250 0.507500 0.052500 0.185000
0 -1  0.189375 0.574167 0.093750 0.341667
0 -1  0.965000 0.564167 0.065000 0.271667
