0 5025 0.623125 0.452500 0.046250 0.168333
0 -1  0.384375 0.541667 0.093750 0.336667
0 -1  0.411250 0.515833 0.080000 0.285000
0 -1  0.193125 0.426667 0.043750 0.166667
0 -1  0.226875 0.512500 0.071250 0.295000
0 -1  0.302500 0.515833 0.067500 0.281667
0 -1  0.440000 0.456667 0.037500 0.200000
0 -1  0.539375 0.418333 0.026250 0.136667
0 -1  0.569375 0.444167 0.041250 0.141667
0 -1  0.769375 0.429167 0.036250 0.128333
0 -1  0.737500 0.445833 0.047500 0.178333
0 -1  0.976875 0.527500 0.041250 0.278333
