0 5024 0.471250 0.544167 0.087500 0.315000
0 5026 0.360000 0.553333 0.090000 0.323333
0 -1  0.026875 0.445000 0.046250 0.150000
0 -1  0.200625 0.446667 0.033750 0.156667
0 -1  0.244375 0.443333 0.038750 0.160000
0 -1  0.270625 0.475000 0.038750 0.203333
0 -1  0.183750 0.484167 0.052500 0.235000
0 -1  0.495000 0.432500 0.030000 0.131667
0 -1  0.561875 0.470833 0.041250 0.178333
0 -1  0.811250 0.444167 0.027500 0.118333
0 -1  0.733750 0.442500 0.027500 0.128333
0 -1  0.671875 0.466667 0.041250 0.173333
0 -1  0.650000 0.468333 0.047500 0.190000
0 -1  0.922500 0.456667 0.045000 0.186667
