0 5031 0.926875 0.435833 0.113750 0.408333
0 5032 0.855625 0.430833 0.098750 0.351667
0 -1  0.342500 0.192500 0.020000 0.081667
0 -1  0.357500 0.209167 0.020000 0.068333
0 -1  0.358750 0.236667 0.017500 0.070000
0 -1  0.360625 0.259167 0.021250 0.088333
0 -1  0.379375 0.276667 0.018750 0.076667
0 -1  0.370625 0.280000 0.026250 0.093333
0 -1  0.411250 0.287500 0.027500 0.105000
0 -1  0.295625 0.280833 0.031250 0.125000
0 -1  0.478125 0.290000 0.026250 0.136667
0 -1  0.556875 0.282500 0.031250 0.115000
0 -1  0.629375 0.284167 0.026250 0.111667
0 -1  0.649375 0.283333 0.021250 0.096667
0 -1  0.674375 0.325000 0.046250 0.166667
0 -1  0.496250 0.493333 0.087500 0.520000
0 -1  0.586875 0.505833 0.121250 0.531667
0 -1  0.722500 0.161667 0.012500 0.050000
0 -1  0.731875 0.171667 0.013750 0.053333
0 -1  0.756875 0.204167 0.013750 0.058333
0 -1  0.785000 0.230833 0.017500 0.061667
0 -1  0.834375 0.279167 0.023750 0.085000
0 -1  0.771250 0.315833 0.027500 0.138333
0 -1  0.808125 0.315000 0.038750 0.146667
0 -1  0.717500 0.438333 0.090000 0.380000
0 -1  0.177500 0.428333 0.115000 0.430000
