0 5029 0.366250 0.532500 0.047500 0.171667
0 5030 0.335000 0.536667 0.045000 0.163333
0 5107 0.279375 0.549167 0.043750 0.158333
0 -1  0.019375 0.455000 0.013750 0.050000
0 -1  0.050625 0.455833 0.011250 0.045000
0 -1  0.008750 0.465833 0.015000 0.071667
0 -1  0.033750 0.480000 0.025000 0.090000
0 -1  0.141250 0.500833 0.025000 0.115000
0 -1  0.085000 0.504167 0.055000 0.188333
0 -1  0.126875 0.515000 0.038750 0.150000
0 -1  0.161250 0.511667 0.030000 0.146667
0 -1  0.586250 0.575833 0.047500 0.231667
