0 5033 0.380625 0.550000 0.121250 0.433333
0 5034 0.494375 0.490833 0.098750 0.351667
0 -1  0.344375 0.514167 0.111250 0.398333
0 -1  0.215625 0.363333 0.023750 0.120000
0 -1  0.237500 0.361667 0.025000 0.113333
0 -1  0.203750 0.396667 0.042500 0.180000
0 -1  0.011250 0.355833 0.020000 0.108333
0 -1  0.281250 0.384167 0.035000 0.131667
0 -1  0.440000 0.392500 0.027500 0.128333
0 -1  0.473125 0.391667 0.028750 0.130000
0 -1  0.570625 0.388333 0.018750 0.083333
0 -1  0.588750 0.365000 0.017500 0.063333
0 -1  0.604375 0.499167 0.073750 0.331667
0 -1  0.645000 0.537500 0.095000 0.408333
0 -1  0.891875 0.422500 0.031250 0.131667
0 -1  0.755625 0.406667 0.026250 0.110000
0 -1  0.786250 0.411667 0.027500 0.123333
0 -1  0.811875 0.411667 0.038750 0.130000
0 -1  0.846250 0.470000 0.067500 0.266667
