0 5035 0.433750 0.491667 0.082500 0.296667
0 -1  0.257500 0.396667 0.025000 0.163333
0 -1  0.306875 0.293333 0.023750 0.083333
0 -1  0.328125 0.329167 0.021250 0.098333
0 -1  0.350000 0.386667 0.035000 0.130000
0 -1  0.283750 0.404167 0.035000 0.185000
0 -1  0.605625 0.367500 0.021250 0.081667
0 -1  0.486250 0.382500 0.022500 0.105000
0 -1  0.541250 0.378333 0.022500 0.110000
0 -1  0.522500 0.385000 0.027500 0.123333
0 -1  0.459375 0.421667 0.036250 0.223333
0 -1  0.727500 0.370833 0.017500 0.071667
0 -1  0.738125 0.369167 0.013750 0.061667
0 -1  0.755625 0.339167 0.013750 0.051667
0 -1  0.836875 0.381667 0.016250 0.070000
0 -1  0.851250 0.378333 0.020000 0.080000
0 -1  0.871250 0.381667 0.017500 0.073333
0 -1  0.845000 0.415833 0.035000 0.128333
0 -1  0.748750 0.412500 0.027500 0.125000
0 -1  0.774375 0.525000 0.093750 0.350000
0 -1  0.975625 0.453333 0.046250 0.220000
