0 5037 0.601250 0.454167 0.080000 0.285000
0 -1  0.308750 0.340833 0.022500 0.091667
0 -1  0.335000 0.349167 0.020000 0.091667
0 -1  0.356250 0.381667 0.045000 0.166667
0 -1  0.266250 0.373333 0.050000 0.186667
0 -1  0.438125 0.358333 0.028750 0.110000
0 -1  0.475000 0.375833 0.022500 0.125000
0 -1  0.488750 0.381667 0.025000 0.126667
0 -1  0.516875 0.387500 0.028750 0.141667
0 -1  0.693750 0.308333 0.012500 0.046667
0 -1  0.703750 0.324167 0.012500 0.048333
0 -1  0.696875 0.329167 0.011250 0.048333
0 -1  0.715625 0.339167 0.013750 0.048333
0 -1  0.722500 0.360000 0.012500 0.063333
0 -1  0.694375 0.367500 0.013750 0.065000
0 -1  0.707500 0.405000 0.030000 0.126667
0 -1  0.671875 0.440000 0.018750 0.083333
0 -1  0.741250 0.405833 0.032500 0.138333
0 -1  0.779375 0.373333 0.016250 0.070000
0 -1  0.812500 0.382500 0.017500 0.081667
0 -1  0.836250 0.381667 0.022500 0.086667
0 -1  0.796875 0.410000 0.031250 0.123333
0 -1  0.906875 0.475833 0.076250 0.268333
