0 5038 0.631250 0.383333 0.055000 0.200000
0 -1  0.478125 0.235833 0.016250 0.075000
0 -1  0.488750 0.252500 0.015000 0.075000
0 -1  0.501250 0.286667 0.017500 0.073333
0 -1  0.510000 0.324167 0.017500 0.108333
0 -1  0.517500 0.330000 0.022500 0.110000
0 -1  0.536875 0.325000 0.016250 0.096667
0 -1  0.526875 0.332500 0.023750 0.115000
0 -1  0.499375 0.338333 0.028750 0.110000
0 -1  0.552500 0.332500 0.022500 0.115000
0 -1  0.462500 0.322500 0.017500 0.101667
0 -1  0.470625 0.325000 0.023750 0.106667
0 -1  0.624375 0.337500 0.021250 0.111667
0 -1  0.685625 0.337500 0.023750 0.088333
0 -1  0.881250 0.216667 0.015000 0.063333
0 -1  0.948125 0.278333 0.013750 0.063333
0 -1  0.866875 0.336667 0.018750 0.073333
0 -1  0.844375 0.340833 0.021250 0.101667
0 -1  0.802500 0.345833 0.027500 0.108333
0 -1  0.957500 0.372500 0.035000 0.158333
0 -1  0.921875 0.381667 0.041250 0.146667
0 -1  0.951875 0.533333 0.091250 0.453333
0 -1  0.396875 0.574167 0.103750 0.645000
