0 5049 0.489167 0.469375 0.078333 0.158750
0 -1  0.355833 0.423125 0.035000 0.073750
0 -1  0.219167 0.431250 0.028333 0.080000
0 -1  0.282500 0.430000 0.031667 0.087500
0 -1  0.324167 0.431875 0.038333 0.081250
0 -1  0.397500 0.421250 0.018333 0.057500
0 -1  0.437500 0.410625 0.018333 0.038750
0 -1  0.257500 0.440000 0.048333 0.097500
0 -1  0.710000 0.473750 0.056667 0.112500
0 -1  0.673333 0.454375 0.073333 0.143750
0 -1  0.610833 0.488125 0.081667 0.211250
0 -1  0.759167 0.460000 0.071667 0.175000
0 -1  0.964167 0.465000 0.068333 0.162500
0 -1  0.937500 0.458750 0.075000 0.145000
