0 5050 0.347500 0.403750 0.071667 0.145000
0 5051 0.686667 0.386250 0.086667 0.175000
0 5052 0.853333 0.396250 0.093333 0.187500
0 -1  0.607500 0.349375 0.021667 0.043750
0 -1  0.565000 0.346250 0.013333 0.037500
0 -1  0.475000 0.355000 0.020000 0.052500
0 -1  0.410833 0.381250 0.035000 0.102500
0 -1  0.398333 0.386875 0.036667 0.113750
0 -1  0.461667 0.396250 0.053333 0.115000
0 -1  0.521667 0.387500 0.036667 0.120000
0 -1  0.549167 0.391875 0.038333 0.116250
0 -1  0.990833 0.221875 0.011667 0.051250
0 -1  0.975833 0.228750 0.021667 0.055000
0 -1  0.954167 0.245000 0.025000 0.055000
0 -1  0.798333 0.220000 0.020000 0.040000
0 -1  0.818333 0.220000 0.020000 0.040000
