0 5048 0.589167 0.491875 0.145000 0.291250
0 5049 0.131667 0.445625 0.093333 0.186250
0 -1  0.967500 0.376250 0.028333 0.057500
0 -1  0.980833 0.388750 0.031667 0.092500
0 -1  0.945000 0.383125 0.040000 0.088750
0 -1  0.738333 0.399375 0.040000 0.088750
0 -1  0.654167 0.358750 0.041667 0.085000
0 -1  0.653333 0.403125 0.036667 0.098750
0 -1  0.697500 0.400625 0.038333 0.101250
0 -1  0.491667 0.390625 0.036667 0.091250
0 -1  0.517500 0.406875 0.038333 0.103750
0 -1  0.559167 0.448750 0.061667 0.170000
0 -1  0.381667 0.381250 0.023333 0.057500
0 -1  0.490833 0.450000 0.071667 0.190000
0 -1  0.415000 0.452500 0.080000 0.190000
0 -1  0.357500 0.415000 0.048333 0.132500
0 -1  0.803333 0.467500 0.090000 0.240000
