0 5048 0.510833 0.456250 0.118333 0.265000
0 -1  0.275000 0.361875 0.030000 0.061250
0 -1  0.185000 0.375000 0.033333 0.082500
0 -1  0.255833 0.368125 0.031667 0.068750
0 -1  0.213333 0.392500 0.050000 0.120000
0 -1  0.348333 0.351250 0.023333 0.047500
0 -1  0.295833 0.386875 0.048333 0.113750
0 -1  0.213333 0.405000 0.060000 0.137500
0 -1  0.475000 0.353750 0.026667 0.060000
0 -1  0.443333 0.371875 0.040000 0.093750
0 -1  0.382500 0.379375 0.051667 0.116250
0 -1  0.699167 0.445000 0.028333 0.075000
0 -1  0.609167 0.384375 0.055000 0.143750
0 -1  0.641667 0.400000 0.050000 0.117500
0 -1  0.571667 0.444375 0.103333 0.246250
0 -1  0.809167 0.377500 0.065000 0.162500
