0 5045 0.649375 0.576667 0.161250 0.576667
0 5046 0.419375 0.412500 0.058750 0.211667
0 5047 0.353125 0.448333 0.078750 0.280000
0 -1  0.377500 0.364167 0.020000 0.108333
0 -1  0.403125 0.357500 0.023750 0.108333
0 -1  0.459375 0.375000 0.026250 0.106667
0 -1  0.482500 0.373333 0.025000 0.113333
0 -1  0.228750 0.395000 0.035000 0.173333
0 -1  0.311250 0.432500 0.062500 0.371667
0 -1  0.745000 0.410833 0.035000 0.125000
0 -1  0.888125 0.396667 0.028750 0.103333
0 -1  0.868125 0.401667 0.028750 0.103333
