0 5050 0.427500 0.448125 0.068333 0.138750
0 5055 0.520833 0.474375 0.091667 0.183750
0 5108 0.622500 0.474375 0.091667 0.183750
0 -1  0.936667 0.409375 0.030000 0.063750
0 -1  0.804167 0.336875 0.041667 0.083750
0 -1  0.765833 0.384375 0.038333 0.076250
0 -1  0.741667 0.415000 0.043333 0.092500
0 -1  0.790833 0.425000 0.045000 0.100000
0 -1  0.668333 0.430625 0.050000 0.106250
0 -1  0.572500 0.431875 0.058333 0.118750
0 -1  0.657500 0.475000 0.058333 0.170000
0 -1  0.471667 0.425625 0.046667 0.093750
0 -1  0.248333 0.498125 0.140000 0.283750
0 -1  0.052500 0.522500 0.035000 0.080000
