0 34 0.535833 0.488750 0.251667 0.420000
0 -1  0.240833 0.483750 0.065000 0.180000
0 -1  0.120833 0.425625 0.075000 0.251250
0 -1  0.112500 0.458750 0.101667 0.255000
0 -1  0.950833 0.388125 0.055000 0.148750
0 -1  0.915000 0.383125 0.036667 0.128750
0 -1  0.865000 0.367500 0.040000 0.097500
0 -1  0.847500 0.376875 0.035000 0.103750
0 -1  0.818333 0.372500 0.036667 0.097500
0 -1  0.761667 0.377500 0.036667 0.107500
0 -1  0.741667 0.359375 0.033333 0.093750
0 -1  0.703333 0.378750 0.040000 0.125000
0 -1  0.665000 0.395000 0.063333 0.167500
