0 5051 0.260833 0.406875 0.078333 0.156250
0 5052 0.455000 0.418750 0.073333 0.150000
0 -1  0.203333 0.264375 0.016667 0.043750
0 -1  0.191667 0.273750 0.016667 0.045000
0 -1  0.173333 0.281875 0.016667 0.048750
0 -1  0.158333 0.285000 0.020000 0.050000
0 -1  0.591667 0.386875 0.026667 0.068750
0 -1  0.834167 0.291250 0.031667 0.060000
0 -1  0.818333 0.306250 0.030000 0.067500
0 -1  0.797500 0.337500 0.031667 0.067500
0 -1  0.779167 0.362500 0.035000 0.085000
0 -1  0.754167 0.378125 0.035000 0.088750
0 -1  0.729167 0.403125 0.041667 0.111250
0 -1  0.806667 0.400625 0.040000 0.111250
0 -1  0.988333 0.396875 0.020000 0.068750
0 -1  0.966667 0.408750 0.023333 0.047500
0 -1  0.925000 0.418750 0.070000 0.132500
0 -1  0.685833 0.446875 0.051667 0.173750
0 -1  0.626667 0.448125 0.083333 0.191250
0 -1  0.535000 0.445000 0.076667 0.190000
