0 5055 0.680833 0.500625 0.111667 0.223750
0 5062 0.270000 0.461250 0.080000 0.160000
0 5108 0.758333 0.511875 0.120000 0.241250
0 -1  0.850833 0.512500 0.108333 0.217500
0 -1  0.110000 0.434375 0.033333 0.093750
0 -1  0.224167 0.408750 0.018333 0.050000
0 -1  0.212500 0.413125 0.018333 0.053750
0 -1  0.250000 0.408750 0.020000 0.047500
0 -1  0.224167 0.468125 0.035000 0.078750
0 -1  0.327500 0.495000 0.031667 0.075000
0 -1  0.375833 0.520000 0.031667 0.057500
0 -1  0.282500 0.291250 0.041667 0.077500
0 -1  0.732500 0.425000 0.031667 0.070000
0 -1  0.620000 0.454375 0.056667 0.151250
0 -1  0.965833 0.444375 0.048333 0.081250
0 -1  0.795833 0.500625 0.088333 0.203750
