0 5053 0.549167 0.398125 0.071667 0.146250
0 5054 0.597500 0.404375 0.078333 0.156250
0 -1  0.265000 0.378125 0.016667 0.051250
0 -1  0.304167 0.395625 0.028333 0.088750
0 -1  0.290000 0.393750 0.040000 0.097500
0 -1  0.338333 0.394375 0.046667 0.093750
0 -1  0.369167 0.375625 0.028333 0.058750
0 -1  0.489167 0.363125 0.018333 0.038750
0 -1  0.450833 0.393750 0.031667 0.097500
0 -1  0.425833 0.403750 0.041667 0.122500
0 -1  0.470833 0.405000 0.045000 0.112500
0 -1  0.720000 0.457500 0.036667 0.080000
0 -1  0.782500 0.470625 0.031667 0.071250
0 -1  0.613333 0.360000 0.020000 0.047500
