0 5056 0.435000 0.398125 0.073333 0.148750
0 5057 0.555833 0.414375 0.081667 0.163750
0 -1  0.348333 0.358125 0.020000 0.038750
0 -1  0.374167 0.361250 0.018333 0.052500
0 -1  0.385000 0.388750 0.050000 0.112500
0 -1  0.291667 0.381250 0.033333 0.092500
0 -1  0.236667 0.382500 0.033333 0.095000
0 -1  0.255000 0.381875 0.040000 0.098750
0 -1  0.201667 0.385625 0.040000 0.098750
0 -1  0.173333 0.380625 0.036667 0.101250
0 -1  0.587500 0.359375 0.025000 0.066250
0 -1  0.623333 0.435625 0.040000 0.091250
0 -1  0.697500 0.401875 0.078333 0.158750
0 -1  0.533333 0.391875 0.026667 0.078750
0 -1  0.821667 0.578750 0.270000 0.517500
