0 5055 0.578333 0.376250 0.080000 0.160000
0 5068 0.830833 0.366875 0.085000 0.171250
0 5108 0.472500 0.377500 0.078333 0.157500
0 -1  0.781667 0.383125 0.033333 0.088750
0 -1  0.693333 0.327500 0.030000 0.067500
0 -1  0.724167 0.364375 0.041667 0.091250
0 -1  0.488333 0.345000 0.040000 0.102500
0 -1  0.437500 0.336875 0.031667 0.076250
0 -1  0.416667 0.343750 0.026667 0.062500
0 -1  0.368333 0.345625 0.040000 0.096250
0 -1  0.327500 0.346250 0.038333 0.100000
0 -1  0.256667 0.333750 0.026667 0.055000
0 -1  0.792500 0.317500 0.025000 0.050000
