0 5058 0.310000 0.485625 0.103333 0.208750
0 5059 0.490000 0.484375 0.106667 0.216250
0 -1  0.607500 0.497500 0.108333 0.217500
0 -1  0.693333 0.504375 0.113333 0.226250
0 -1  0.773333 0.505000 0.106667 0.215000
0 -1  0.031667 0.451875 0.060000 0.163750
0 -1  0.085000 0.426250 0.033333 0.082500
0 -1  0.143333 0.453125 0.036667 0.081250
0 -1  0.194167 0.405625 0.021667 0.043750
0 -1  0.215000 0.409375 0.023333 0.053750
0 -1  0.250000 0.472500 0.073333 0.172500
0 -1  0.634167 0.464375 0.045000 0.156250
0 -1  0.859167 0.435000 0.045000 0.112500
0 -1  0.910833 0.448750 0.041667 0.130000
0 -1  0.726667 0.497500 0.066667 0.192500
