0 5058 0.308333 0.535000 0.143333 0.287500
0 5059 0.562500 0.523125 0.161667 0.323750
0 -1  0.726667 0.496250 0.023333 0.077500
0 -1  0.705833 0.485625 0.028333 0.081250
0 -1  0.665000 0.463750 0.033333 0.085000
0 -1  0.778333 0.459375 0.093333 0.163750
0 -1  0.675833 0.409375 0.018333 0.048750
0 -1  0.655000 0.408125 0.023333 0.043750
0 -1  0.615000 0.408750 0.020000 0.045000
0 -1  0.607500 0.460625 0.065000 0.143750
0 -1  0.518333 0.410625 0.020000 0.038750
0 -1  0.491667 0.435625 0.040000 0.098750
0 -1  0.413333 0.438750 0.040000 0.107500
0 -1  0.442500 0.452500 0.038333 0.122500
0 -1  0.391667 0.450000 0.046667 0.122500
0 -1  0.349167 0.431875 0.025000 0.071250
0 -1  0.264167 0.439375 0.031667 0.088750
0 -1  0.270833 0.446250 0.035000 0.085000
0 -1  0.323333 0.463750 0.056667 0.170000
0 -1  0.177500 0.431250 0.028333 0.055000
0 -1  0.205000 0.446250 0.040000 0.085000
