0 5063 0.302500 0.460625 0.081667 0.166250
0 5064 0.337500 0.450000 0.075000 0.152500
0 -1  0.679167 0.500000 0.118333 0.237500
0 -1  0.799167 0.506250 0.108333 0.217500
0 -1  0.745833 0.496875 0.098333 0.198750
0 -1  0.966667 0.466875 0.040000 0.071250
0 -1  0.925833 0.434375 0.031667 0.091250
0 -1  0.648333 0.495000 0.073333 0.225000
0 -1  0.535833 0.438750 0.065000 0.132500
0 -1  0.243333 0.467500 0.033333 0.090000
0 -1  0.198333 0.390625 0.016667 0.061250
0 -1  0.182500 0.391250 0.018333 0.060000
0 -1  0.171667 0.386250 0.020000 0.055000
0 -1  0.154167 0.386250 0.021667 0.052500
0 -1  0.136667 0.382500 0.023333 0.052500
0 -1  0.159167 0.440625 0.048333 0.098750
0 -1  0.090000 0.405625 0.033333 0.086250
0 -1  0.022500 0.431250 0.041667 0.145000
