0 5063 0.415833 0.420000 0.061667 0.125000
0 5064 0.483333 0.423125 0.063333 0.128750
0 -1  0.746667 0.386875 0.030000 0.058750
0 -1  0.707500 0.382500 0.021667 0.052500
0 -1  0.687500 0.380000 0.021667 0.052500
0 -1  0.667500 0.381875 0.021667 0.048750
0 -1  0.625833 0.388750 0.025000 0.062500
0 -1  0.601667 0.395625 0.036667 0.096250
0 -1  0.567500 0.386250 0.021667 0.072500
0 -1  0.549167 0.395625 0.035000 0.086250
0 -1  0.503333 0.396875 0.033333 0.111250
0 -1  0.455000 0.408125 0.040000 0.101250
0 -1  0.359167 0.401875 0.041667 0.118750
0 -1  0.330000 0.410000 0.043333 0.110000
0 -1  0.290833 0.403750 0.045000 0.110000
0 -1  0.254167 0.398125 0.045000 0.103750
0 -1  0.677500 0.426250 0.028333 0.090000
0 -1  0.700000 0.453125 0.026667 0.076250
0 -1  0.730833 0.452500 0.028333 0.085000
0 -1  0.746667 0.454375 0.020000 0.063750
0 -1  0.780833 0.475625 0.035000 0.076250
0 -1  0.861667 0.503125 0.033333 0.071250
0 -1  0.815833 0.496875 0.025000 0.061250
0 -1  0.972500 0.360000 0.051667 0.110000
