0 5060 0.454167 0.449375 0.151667 0.306250
0 5061 0.100833 0.443125 0.198333 0.396250
0 -1  0.730833 0.308125 0.021667 0.043750
0 -1  0.702500 0.310625 0.021667 0.046250
0 -1  0.686667 0.311250 0.020000 0.045000
0 -1  0.630000 0.315000 0.023333 0.050000
0 -1  0.603333 0.316250 0.020000 0.052500
0 -1  0.551667 0.313750 0.023333 0.047500
0 -1  0.405000 0.326250 0.020000 0.052500
0 -1  0.316667 0.357500 0.043333 0.090000
0 -1  0.260000 0.355000 0.046667 0.107500
0 -1  0.223333 0.345000 0.046667 0.102500
0 -1  0.358333 0.437500 0.110000 0.287500
