0 5067 0.431667 0.437500 0.160000 0.322500
0 -1  0.527500 0.415000 0.115000 0.232500
0 -1  0.611667 0.428750 0.123333 0.247500
0 -1  0.310000 0.318125 0.046667 0.108750
0 -1  0.153333 0.533750 0.226667 0.585000
0 -1  0.368333 0.326250 0.026667 0.070000
0 -1  0.369167 0.333750 0.021667 0.067500
0 -1  0.480000 0.337500 0.033333 0.082500
0 -1  0.730833 0.368750 0.061667 0.140000
0 -1  0.649167 0.395000 0.068333 0.160000
0 -1  0.740000 0.401250 0.063333 0.172500
0 -1  0.915833 0.344375 0.048333 0.101250
0 -1  0.875833 0.368125 0.048333 0.098750
