0 5067 0.290833 0.495625 0.131667 0.263750
0 -1  0.810833 0.460000 0.038333 0.090000
0 -1  0.732500 0.435000 0.045000 0.115000
0 -1  0.646667 0.399375 0.020000 0.051250
0 -1  0.632500 0.403125 0.021667 0.051250
0 -1  0.600833 0.423750 0.035000 0.100000
0 -1  0.522500 0.426875 0.038333 0.091250
0 -1  0.474167 0.425000 0.035000 0.090000
0 -1  0.433333 0.427500 0.040000 0.090000
0 -1  0.393333 0.442500 0.056667 0.122500
0 -1  0.570833 0.447500 0.068333 0.160000
0 -1  0.065833 0.426250 0.035000 0.072500
