0 358 0.387500 0.305000 0.241667 0.485000
0 359 0.591667 0.298125 0.226667 0.453750
0 -1  0.142500 0.110000 0.035000 0.077500
0 -1  0.075000 0.116875 0.030000 0.063750
0 -1  0.026667 0.119375 0.050000 0.098750
0 -1  0.051667 0.105625 0.030000 0.076250
0 -1  0.416667 0.124375 0.040000 0.088750
0 -1  0.437500 0.115625 0.041667 0.101250
0 -1  0.480833 0.123125 0.028333 0.088750
0 -1  0.769167 0.128125 0.065000 0.133750
0 -1  0.950833 0.151875 0.058333 0.141250
0 -1  0.900833 0.473750 0.041667 0.090000
0 -1  0.826667 0.468125 0.036667 0.098750
