0 5075 0.825833 0.405625 0.108333 0.218750
0 5076 0.760000 0.387500 0.080000 0.160000
0 5077 0.613333 0.408125 0.080000 0.161250
0 -1  0.599167 0.350625 0.025000 0.061250
0 -1  0.647500 0.365000 0.038333 0.097500
0 -1  0.630000 0.388750 0.046667 0.140000
0 -1  0.557500 0.368125 0.035000 0.111250
0 -1  0.459167 0.345000 0.025000 0.050000
0 -1  0.464167 0.368125 0.031667 0.081250
0 -1  0.478333 0.375000 0.040000 0.102500
0 -1  0.406667 0.383750 0.043333 0.110000
0 -1  0.367500 0.388750 0.051667 0.137500
0 -1  0.570000 0.393750 0.046667 0.140000
0 -1  0.896667 0.446875 0.040000 0.081250
