0 5081 0.606667 0.555000 0.276667 0.555000
0 5082 0.810833 0.354375 0.081667 0.163750
0 -1  0.532500 0.501875 0.231667 0.463750
0 -1  0.499167 0.338125 0.048333 0.116250
0 -1  0.704167 0.362500 0.075000 0.202500
0 -1  0.395833 0.370000 0.041667 0.080000
0 -1  0.447500 0.349375 0.058333 0.146250
0 -1  0.342500 0.338750 0.055000 0.147500
0 -1  0.270833 0.311875 0.028333 0.063750
0 -1  0.239167 0.308750 0.025000 0.062500
0 -1  0.222500 0.308125 0.028333 0.063750
0 -1  0.309167 0.350000 0.058333 0.160000
