0 5072 0.727500 0.376875 0.071667 0.143750
0 5073 0.552500 0.491250 0.131667 0.265000
0 5074 0.527500 0.426875 0.128333 0.258750
0 -1  0.778333 0.334375 0.016667 0.033750
0 -1  0.671667 0.321875 0.023333 0.053750
0 -1  0.654167 0.327500 0.028333 0.065000
0 -1  0.703333 0.372500 0.036667 0.102500
0 -1  0.637500 0.352500 0.035000 0.082500
0 -1  0.765000 0.394375 0.040000 0.101250
0 -1  0.787500 0.405625 0.028333 0.093750
0 -1  0.803333 0.420000 0.023333 0.080000
0 -1  0.838333 0.431875 0.026667 0.071250
0 -1  0.506667 0.350000 0.046667 0.107500
0 -1  0.429167 0.343750 0.038333 0.087500
0 -1  0.383333 0.347500 0.030000 0.075000
0 -1  0.371667 0.356250 0.036667 0.092500
0 -1  0.339167 0.351875 0.048333 0.123750
0 -1  0.296667 0.346875 0.040000 0.088750
0 -1  0.100000 0.424375 0.113333 0.228750
