0 5070 0.626667 0.366875 0.080000 0.161250
0 5071 0.844167 0.361875 0.095000 0.191250
0 -1  0.760000 0.321250 0.026667 0.055000
0 -1  0.695000 0.323750 0.030000 0.062500
0 -1  0.651667 0.319375 0.016667 0.043750
0 -1  0.567500 0.353125 0.045000 0.091250
0 -1  0.461667 0.327500 0.026667 0.065000
0 -1  0.439167 0.333125 0.031667 0.071250
0 -1  0.476667 0.345000 0.036667 0.080000
0 -1  0.804167 0.407500 0.035000 0.085000
0 -1  0.875833 0.433125 0.035000 0.071250
0 -1  0.905833 0.450625 0.035000 0.078750
