0 5084 0.680000 0.496875 0.106667 0.213750
0 5085 0.796667 0.474375 0.103333 0.208750
0 5086 0.935000 0.463750 0.110000 0.222500
0 -1  0.740000 0.407500 0.026667 0.067500
0 -1  0.620000 0.411250 0.026667 0.057500
0 -1  0.645000 0.433125 0.036667 0.088750
0 -1  0.704167 0.455000 0.035000 0.090000
0 -1  0.490000 0.430000 0.033333 0.095000
0 -1  0.399167 0.426250 0.031667 0.077500
0 -1  0.429167 0.430625 0.048333 0.091250
0 -1  0.370833 0.423125 0.028333 0.076250
0 -1  0.360000 0.426250 0.030000 0.080000
0 -1  0.330833 0.427500 0.031667 0.090000
0 -1  0.295000 0.421875 0.023333 0.071250
0 -1  0.274167 0.424375 0.041667 0.101250
0 -1  0.692500 0.396875 0.018333 0.046250
0 -1  0.898333 0.309375 0.040000 0.091250
0 -1  0.792500 0.451875 0.098333 0.198750
