0 5090 0.403333 0.486250 0.090000 0.180000
0 -1  0.930000 0.445000 0.030000 0.067500
0 -1  0.887500 0.449375 0.031667 0.081250
0 -1  0.845833 0.434375 0.021667 0.056250
0 -1  0.855833 0.451875 0.041667 0.093750
0 -1  0.820833 0.447500 0.028333 0.075000
0 -1  0.789167 0.443750 0.035000 0.075000
0 -1  0.759167 0.438750 0.028333 0.062500
0 -1  0.731667 0.441250 0.036667 0.075000
0 -1  0.547500 0.454375 0.038333 0.106250
0 -1  0.576667 0.461250 0.040000 0.120000
0 -1  0.481667 0.406250 0.033333 0.077500
0 -1  0.425833 0.451250 0.038333 0.105000
0 -1  0.323333 0.450000 0.046667 0.135000
0 -1  0.347500 0.473750 0.058333 0.185000
0 -1  0.254167 0.456250 0.055000 0.135000
0 -1  0.210000 0.445625 0.050000 0.111250
0 -1  0.165833 0.462500 0.048333 0.122500
0 -1  0.102500 0.451250 0.051667 0.135000
0 -1  0.532500 0.354375 0.031667 0.083750
