0 360 0.451667 0.481875 0.300000 0.601250
0 -1  0.382500 0.404375 0.301667 0.603750
0 -1  0.324167 0.051250 0.025000 0.050000
0 -1  0.519167 0.178125 0.025000 0.056250
0 -1  0.705833 0.179375 0.028333 0.063750
0 -1  0.725833 0.180000 0.028333 0.060000
0 -1  0.787500 0.175625 0.031667 0.071250
0 -1  0.760833 0.177500 0.035000 0.075000
0 -1  0.902500 0.190000 0.038333 0.087500
0 -1  0.868333 0.191875 0.040000 0.093750
0 -1  0.962500 0.194375 0.065000 0.126250
0 -1  0.183333 0.388125 0.030000 0.053750
0 -1  0.131667 0.398750 0.036667 0.057500
0 -1  0.672500 0.409375 0.031667 0.056250
