0 5084 0.432500 0.467500 0.105000 0.212500
0 5085 0.203333 0.428750 0.093333 0.187500
0 5086 0.289167 0.423750 0.091667 0.185000
0 -1  0.024167 0.295000 0.045000 0.105000
0 -1  0.075833 0.412500 0.071667 0.182500
0 -1  0.211667 0.416250 0.063333 0.185000
0 -1  0.577500 0.417500 0.045000 0.112500
0 -1  0.536667 0.433750 0.056667 0.160000
0 -1  0.741667 0.350625 0.030000 0.098750
0 -1  0.711667 0.365000 0.040000 0.090000
0 -1  0.602500 0.411875 0.038333 0.103750
0 -1  0.651667 0.415625 0.033333 0.086250
0 -1  0.631667 0.438750 0.056667 0.145000
0 -1  0.981667 0.429375 0.030000 0.111250
0 -1  0.897500 0.420000 0.038333 0.082500
0 -1  0.802500 0.418750 0.038333 0.085000
