0 5083 0.537500 0.404375 0.081667 0.166250
0 5109 0.900833 0.444375 0.115000 0.231250
0 -1  0.696667 0.368125 0.026667 0.066250
0 -1  0.660000 0.367500 0.026667 0.052500
0 -1  0.574167 0.366250 0.025000 0.070000
0 -1  0.603333 0.401250 0.050000 0.147500
0 -1  0.506667 0.378125 0.040000 0.091250
0 -1  0.465833 0.366250 0.021667 0.065000
0 -1  0.472500 0.375625 0.028333 0.071250
0 -1  0.398333 0.376250 0.030000 0.075000
0 -1  0.324167 0.374375 0.031667 0.073750
0 -1  0.973333 0.481875 0.030000 0.068750
0 -1  0.870000 0.443750 0.040000 0.087500
0 -1  0.772500 0.435625 0.098333 0.263750
