0 5090 0.904167 0.475625 0.105000 0.211250
0 -1  0.226667 0.426250 0.040000 0.090000
0 -1  0.332500 0.400000 0.021667 0.050000
0 -1  0.360000 0.426250 0.040000 0.102500
0 -1  0.397500 0.423125 0.035000 0.083750
0 -1  0.476667 0.426875 0.040000 0.093750
0 -1  0.505833 0.441250 0.038333 0.117500
0 -1  0.553333 0.400000 0.023333 0.050000
0 -1  0.575833 0.393750 0.021667 0.047500
0 -1  0.623333 0.430625 0.030000 0.081250
0 -1  0.694167 0.444375 0.031667 0.078750
0 -1  0.813333 0.490000 0.030000 0.080000
0 -1  0.798333 0.479375 0.026667 0.078750
0 -1  0.762500 0.476875 0.035000 0.096250
0 -1  0.882500 0.470000 0.095000 0.217500
