0 5081 0.620000 0.479375 0.146667 0.293750
0 5082 0.355000 0.375625 0.060000 0.121250
0 -1  0.509167 0.463125 0.135000 0.271250
0 -1  0.024167 0.388750 0.045000 0.237500
0 -1  0.169167 0.388750 0.058333 0.162500
0 -1  0.222500 0.386250 0.058333 0.142500
0 -1  0.566667 0.395625 0.043333 0.108750
0 -1  0.819167 0.290000 0.038333 0.070000
0 -1  0.766667 0.291875 0.036667 0.071250
0 -1  0.780833 0.315625 0.041667 0.083750
0 -1  0.745833 0.342500 0.028333 0.085000
0 -1  0.725000 0.373750 0.036667 0.097500
0 -1  0.674167 0.394375 0.041667 0.098750
0 -1  0.280000 0.363750 0.033333 0.085000
