0 5091 0.710000 0.540000 0.096667 0.195000
0 -1  0.502500 0.510625 0.058333 0.116250
0 -1  0.617500 0.498125 0.038333 0.096250
0 -1  0.770833 0.545625 0.041667 0.096250
0 -1  0.819167 0.567500 0.035000 0.085000
0 -1  0.487500 0.491250 0.035000 0.097500
0 -1  0.466667 0.489375 0.033333 0.088750
0 -1  0.444167 0.488750 0.025000 0.080000
0 -1  0.386667 0.480000 0.030000 0.082500
0 -1  0.403333 0.483125 0.036667 0.093750
0 -1  0.359167 0.479375 0.025000 0.068750
0 -1  0.337500 0.478125 0.031667 0.076250
0 -1  0.301667 0.476875 0.030000 0.071250
0 -1  0.274167 0.486875 0.031667 0.081250
0 -1  0.232500 0.483125 0.035000 0.073750
