0 5095 0.255833 0.690625 0.305000 0.611250
0 -1  0.614167 0.398750 0.021667 0.042500
0 -1  0.656667 0.470000 0.023333 0.077500
0 -1  0.699167 0.481875 0.021667 0.086250
0 -1  0.687500 0.470000 0.028333 0.092500
0 -1  0.639167 0.445625 0.041667 0.083750
0 -1  0.452500 0.426875 0.038333 0.113750
0 -1  0.413333 0.430000 0.046667 0.112500
0 -1  0.464167 0.438750 0.038333 0.122500
0 -1  0.343333 0.395000 0.023333 0.050000
0 -1  0.291667 0.401250 0.026667 0.067500
0 -1  0.254167 0.397500 0.028333 0.065000
0 -1  0.254167 0.416875 0.038333 0.083750
0 -1  0.370833 0.455625 0.081667 0.188750
0 -1  0.887500 0.466250 0.058333 0.152500
0 -1  0.789167 0.555000 0.131667 0.317500
