0 5091 0.578333 0.498750 0.093333 0.187500
0 -1  0.657500 0.487500 0.075000 0.152500
0 -1  0.970000 0.440000 0.026667 0.060000
0 -1  0.875833 0.460625 0.051667 0.108750
0 -1  0.732500 0.461250 0.038333 0.085000
0 -1  0.755833 0.470000 0.045000 0.125000
0 -1  0.672500 0.387500 0.035000 0.077500
0 -1  0.642500 0.391875 0.031667 0.083750
0 -1  0.614167 0.450625 0.035000 0.091250
0 -1  0.488333 0.460625 0.060000 0.143750
0 -1  0.414167 0.465000 0.055000 0.132500
0 -1  0.294167 0.445625 0.035000 0.096250
0 -1  0.317500 0.468750 0.058333 0.137500
