0 5095 0.214167 0.555625 0.098333 0.198750
0 -1  0.797500 0.503750 0.028333 0.075000
0 -1  0.845000 0.502500 0.043333 0.092500
0 -1  0.685833 0.421250 0.031667 0.080000
0 -1  0.650000 0.434375 0.030000 0.088750
0 -1  0.635000 0.471250 0.033333 0.080000
0 -1  0.574167 0.508750 0.041667 0.092500
0 -1  0.493333 0.510000 0.043333 0.130000
0 -1  0.520833 0.515000 0.048333 0.140000
0 -1  0.439167 0.517500 0.048333 0.132500
0 -1  0.266667 0.508750 0.046667 0.107500
0 -1  0.332500 0.529375 0.058333 0.138750
0 -1  0.053333 0.383750 0.023333 0.065000
0 -1  0.025833 0.388750 0.025000 0.065000
