0 5096 0.607500 0.615000 0.188333 0.377500
0 5097 0.671667 0.508125 0.080000 0.161250
0 -1  0.894167 0.515625 0.058333 0.148750
0 -1  0.797500 0.565000 0.031667 0.075000
0 -1  0.769167 0.551875 0.035000 0.083750
0 -1  0.534167 0.443750 0.021667 0.037500
0 -1  0.561667 0.475000 0.026667 0.095000
0 -1  0.502500 0.450000 0.025000 0.047500
0 -1  0.453333 0.483125 0.046667 0.121250
0 -1  0.476667 0.495625 0.046667 0.118750
0 -1  0.381667 0.456875 0.023333 0.066250
0 -1  0.344167 0.444375 0.021667 0.056250
0 -1  0.370000 0.458125 0.033333 0.073750
0 -1  0.252500 0.455000 0.025000 0.072500
0 -1  0.329167 0.463125 0.035000 0.088750
0 -1  0.299167 0.458750 0.035000 0.095000
0 -1  0.274167 0.483750 0.055000 0.125000
