0 5092 0.295000 0.492500 0.093333 0.187500
0 5093 0.391667 0.510625 0.086667 0.173750
0 -1  0.137500 0.443750 0.028333 0.077500
0 -1  0.185000 0.443125 0.033333 0.081250
0 -1  0.327500 0.494375 0.055000 0.161250
0 -1  0.380000 0.467500 0.036667 0.132500
0 -1  0.420833 0.464375 0.045000 0.126250
0 -1  0.454167 0.500000 0.055000 0.175000
0 -1  0.495000 0.461250 0.050000 0.110000
0 -1  0.647500 0.466250 0.038333 0.077500
0 -1  0.608333 0.374375 0.033333 0.078750
0 -1  0.867500 0.455000 0.021667 0.057500
0 -1  0.885833 0.461250 0.025000 0.067500
0 -1  0.913333 0.461875 0.020000 0.063750
0 -1  0.900833 0.468125 0.031667 0.073750
0 -1  0.847500 0.467500 0.038333 0.087500
0 -1  0.041667 0.488750 0.080000 0.170000
