0 5092 0.725833 0.467500 0.095000 0.190000
0 5093 0.811667 0.485000 0.093333 0.187500
0 -1  0.781667 0.463750 0.073333 0.172500
0 -1  0.687500 0.413125 0.021667 0.053750
0 -1  0.646667 0.410000 0.020000 0.057500
0 -1  0.596667 0.407500 0.020000 0.060000
0 -1  0.624167 0.410000 0.018333 0.052500
0 -1  0.660833 0.452500 0.028333 0.092500
0 -1  0.622500 0.448750 0.028333 0.092500
0 -1  0.566667 0.462500 0.070000 0.155000
0 -1  0.392500 0.416875 0.025000 0.061250
0 -1  0.354167 0.415000 0.028333 0.065000
0 -1  0.440833 0.447500 0.045000 0.112500
0 -1  0.503333 0.473125 0.060000 0.173750
0 -1  0.185833 0.416875 0.031667 0.076250
0 -1  0.243333 0.424375 0.030000 0.071250
0 -1  0.300000 0.457500 0.056667 0.145000
