0 5100 0.491667 0.461250 0.063333 0.127500
0 5101 0.545000 0.457500 0.063333 0.130000
0 -1  0.906667 0.334375 0.036667 0.078750
0 -1  0.865833 0.366875 0.038333 0.088750
0 -1  0.852500 0.389375 0.035000 0.091250
0 -1  0.793333 0.447500 0.040000 0.092500
0 -1  0.742500 0.448750 0.041667 0.112500
0 -1  0.712500 0.456875 0.055000 0.111250
0 -1  0.672500 0.455625 0.055000 0.136250
0 -1  0.611667 0.463750 0.046667 0.122500
0 -1  0.814167 0.486250 0.101667 0.182500
0 -1  0.143333 0.458750 0.060000 0.152500
0 -1  0.114167 0.463125 0.065000 0.196250
0 -1  0.195000 0.555000 0.156667 0.325000
0 -1  0.432500 0.435625 0.041667 0.083750
