0 361 0.292500 0.450625 0.241667 0.433750
0 -1  0.620833 0.444375 0.025000 0.063750
0 -1  0.645000 0.451250 0.030000 0.055000
0 -1  0.474167 0.247500 0.041667 0.105000
0 -1  0.423333 0.248125 0.036667 0.098750
0 -1  0.816667 0.225000 0.033333 0.060000
0 -1  0.806667 0.227500 0.023333 0.055000
0 -1  0.648333 0.230000 0.026667 0.057500
0 -1  0.601667 0.230625 0.020000 0.053750
0 -1  0.775833 0.393750 0.018333 0.045000
0 -1  0.748333 0.390625 0.016667 0.046250
0 -1  0.728333 0.385625 0.016667 0.041250
0 -1  0.967500 0.523750 0.031667 0.075000
0 -1  0.819167 0.414375 0.028333 0.051250
