0 5100 0.465000 0.446875 0.060000 0.121250
0 5101 0.597500 0.458750 0.078333 0.157500
0 -1  0.722500 0.412500 0.025000 0.050000
0 -1  0.834167 0.521250 0.035000 0.072500
0 -1  0.805000 0.506875 0.030000 0.066250
0 -1  0.955000 0.473125 0.063333 0.151250
0 -1  0.481667 0.413750 0.023333 0.052500
0 -1  0.655833 0.405625 0.021667 0.038750
0 -1  0.338333 0.415625 0.036667 0.083750
0 -1  0.375833 0.428125 0.035000 0.093750
0 -1  0.345833 0.429375 0.031667 0.091250
0 -1  0.255833 0.427500 0.035000 0.087500
0 -1  0.271667 0.429375 0.036667 0.091250
