0 5098 0.297500 0.510625 0.095000 0.191250
0 5099 0.378333 0.500625 0.086667 0.173750
0 -1  0.170000 0.494375 0.066667 0.161250
0 -1  0.155000 0.503750 0.066667 0.162500
0 -1  0.092500 0.486250 0.048333 0.162500
0 -1  0.041667 0.498125 0.080000 0.203750
0 -1  0.064167 0.523750 0.088333 0.202500
0 -1  0.486667 0.446250 0.030000 0.080000
0 -1  0.545833 0.460000 0.038333 0.082500
0 -1  0.577500 0.456250 0.028333 0.090000
0 -1  0.596667 0.451875 0.030000 0.093750
0 -1  0.622500 0.469375 0.038333 0.103750
0 -1  0.659167 0.473125 0.041667 0.126250
0 -1  0.693333 0.473125 0.046667 0.143750
0 -1  0.946667 0.433125 0.040000 0.091250
0 -1  0.768333 0.479375 0.050000 0.136250
0 -1  0.790833 0.525625 0.068333 0.198750
0 -1  0.845000 0.526250 0.083333 0.237500
