0 5113 0.260833 0.535625 0.125000 0.251250
0 -1  0.845000 0.427500 0.020000 0.057500
0 -1  0.871667 0.432500 0.026667 0.070000
0 -1  0.790000 0.455000 0.060000 0.127500
0 -1  0.686667 0.439375 0.040000 0.086250
0 -1  0.938333 0.425625 0.026667 0.071250
0 -1  0.895000 0.516875 0.093333 0.208750
0 -1  0.582500 0.453750 0.038333 0.097500
0 -1  0.538333 0.458125 0.043333 0.088750
0 -1  0.384167 0.497500 0.085000 0.180000
0 -1  0.175000 0.504375 0.076667 0.193750
0 -1  0.725833 0.490000 0.071667 0.167500
0 -1  0.632500 0.486250 0.068333 0.165000
0 -1  0.063333 0.720000 0.123333 0.560000
