0 5122 0.361111 0.306875 0.102694 0.203750
0 -1  0.943603 0.210625 0.035354 0.071250
0 -1  0.810606 0.208750 0.028620 0.052500
0 -1  0.723906 0.219375 0.023569 0.048750
0 -1  0.589226 0.224375 0.023569 0.048750
0 -1  0.555556 0.225000 0.023569 0.047500
0 -1  0.515152 0.225000 0.023569 0.047500
0 -1  0.694444 0.216250 0.018519 0.047500
0 -1  0.491582 0.230625 0.026936 0.053750
0 -1  0.095960 0.248125 0.023569 0.048750
0 -1  0.854377 0.214375 0.028620 0.058750
0 -1  0.156566 0.245000 0.026936 0.052500
0 -1  0.632997 0.216875 0.023569 0.043750
