0 5125 0.779461 0.455000 0.060606 0.120000
0 5126 0.345118 0.435625 0.050505 0.096250
0 5127 0.462963 0.462500 0.063973 0.127500
0 5129 0.679293 0.783750 0.102694 0.205000
0 5144 0.773569 0.296250 0.045455 0.092500
0 -1  0.124579 0.185625 0.033670 0.066250
0 -1  0.292929 0.180000 0.037037 0.075000
0 -1  0.755892 0.252500 0.040404 0.082500
0 -1  0.712121 0.850625 0.094276 0.188750
0 -1  0.558923 0.245625 0.040404 0.081250
0 -1  0.664141 0.230625 0.038721 0.078750
0 -1  0.700337 0.245000 0.043771 0.087500
0 -1  0.718013 0.236875 0.038721 0.078750
0 -1  0.224747 0.376250 0.048822 0.085000
0 -1  0.685185 0.714375 0.074074 0.148750
