0 5125 0.913300 0.359375 0.065657 0.131250
0 5126 0.867003 0.356250 0.050505 0.102500
0 5127 0.789562 0.350000 0.067340 0.135000
0 5128 0.377946 0.635000 0.065657 0.132500
0 5144 0.887205 0.221250 0.053872 0.107500
0 5148 0.197811 0.220625 0.055556 0.106250
0 -1  0.028620 0.076875 0.037037 0.078750
0 -1  0.587542 0.158125 0.047138 0.093750
0 -1  0.696128 0.080625 0.038721 0.078750
0 -1  0.680135 0.634375 0.080808 0.161250
0 -1  0.379630 0.593125 0.092593 0.183750
0 -1  0.419192 0.605000 0.067340 0.135000
0 -1  0.417508 0.035625 0.026936 0.053750
0 -1  0.837542 0.093125 0.038721 0.078750
0 -1  0.874579 0.109375 0.042088 0.086250
0 -1  0.890572 0.101250 0.040404 0.082500
