0 362 0.595000 0.482500 0.350000 0.652500
0 363 0.639167 0.395000 0.241667 0.577500
0 -1  0.690000 0.233125 0.026667 0.066250
0 -1  0.155833 0.218125 0.028333 0.066250
0 -1  0.130000 0.220625 0.030000 0.063750
0 -1  0.020833 0.238750 0.038333 0.115000
0 -1  0.494167 0.226250 0.025000 0.060000
0 -1  0.799167 0.226250 0.021667 0.055000
0 -1  0.782500 0.223125 0.025000 0.061250
0 -1  0.755833 0.228125 0.021667 0.058750
0 -1  0.730000 0.225625 0.030000 0.073750
0 -1  0.864167 0.261250 0.068333 0.132500
0 -1  0.972500 0.275000 0.048333 0.135000
0 -1  0.543333 0.378125 0.020000 0.041250
0 -1  0.515000 0.378125 0.016667 0.038750
0 -1  0.506667 0.418125 0.020000 0.051250
0 -1  0.482500 0.421875 0.021667 0.043750
0 -1  0.482500 0.455625 0.021667 0.041250
0 -1  0.366667 0.381875 0.023333 0.051250
0 -1  0.289167 0.381250 0.028333 0.042500
0 -1  0.264167 0.385000 0.021667 0.040000
0 -1  0.255000 0.379375 0.016667 0.038750
0 -1  0.112500 0.489375 0.038333 0.063750
0 -1  0.163333 0.445625 0.026667 0.061250
0 -1  0.199167 0.420625 0.021667 0.048750
0 -1  0.210000 0.433125 0.023333 0.053750
0 -1  0.223333 0.438125 0.026667 0.056250
