0 5142 0.403750 0.442761 0.112500 0.407407
0 -1  0.120625 0.510101 0.146250 0.525253
0 -1  0.032500 0.419192 0.062500 0.292929
0 -1  0.158750 0.435185 0.052500 0.271044
0 -1  0.239375 0.429293 0.068750 0.276094
0 -1  0.336875 0.420034 0.048750 0.234007
0 -1  0.385000 0.421717 0.055000 0.237374
0 -1  0.523125 0.461279 0.086250 0.363636
0 -1  0.629375 0.447811 0.088750 0.383838
0 -1  0.716875 0.438552 0.088750 0.368687
0 -1  0.849375 0.324074 0.086250 0.338384
0 -1  0.939375 0.207071 0.101250 0.363636
0 -1  0.761250 0.373737 0.097500 0.353535
