0 34 0.516667 0.446875 0.156667 0.313750
0 -1  0.971667 0.376875 0.033333 0.101250
0 -1  0.863333 0.370000 0.040000 0.112500
0 -1  0.803333 0.371250 0.030000 0.075000
0 -1  0.692500 0.369375 0.028333 0.088750
0 -1  0.735833 0.396875 0.065000 0.163750
0 -1  0.834167 0.397500 0.051667 0.150000
0 -1  0.330833 0.400625 0.051667 0.163750
0 -1  0.289167 0.353125 0.021667 0.066250
0 -1  0.270833 0.358750 0.018333 0.067500
0 -1  0.260000 0.360625 0.026667 0.073750
0 -1  0.225000 0.370000 0.030000 0.095000
0 -1  0.244167 0.406875 0.051667 0.166250
0 -1  0.191667 0.398750 0.056667 0.145000
0 -1  0.135833 0.373125 0.055000 0.128750
0 -1  0.060833 0.388750 0.035000 0.100000
0 -1  0.085833 0.380000 0.048333 0.122500
0 -1  0.033333 0.381875 0.063333 0.146250
