0 362 0.305833 0.375625 0.258333 0.518750
0 363 0.555833 0.330000 0.255000 0.510000
0 -1  0.778333 0.175625 0.040000 0.103750
0 -1  0.968333 0.155000 0.030000 0.072500
0 -1  0.940833 0.160000 0.031667 0.070000
0 -1  0.730000 0.183750 0.036667 0.092500
0 -1  0.668333 0.199375 0.046667 0.126250
0 -1  0.615833 0.201250 0.041667 0.115000
0 -1  0.098333 0.276875 0.103333 0.213750
0 -1  0.969167 0.362500 0.028333 0.060000
0 -1  0.946667 0.377500 0.020000 0.060000
0 -1  0.885833 0.404375 0.028333 0.058750
0 -1  0.805000 0.442500 0.036667 0.072500
