0 5159 0.577500 0.555833 0.060000 0.215000
0 5160 0.598750 0.437500 0.057500 0.205000
0 5161 0.880000 0.565833 0.060000 0.215000
0 -1  0.975000 0.177500 0.047500 0.168333
0 -1  0.906250 0.128333 0.050000 0.180000
0 -1  0.851875 0.115000 0.038750 0.143333
0 -1  0.832500 0.161667 0.042500 0.176667
0 -1  0.752500 0.172500 0.045000 0.161667
0 -1  0.696250 0.192500 0.050000 0.178333
0 -1  0.621250 0.106667 0.045000 0.160000
0 -1  0.646875 0.279167 0.053750 0.191667
0 -1  0.425625 0.280000 0.041250 0.173333
0 -1  0.360625 0.292500 0.048750 0.175000
0 -1  0.836875 0.729167 0.066250 0.271667
0 -1  0.776875 0.667500 0.066250 0.235000
0 -1  0.381250 0.584167 0.050000 0.178333
0 -1  0.273125 0.544167 0.063750 0.228333
0 -1  0.230625 0.455000 0.038750 0.140000
