0 5158 0.153750 0.628333 0.187500 0.670000
0 -1  0.921875 0.607500 0.101250 0.465000
0 -1  0.836250 0.573333 0.085000 0.430000
0 -1  0.610625 0.510000 0.061250 0.286667
0 -1  0.579375 0.476667 0.056250 0.276667
0 -1  0.496875 0.468333 0.051250 0.250000
0 -1  0.430000 0.477500 0.065000 0.285000
0 -1  0.323750 0.547500 0.077500 0.408333
0 -1  0.366250 0.604167 0.120000 0.538333
0 -1  0.268125 0.552500 0.078750 0.348333
0 -1  0.029375 0.482500 0.053750 0.318333
0 -1  0.056875 0.516667 0.066250 0.353333
0 -1  0.078750 0.531667 0.070000 0.356667
