0 5170 0.482500 0.630000 0.082500 0.296667
0 -1  0.245625 0.709167 0.091250 0.325000
0 -1  0.330000 0.600833 0.067500 0.328333
0 -1  0.437500 0.571667 0.057500 0.243333
0 -1  0.513125 0.613333 0.048750 0.263333
0 -1  0.051250 0.512500 0.037500 0.145000
0 -1  0.263750 0.505000 0.022500 0.080000
0 -1  0.219375 0.506667 0.021250 0.080000
0 -1  0.145000 0.503333 0.020000 0.073333
0 -1  0.174375 0.508333 0.021250 0.083333
0 -1  0.790625 0.707500 0.098750 0.421667
0 -1  0.725000 0.729167 0.122500 0.528333
0 -1  0.688750 0.530833 0.030000 0.108333
0 -1  0.650000 0.526667 0.030000 0.110000
0 -1  0.610625 0.575000 0.036250 0.130000
0 -1  0.571875 0.642500 0.063750 0.328333
0 -1  0.975000 0.626667 0.042500 0.310000
