0 5170 0.496250 0.555000 0.052500 0.190000
0 -1  0.890625 0.658333 0.068750 0.306667
0 -1  0.760000 0.491667 0.022500 0.116667
0 -1  0.745625 0.510000 0.028750 0.146667
0 -1  0.726250 0.466667 0.022500 0.093333
0 -1  0.716250 0.516667 0.037500 0.163333
0 -1  0.693750 0.492500 0.022500 0.118333
0 -1  0.672500 0.483333 0.027500 0.126667
0 -1  0.653125 0.481667 0.021250 0.096667
0 -1  0.643750 0.475000 0.022500 0.100000
0 -1  0.628750 0.489167 0.022500 0.105000
0 -1  0.616250 0.456667 0.022500 0.096667
0 -1  0.590000 0.493333 0.030000 0.140000
0 -1  0.550625 0.494167 0.023750 0.138333
0 -1  0.561875 0.506667 0.031250 0.136667
0 -1  0.550000 0.609167 0.050000 0.278333
0 -1  0.501875 0.473333 0.021250 0.093333
0 -1  0.481250 0.500000 0.025000 0.116667
0 -1  0.410000 0.533333 0.030000 0.156667
0 -1  0.376250 0.629167 0.072500 0.341667
0 -1  0.288125 0.625000 0.063750 0.340000
0 -1  0.249375 0.516667 0.031250 0.166667
0 -1  0.226250 0.526667 0.030000 0.146667
0 -1  0.216875 0.516667 0.031250 0.140000
0 -1  0.200000 0.510833 0.032500 0.145000
0 -1  0.173750 0.565833 0.045000 0.205000
0 -1  0.137500 0.573333 0.050000 0.220000
0 -1  0.039375 0.615833 0.056250 0.308333
0 -1  0.021875 0.512500 0.031250 0.138333
