0 5162 0.413125 0.866667 0.071250 0.253333
0 5163 0.375625 0.629167 0.058750 0.178333
0 5168 0.508125 0.475833 0.048750 0.175000
0 5215 0.734375 0.636667 0.068750 0.223333
0 -1  0.903125 0.229167 0.038750 0.138333
0 -1  0.868125 0.215833 0.043750 0.155000
0 -1  0.880000 0.396667 0.042500 0.180000
0 -1  0.915625 0.665833 0.043750 0.155000
0 -1  0.934375 0.631667 0.046250 0.163333
0 -1  0.753750 0.170000 0.037500 0.143333
0 -1  0.696875 0.169167 0.031250 0.115000
0 -1  0.705000 0.304167 0.032500 0.138333
0 -1  0.691250 0.288333 0.035000 0.153333
0 -1  0.688125 0.430833 0.036250 0.165000
0 -1  0.657500 0.410833 0.045000 0.185000
0 -1  0.751250 0.555833 0.050000 0.198333
0 -1  0.668125 0.582500 0.046250 0.211667
0 -1  0.633125 0.191667 0.033750 0.153333
0 -1  0.603750 0.225833 0.040000 0.141667
0 -1  0.564375 0.194167 0.031250 0.138333
0 -1  0.565625 0.231667 0.031250 0.143333
0 -1  0.543750 0.218333 0.032500 0.130000
0 -1  0.555625 0.297500 0.036250 0.161667
0 -1  0.516250 0.250833 0.030000 0.105000
0 -1  0.518750 0.301667 0.040000 0.166667
0 -1  0.513125 0.454167 0.046250 0.201667
0 -1  0.534375 0.573333 0.046250 0.206667
0 -1  0.513125 0.618333 0.046250 0.206667
0 -1  0.476875 0.121667 0.031250 0.113333
0 -1  0.493125 0.237500 0.031250 0.151667
0 -1  0.483125 0.200833 0.028750 0.135000
0 -1  0.465000 0.205833 0.032500 0.131667
0 -1  0.451250 0.190000 0.035000 0.126667
0 -1  0.406875 0.220000 0.031250 0.140000
0 -1  0.453750 0.301667 0.042500 0.156667
0 -1  0.457500 0.445833 0.045000 0.198333
0 -1  0.439375 0.380833 0.041250 0.171667
0 -1  0.418125 0.320000 0.043750 0.176667
0 -1  0.413125 0.366667 0.041250 0.146667
0 -1  0.376250 0.250833 0.040000 0.168333
0 -1  0.350000 0.262500 0.032500 0.171667
0 -1  0.375625 0.435000 0.046250 0.190000
0 -1  0.327500 0.185833 0.035000 0.145000
0 -1  0.306250 0.115000 0.030000 0.120000
0 -1  0.293125 0.190000 0.031250 0.123333
0 -1  0.265625 0.177500 0.033750 0.135000
0 -1  0.292500 0.230833 0.037500 0.155000
0 -1  0.306250 0.381667 0.030000 0.123333
0 -1  0.258750 0.365000 0.037500 0.146667
0 -1  0.281250 0.404167 0.045000 0.168333
0 -1  0.253750 0.415833 0.042500 0.168333
0 -1  0.221875 0.109167 0.033750 0.131667
0 -1  0.237500 0.181667 0.030000 0.106667
0 -1  0.222500 0.150000 0.032500 0.123333
0 -1  0.221875 0.231667 0.043750 0.156667
0 -1  0.205625 0.145833 0.031250 0.128333
0 -1  0.178750 0.135000 0.027500 0.130000
0 -1  0.180625 0.170833 0.031250 0.121667
0 -1  0.160000 0.168333 0.037500 0.153333
0 -1  0.195625 0.303333 0.038750 0.153333
0 -1  0.181250 0.366667 0.040000 0.153333
0 -1  0.132500 0.050833 0.027500 0.098333
0 -1  0.066875 0.106667 0.026250 0.110000
0 -1  0.074375 0.218333 0.036250 0.153333
0 -1  0.096250 0.240833 0.042500 0.168333
0 -1  0.101250 0.309167 0.032500 0.135000
0 -1  0.125000 0.331667 0.037500 0.166667
0 -1  0.108125 0.398333 0.043750 0.196667
0 -1  0.138125 0.412500 0.041250 0.178333
0 -1  0.175000 0.497500 0.062500 0.221667
0 -1  0.266250 0.587500 0.057500 0.225000
0 -1  0.248750 0.717500 0.067500 0.281667
