0 5168 0.323125 0.645833 0.193750 0.691667
0 5169 0.123125 0.610000 0.181250 0.646667
0 -1  0.974375 0.402500 0.046250 0.211667
0 -1  0.901875 0.500833 0.081250 0.451667
0 -1  0.975000 0.500000 0.040000 0.270000
0 -1  0.848125 0.363333 0.043750 0.186667
0 -1  0.845000 0.410833 0.050000 0.215000
0 -1  0.801875 0.400833 0.051250 0.211667
0 -1  0.753125 0.363333 0.038750 0.163333
0 -1  0.712500 0.391667 0.047500 0.210000
0 -1  0.663750 0.436667 0.065000 0.313333
0 -1  0.611250 0.377500 0.032500 0.181667
0 -1  0.624375 0.402500 0.038750 0.181667
0 -1  0.576250 0.361667 0.020000 0.113333
0 -1  0.562500 0.385833 0.030000 0.165000
0 -1  0.528750 0.353333 0.027500 0.123333
0 -1  0.510000 0.360833 0.032500 0.148333
0 -1  0.534375 0.455000 0.053750 0.270000
0 -1  0.473750 0.367500 0.035000 0.165000
0 -1  0.444375 0.368333 0.031250 0.133333
0 -1  0.463750 0.449167 0.047500 0.255000
0 -1  0.400000 0.502500 0.082500 0.371667
0 -1  0.326875 0.640833 0.158750 0.661667
0 -1  0.257500 0.557500 0.115000 0.581667
0 -1  0.068750 0.454167 0.060000 0.265000
