0 5166 0.440625 0.699167 0.131250 0.508333
0 5167 0.331250 0.646667 0.137500 0.506667
0 -1  0.937500 0.511667 0.060000 0.243333
0 -1  0.898750 0.465833 0.037500 0.161667
0 -1  0.875000 0.439167 0.025000 0.118333
0 -1  0.858125 0.439167 0.026250 0.125000
0 -1  0.802500 0.514167 0.055000 0.238333
0 -1  0.732500 0.431667 0.025000 0.103333
0 -1  0.730625 0.506667 0.046250 0.213333
0 -1  0.694375 0.478333 0.041250 0.193333
0 -1  0.705625 0.501667 0.046250 0.190000
0 -1  0.985625 0.449167 0.023750 0.128333
0 -1  0.981875 0.431667 0.023750 0.140000
0 -1  0.568750 0.427500 0.027500 0.098333
0 -1  0.538750 0.424167 0.022500 0.081667
0 -1  0.661875 0.544167 0.088750 0.318333
0 -1  0.596875 0.527500 0.056250 0.245000
0 -1  0.468125 0.564167 0.083750 0.328333
0 -1  0.243125 0.573333 0.081250 0.350000
0 -1  0.388750 0.519167 0.060000 0.285000
0 -1  0.108125 0.670833 0.121250 0.565000
0 -1  0.040000 0.686667 0.075000 0.320000
0 -1  0.605000 0.166667 0.015000 0.070000
0 -1  0.593125 0.160000 0.016250 0.073333
0 -1  0.497500 0.150000 0.022500 0.080000
