0 5164 0.709375 0.841667 0.071250 0.256667
0 5165 0.750000 0.875000 0.070000 0.243333
0 5216 0.307500 0.456667 0.060000 0.230000
0 -1  0.860625 0.301667 0.046250 0.166667
0 -1  0.756250 0.289167 0.050000 0.178333
0 -1  0.691250 0.278333 0.042500 0.153333
0 -1  0.658750 0.285000 0.050000 0.180000
0 -1  0.706875 0.362500 0.038750 0.138333
0 -1  0.708750 0.415833 0.042500 0.168333
0 -1  0.658125 0.364167 0.046250 0.185000
0 -1  0.722500 0.482500 0.045000 0.211667
0 -1  0.699375 0.505000 0.051250 0.220000
0 -1  0.499375 0.333333 0.051250 0.183333
0 -1  0.436875 0.332500 0.051250 0.185000
0 -1  0.377500 0.348333 0.047500 0.200000
0 -1  0.339375 0.252500 0.048750 0.185000
0 -1  0.381250 0.535833 0.060000 0.241667
0 -1  0.363125 0.625000 0.061250 0.243333
0 -1  0.030625 0.681667 0.058750 0.246667
