0 5173 0.784375 0.445000 0.076250 0.273333
0 5174 0.643125 0.503333 0.093750 0.340000
0 -1  0.950000 0.299167 0.075000 0.295000
0 -1  0.955625 0.400000 0.071250 0.276667
0 -1  0.858125 0.206667 0.061250 0.253333
0 -1  0.846875 0.195833 0.053750 0.238333
0 -1  0.826250 0.253333 0.060000 0.270000
0 -1  0.713750 0.185833 0.050000 0.208333
0 -1  0.727500 0.293333 0.055000 0.250000
0 -1  0.717500 0.329167 0.065000 0.308333
0 -1  0.583125 0.560833 0.061250 0.278333
0 -1  0.548750 0.649167 0.085000 0.361667
0 -1  0.560000 0.715833 0.075000 0.348333
0 -1  0.468750 0.727500 0.052500 0.235000
0 -1  0.447500 0.866667 0.067500 0.260000
0 -1  0.652500 0.109167 0.052500 0.215000
0 -1  0.523750 0.171667 0.065000 0.266667
