0 5171 0.075625 0.764167 0.128750 0.461667
0 5172 0.245625 0.756667 0.113750 0.460000
0 5174 0.615625 0.715000 0.141250 0.503333
0 -1  0.921250 0.218333 0.072500 0.346667
0 -1  0.891250 0.205833 0.057500 0.301667
0 -1  0.856875 0.141667 0.068750 0.280000
0 -1  0.582500 0.383333 0.070000 0.313333
0 -1  0.594375 0.497500 0.098750 0.441667
0 -1  0.495625 0.360000 0.078750 0.393333
0 -1  0.450625 0.347500 0.073750 0.361667
0 -1  0.249375 0.532500 0.108750 0.475000
0 -1  0.115000 0.503333 0.105000 0.426667
0 -1  0.093750 0.653333 0.102500 0.450000
