0 364 0.619167 0.408750 0.325000 0.745000
0 -1  0.039167 0.141875 0.031667 0.078750
0 -1  0.068333 0.142500 0.040000 0.072500
0 -1  0.260833 0.140625 0.038333 0.093750
0 -1  0.354167 0.126250 0.041667 0.090000
0 -1  0.374167 0.132500 0.031667 0.080000
0 -1  0.422500 0.129375 0.041667 0.076250
0 -1  0.481667 0.125625 0.026667 0.071250
0 -1  0.504167 0.127500 0.031667 0.092500
0 -1  0.534167 0.128750 0.031667 0.085000
0 -1  0.693333 0.153125 0.043333 0.123750
0 -1  0.745000 0.146250 0.050000 0.142500
0 -1  0.787500 0.164375 0.068333 0.173750
0 -1  0.894167 0.140625 0.041667 0.131250
0 -1  0.972500 0.146250 0.055000 0.172500
0 -1  0.857500 0.135000 0.045000 0.140000
0 -1  0.279167 0.484375 0.041667 0.086250
0 -1  0.241667 0.420000 0.030000 0.072500
0 -1  0.278333 0.437500 0.033333 0.080000
0 -1  0.291667 0.423125 0.033333 0.078750
0 -1  0.548333 0.413125 0.033333 0.073750
0 -1  0.530833 0.467500 0.035000 0.072500
0 -1  0.484167 0.412500 0.041667 0.082500
0 -1  0.442500 0.424375 0.038333 0.083750
0 -1  0.410000 0.416875 0.030000 0.073750
0 -1  0.405833 0.430000 0.041667 0.080000
