0 5179 0.308125 0.438333 0.093750 0.336667
0 5180 0.508750 0.554167 0.095000 0.341667
0 5217 0.391875 0.484167 0.086250 0.335000
0 -1  0.210625 0.185000 0.058750 0.263333
0 -1  0.205000 0.248333 0.047500 0.173333
0 -1  0.180000 0.162500 0.047500 0.231667
0 -1  0.128750 0.217500 0.062500 0.298333
0 -1  0.086875 0.305000 0.058750 0.253333
0 -1  0.028125 0.592500 0.053750 0.288333
0 -1  0.087500 0.827500 0.095000 0.341667
0 -1  0.806875 0.828333 0.078750 0.283333
0 -1  0.896250 0.811667 0.072500 0.260000
0 -1  0.800625 0.102500 0.058750 0.201667
0 -1  0.192500 0.899167 0.055000 0.181667
