0 5187 0.531875 0.574167 0.093750 0.331667
0 5188 0.115000 0.533333 0.100000 0.346667
0 5211 0.271875 0.380833 0.101250 0.351667
0 -1  0.840625 0.766667 0.118750 0.323333
0 -1  0.775000 0.265000 0.082500 0.313333
0 -1  0.704375 0.270000 0.081250 0.353333
0 -1  0.725000 0.403333 0.082500 0.320000
0 -1  0.508750 0.204167 0.082500 0.311667
0 -1  0.418125 0.149167 0.071250 0.271667
0 -1  0.440625 0.294167 0.076250 0.278333
0 -1  0.390000 0.202500 0.077500 0.295000
0 -1  0.353125 0.297500 0.058750 0.211667
0 -1  0.199375 0.422500 0.086250 0.308333
0 -1  0.070625 0.492500 0.078750 0.268333
0 -1  0.330000 0.861667 0.080000 0.250000
0 -1  0.557500 0.491667 0.077500 0.303333
