0 5191 0.236250 0.666667 0.155000 0.553333
0 5192 0.101250 0.722500 0.152500 0.541667
0 5193 0.475000 0.398333 0.152500 0.543333
0 5195 0.395625 0.694167 0.168750 0.601667
0 -1  0.669375 0.248333 0.118750 0.493333
0 -1  0.644375 0.657500 0.143750 0.605000
0 -1  0.533750 0.322500 0.080000 0.311667
0 -1  0.451250 0.631667 0.100000 0.453333
0 -1  0.334375 0.360000 0.108750 0.543333
0 -1  0.266875 0.471667 0.118750 0.570000
0 -1  0.204375 0.557500 0.121250 0.545000
0 -1  0.098125 0.355833 0.121250 0.561667
