0 5198 0.716875 0.518333 0.126250 0.450000
0 5199 0.369375 0.495833 0.133750 0.478333
0 5200 0.459375 0.530833 0.123750 0.438333
0 -1  0.552500 0.435833 0.095000 0.448333
0 -1  0.413750 0.355000 0.087500 0.440000
0 -1  0.298125 0.325000 0.086250 0.366667
0 -1  0.221250 0.314167 0.077500 0.375000
0 -1  0.103125 0.172500 0.068750 0.288333
0 -1  0.045625 0.196667 0.066250 0.323333
0 -1  0.098750 0.343333 0.062500 0.356667
0 -1  0.085000 0.407500 0.085000 0.448333
0 -1  0.061875 0.404167 0.076250 0.371667
0 -1  0.208750 0.509167 0.092500 0.458333
0 -1  0.205000 0.592500 0.092500 0.425000
0 -1  0.291250 0.652500 0.105000 0.505000
0 -1  0.290625 0.730000 0.091250 0.413333
