0 5205 0.559375 0.670000 0.123750 0.430000
0 5206 0.406875 0.405000 0.136250 0.486667
0 5214 0.653750 0.332500 0.115000 0.411667
0 -1  0.673125 0.166667 0.096250 0.326667
0 -1  0.733750 0.425000 0.087500 0.403333
0 -1  0.460000 0.171667 0.095000 0.340000
0 -1  0.511875 0.159167 0.071250 0.315000
0 -1  0.495625 0.617500 0.098750 0.435000
0 -1  0.303750 0.209167 0.097500 0.385000
0 -1  0.203125 0.176667 0.081250 0.290000
0 -1  0.128750 0.209167 0.090000 0.401667
0 -1  0.089375 0.330833 0.098750 0.428333
