0 5198 0.171875 0.765833 0.101250 0.361667
0 5202 0.349375 0.548333 0.093750 0.336667
0 5203 0.271875 0.576667 0.093750 0.336667
0 -1  0.516250 0.623333 0.082500 0.326667
0 -1  0.520625 0.697500 0.073750 0.361667
0 -1  0.592500 0.727500 0.075000 0.341667
0 -1  0.413750 0.740000 0.085000 0.363333
0 -1  0.463750 0.803333 0.080000 0.363333
0 -1  0.828750 0.090833 0.050000 0.178333
0 -1  0.124375 0.110833 0.056250 0.218333
0 -1  0.067500 0.096667 0.045000 0.190000
0 -1  0.033750 0.648333 0.065000 0.356667
