0 5199 0.682500 0.634167 0.125000 0.448333
0 5200 0.764375 0.695833 0.136250 0.488333
0 5212 0.616875 0.241667 0.121250 0.433333
0 5213 0.397500 0.508333 0.120000 0.430000
0 -1  0.933125 0.569167 0.111250 0.445000
0 -1  0.903750 0.724167 0.127500 0.508333
0 -1  0.629375 0.119167 0.068750 0.235000
0 -1  0.480625 0.380000 0.096250 0.386667
0 -1  0.082500 0.712500 0.125000 0.435000
0 -1  0.331875 0.195000 0.093750 0.386667
0 -1  0.266875 0.189167 0.081250 0.375000
0 -1  0.079375 0.206667 0.088750 0.393333
