0 5204 0.613125 0.537500 0.138750 0.495000
0 5218 0.292500 0.559167 0.100000 0.491667
0 -1  0.871250 0.804167 0.107500 0.385000
0 -1  0.742500 0.755833 0.117500 0.471667
0 -1  0.742500 0.559167 0.105000 0.501667
0 -1  0.518750 0.789167 0.105000 0.418333
0 -1  0.446875 0.785000 0.118750 0.423333
0 -1  0.427500 0.685000 0.107500 0.530000
0 -1  0.460000 0.626667 0.115000 0.520000
0 -1  0.434375 0.351667 0.098750 0.410000
0 -1  0.351875 0.356667 0.088750 0.350000
0 -1  0.266250 0.545833 0.090000 0.411667
0 -1  0.210000 0.540000 0.075000 0.316667
0 -1  0.215000 0.428333 0.090000 0.416667
