0 5213 0.194375 0.691667 0.126250 0.450000
0 -1  0.909375 0.815833 0.086250 0.308333
0 -1  0.871875 0.638333 0.108750 0.390000
0 -1  0.949375 0.571667 0.093750 0.463333
0 -1  0.830625 0.503333 0.093750 0.386667
0 -1  0.691250 0.260833 0.080000 0.391667
0 -1  0.635000 0.554167 0.082500 0.431667
0 -1  0.556875 0.615000 0.118750 0.456667
0 -1  0.564375 0.268333 0.093750 0.370000
0 -1  0.434375 0.362500 0.086250 0.381667
0 -1  0.312500 0.604167 0.090000 0.398333
0 -1  0.158750 0.399167 0.097500 0.495000
0 -1  0.283750 0.140833 0.077500 0.278333
