0 5216 0.543750 0.394167 0.085000 0.288333
0 -1  0.678125 0.080833 0.043750 0.158333
0 -1  0.707500 0.097500 0.037500 0.185000
0 -1  0.731875 0.128333 0.038750 0.163333
0 -1  0.742500 0.105833 0.035000 0.168333
0 -1  0.839375 0.196667 0.043750 0.210000
0 -1  0.811250 0.189167 0.052500 0.208333
0 -1  0.812500 0.525000 0.120000 0.590000
0 -1  0.636875 0.374167 0.048750 0.208333
0 -1  0.588125 0.361667 0.051250 0.210000
0 -1  0.468750 0.412500 0.055000 0.198333
0 -1  0.445000 0.318333 0.030000 0.116667
0 -1  0.436250 0.323333 0.032500 0.116667
0 -1  0.366250 0.445000 0.045000 0.160000
0 -1  0.321250 0.420000 0.060000 0.326667
0 -1  0.286250 0.335833 0.037500 0.145000
0 -1  0.218125 0.322500 0.036250 0.131667
0 -1  0.250000 0.474167 0.075000 0.355000
0 -1  0.137500 0.376667 0.050000 0.220000
0 -1  0.166250 0.433333 0.075000 0.373333
0 -1  0.121250 0.488333 0.057500 0.226667
0 -1  0.070625 0.465000 0.071250 0.376667
0 -1  0.040625 0.360833 0.051250 0.218333
0 -1  0.025625 0.454167 0.048750 0.368333
