0 35 0.682500 0.460625 0.141667 0.306250
0 -1  0.083333 0.458750 0.163333 0.330000
0 -1  0.402500 0.341250 0.018333 0.045000
0 -1  0.017500 0.359375 0.028333 0.108750
0 -1  0.119167 0.373750 0.051667 0.130000
0 -1  0.183333 0.349375 0.023333 0.066250
0 -1  0.209167 0.349375 0.021667 0.068750
0 -1  0.226667 0.351875 0.036667 0.088750
0 -1  0.263333 0.341875 0.020000 0.051250
0 -1  0.296667 0.334375 0.020000 0.046250
0 -1  0.303333 0.336875 0.020000 0.046250
0 -1  0.335000 0.346875 0.030000 0.068750
