0 5262 0.455625 0.650833 0.123750 0.441667
0 5263 0.626250 0.644167 0.112500 0.441667
0 -1  0.286250 0.305000 0.015000 0.070000
0 -1  0.329375 0.300000 0.013750 0.066667
0 -1  0.359375 0.324167 0.023750 0.108333
0 -1  0.395625 0.328333 0.021250 0.096667
0 -1  0.438125 0.325833 0.023750 0.111667
0 -1  0.468125 0.315000 0.021250 0.106667
0 -1  0.510000 0.307500 0.022500 0.101667
0 -1  0.473125 0.331667 0.018750 0.090000
0 -1  0.491250 0.319167 0.025000 0.111667
0 -1  0.565000 0.302500 0.022500 0.091667
