0 369 0.539167 0.401250 0.275000 0.570000
0 370 0.320000 0.405625 0.373333 0.748750
0 -1  0.978333 0.138125 0.033333 0.093750
0 -1  0.945000 0.140000 0.036667 0.095000
0 -1  0.907500 0.139375 0.035000 0.093750
0 -1  0.865833 0.145000 0.035000 0.082500
0 -1  0.837500 0.159375 0.051667 0.133750
0 -1  0.786667 0.176250 0.043333 0.110000
0 -1  0.112500 0.208750 0.058333 0.137500
0 -1  0.405833 0.196875 0.061667 0.118750
0 -1  0.940000 0.557500 0.053333 0.100000
0 -1  0.879167 0.515625 0.055000 0.098750
0 -1  0.910000 0.517500 0.046667 0.080000
