0 5282 0.685000 0.511667 0.120000 0.463333
0 -1  0.088125 0.282500 0.023750 0.108333
0 -1  0.118125 0.280833 0.026250 0.105000
0 -1  0.142500 0.282500 0.027500 0.118333
0 -1  0.346250 0.305000 0.027500 0.133333
0 -1  0.411875 0.356667 0.058750 0.256667
0 -1  0.465000 0.372500 0.055000 0.251667
0 -1  0.506250 0.376667 0.070000 0.280000
0 -1  0.833750 0.331667 0.040000 0.190000
0 -1  0.751250 0.299167 0.040000 0.165000
0 -1  0.788750 0.319167 0.045000 0.171667
0 -1  0.881250 0.437500 0.097500 0.385000
0 -1  0.663750 0.304167 0.032500 0.161667
0 -1  0.633125 0.324167 0.038750 0.191667
0 -1  0.589375 0.352500 0.053750 0.225000
