0 375 0.283333 0.478750 0.380000 0.762500
0 -1  0.646667 0.407500 0.030000 0.060000
0 -1  0.677500 0.183125 0.021667 0.061250
0 -1  0.667500 0.185625 0.021667 0.058750
0 -1  0.644167 0.185625 0.025000 0.058750
0 -1  0.547500 0.207500 0.038333 0.097500
0 -1  0.515000 0.198125 0.026667 0.093750
0 -1  0.486667 0.199375 0.033333 0.083750
0 -1  0.410833 0.203750 0.038333 0.095000
0 -1  0.124167 0.225625 0.061667 0.121250
0 -1  0.834167 0.176250 0.018333 0.050000
0 -1  0.804167 0.174375 0.025000 0.056250
0 -1  0.714167 0.338750 0.021667 0.037500
0 -1  0.779167 0.382500 0.021667 0.035000
0 -1  0.820000 0.369375 0.023333 0.053750
0 -1  0.844167 0.391250 0.028333 0.052500
0 -1  0.988333 0.383125 0.016667 0.051250
