0 5338 0.640000 0.341250 0.060000 0.122500
0 5339 0.615000 0.481250 0.070000 0.140000
0 5343 0.551667 0.325625 0.060000 0.121250
0 5344 0.487500 0.339375 0.058333 0.116250
0 -1  0.648333 0.127500 0.020000 0.050000
0 -1  0.630000 0.121875 0.020000 0.048750
0 -1  0.609167 0.113125 0.021667 0.053750
0 -1  0.543333 0.143125 0.023333 0.058750
0 -1  0.588333 0.144375 0.026667 0.056250
0 -1  0.615000 0.176250 0.026667 0.062500
0 -1  0.584167 0.215000 0.031667 0.080000
0 -1  0.642500 0.235625 0.025000 0.056250
0 -1  0.753333 0.569375 0.090000 0.168750
