0 377 0.241667 0.365625 0.283333 0.566250
0 378 0.703333 0.389375 0.293333 0.596250
0 379 0.503333 0.345625 0.216667 0.488750
0 -1  0.108333 0.363750 0.030000 0.067500
0 -1  0.896667 0.190625 0.060000 0.148750
0 -1  0.840833 0.193750 0.065000 0.135000
0 -1  0.676667 0.166250 0.046667 0.107500
0 -1  0.610833 0.148125 0.038333 0.083750
0 -1  0.491667 0.143750 0.030000 0.072500
0 -1  0.471667 0.143125 0.026667 0.066250
0 -1  0.380833 0.141875 0.028333 0.053750
0 -1  0.347500 0.136875 0.028333 0.058750
0 -1  0.030000 0.347500 0.020000 0.042500
0 -1  0.138333 0.406250 0.036667 0.090000
0 -1  0.027500 0.135625 0.028333 0.053750
0 -1  0.116667 0.133125 0.023333 0.053750
0 -1  0.051667 0.135625 0.023333 0.051250
0 -1  0.078333 0.135625 0.023333 0.048750
