0 381 0.478333 0.413750 0.250000 0.587500
0 382 0.343333 0.366250 0.243333 0.530000
0 -1  0.246667 0.204375 0.030000 0.071250
0 -1  0.230833 0.213750 0.031667 0.080000
0 -1  0.047500 0.225000 0.038333 0.085000
0 -1  0.120000 0.494375 0.036667 0.066250
0 -1  0.150000 0.493750 0.036667 0.067500
0 -1  0.258333 0.406250 0.030000 0.047500
0 -1  0.609167 0.184375 0.028333 0.056250
0 -1  0.614167 0.186250 0.028333 0.055000
0 -1  0.697500 0.192500 0.025000 0.060000
0 -1  0.748333 0.188750 0.026667 0.065000
0 -1  0.854167 0.181875 0.025000 0.066250
0 -1  0.985000 0.200625 0.026667 0.106250
0 -1  0.920833 0.206250 0.041667 0.097500
0 -1  0.613333 0.424375 0.026667 0.058750
0 -1  0.630000 0.413750 0.026667 0.055000
0 -1  0.779167 0.375000 0.025000 0.052500
0 -1  0.849167 0.433125 0.028333 0.061250
0 -1  0.798333 0.423125 0.030000 0.061250
0 -1  0.825000 0.435625 0.026667 0.066250
0 -1  0.804167 0.379375 0.025000 0.046250
