0 381 0.490833 0.382500 0.261667 0.525000
0 382 0.282500 0.349375 0.245000 0.516250
0 -1  0.021667 0.185625 0.026667 0.063750
0 -1  0.089167 0.176250 0.025000 0.057500
0 -1  0.160000 0.185000 0.030000 0.067500
0 -1  0.216667 0.198750 0.036667 0.082500
0 -1  0.256667 0.195000 0.036667 0.095000
0 -1  0.535000 0.212500 0.046667 0.102500
0 -1  0.760000 0.263750 0.093333 0.252500
0 -1  0.800000 0.273125 0.093333 0.211250
0 -1  0.102500 0.367500 0.025000 0.045000
0 -1  0.130000 0.368750 0.026667 0.047500
0 -1  0.078333 0.418750 0.036667 0.062500
0 -1  0.142500 0.425625 0.028333 0.063750
0 -1  0.169167 0.421875 0.031667 0.058750
