0 383 0.488333 0.375000 0.313333 0.627500
0 384 0.643333 0.324375 0.253333 0.506250
0 -1  0.860833 0.094375 0.031667 0.066250
0 -1  0.556667 0.117500 0.026667 0.065000
0 -1  0.535833 0.121875 0.025000 0.068750
0 -1  0.509167 0.120000 0.028333 0.067500
0 -1  0.339167 0.142500 0.038333 0.090000
0 -1  0.279167 0.147500 0.041667 0.095000
0 -1  0.243333 0.151875 0.040000 0.093750
0 -1  0.203333 0.155625 0.036667 0.093750
0 -1  0.172500 0.157500 0.045000 0.100000
0 -1  0.132500 0.161875 0.048333 0.108750
0 -1  0.087500 0.175625 0.068333 0.156250
0 -1  0.946667 0.370625 0.033333 0.061250
0 -1  0.927500 0.343125 0.031667 0.063750
0 -1  0.775833 0.386875 0.035000 0.058750
0 -1  0.751667 0.415000 0.036667 0.065000
0 -1  0.782500 0.429375 0.031667 0.061250
