0 385 0.715833 0.370625 0.251667 0.503750
0 -1  0.052500 0.174375 0.035000 0.078750
0 -1  0.072500 0.179375 0.031667 0.076250
0 -1  0.222500 0.207500 0.048333 0.127500
0 -1  0.271667 0.215000 0.060000 0.147500
0 -1  0.322500 0.217500 0.048333 0.137500
0 -1  0.373333 0.203750 0.053333 0.145000
0 -1  0.391667 0.201875 0.043333 0.106250
0 -1  0.849167 0.248125 0.081667 0.203750
0 -1  0.547500 0.210000 0.061667 0.162500
0 -1  0.601667 0.218750 0.073333 0.165000
0 -1  0.509167 0.215625 0.078333 0.176250
0 -1  0.675833 0.260000 0.148333 0.292500
