0 36 0.752500 0.540000 0.455000 0.825000
0 -1  0.384167 0.153125 0.025000 0.073750
0 -1  0.402500 0.174375 0.041667 0.108750
0 -1  0.433333 0.181250 0.046667 0.152500
0 -1  0.463333 0.178125 0.040000 0.136250
0 -1  0.487500 0.189375 0.041667 0.146250
0 -1  0.502500 0.171250 0.045000 0.160000
0 -1  0.610000 0.186250 0.043333 0.140000
0 -1  0.645833 0.178750 0.041667 0.140000
0 -1  0.686667 0.176875 0.036667 0.133750
0 -1  0.722500 0.168750 0.038333 0.130000
0 -1  0.913333 0.169375 0.036667 0.138750
0 -1  0.980000 0.151250 0.026667 0.085000
0 -1  0.948333 0.166875 0.043333 0.131250
