0 386 0.486667 0.420000 0.293333 0.590000
0 -1  0.061667 0.173125 0.030000 0.066250
0 -1  0.142500 0.170625 0.021667 0.061250
0 -1  0.242500 0.166875 0.025000 0.063750
0 -1  0.209167 0.174375 0.031667 0.071250
0 -1  0.266667 0.186250 0.030000 0.085000
0 -1  0.300833 0.191875 0.038333 0.098750
0 -1  0.319167 0.181250 0.028333 0.075000
0 -1  0.345833 0.183125 0.028333 0.073750
0 -1  0.361667 0.183125 0.033333 0.073750
0 -1  0.375833 0.200625 0.041667 0.108750
0 -1  0.411667 0.178125 0.040000 0.083750
0 -1  0.866667 0.238125 0.083333 0.163750
0 -1  0.183333 0.351875 0.020000 0.043750
0 -1  0.259167 0.420000 0.025000 0.060000
0 -1  0.200833 0.407500 0.025000 0.060000
0 -1  0.213333 0.438125 0.030000 0.053750
0 -1  0.016667 0.379375 0.030000 0.061250
0 -1  0.042500 0.378750 0.025000 0.062500
0 -1  0.056667 0.376875 0.026667 0.063750
0 -1  0.062500 0.403750 0.028333 0.065000
0 -1  0.105833 0.383750 0.025000 0.055000
0 -1  0.127500 0.408750 0.031667 0.065000
