0 5466 0.229167 0.303750 0.085000 0.175000
0 5467 0.945000 0.306250 0.110000 0.222500
0 -1  0.080000 0.268750 0.050000 0.122500
0 -1  0.108333 0.264375 0.066667 0.138750
0 -1  0.695000 0.158750 0.016667 0.045000
0 -1  0.634167 0.148125 0.015000 0.038750
0 -1  0.619167 0.151250 0.015000 0.040000
0 -1  0.597500 0.151875 0.015000 0.041250
0 -1  0.583333 0.165625 0.013333 0.046250
0 -1  0.575000 0.163125 0.013333 0.041250
0 -1  0.558333 0.168125 0.016667 0.051250
0 -1  0.549167 0.165000 0.021667 0.050000
0 -1  0.525833 0.164375 0.018333 0.046250
0 -1  0.500833 0.175625 0.021667 0.051250
0 -1  0.517500 0.179375 0.025000 0.061250
0 -1  0.486667 0.182500 0.023333 0.050000
0 -1  0.465833 0.191250 0.018333 0.037500
0 -1  0.424167 0.192500 0.028333 0.067500
