0 387 0.320000 0.403125 0.216667 0.433750
0 388 0.760833 0.395625 0.231667 0.463750
0 -1  0.020833 0.067500 0.038333 0.075000
0 -1  0.090000 0.065000 0.040000 0.075000
0 -1  0.025833 0.238125 0.038333 0.068750
0 -1  0.100000 0.233125 0.033333 0.071250
0 -1  0.133333 0.230000 0.033333 0.075000
0 -1  0.343333 0.209375 0.020000 0.048750
0 -1  0.369167 0.211875 0.021667 0.056250
0 -1  0.390833 0.211875 0.021667 0.048750
0 -1  0.417500 0.208125 0.018333 0.048750
0 -1  0.475000 0.204375 0.020000 0.053750
0 -1  0.505833 0.203125 0.025000 0.058750
0 -1  0.497500 0.215625 0.025000 0.063750
0 -1  0.536667 0.208125 0.023333 0.068750
0 -1  0.560000 0.226875 0.036667 0.098750
0 -1  0.589167 0.226875 0.041667 0.106250
0 -1  0.624167 0.221250 0.031667 0.090000
0 -1  0.649167 0.219375 0.035000 0.093750
0 -1  0.694167 0.220625 0.048333 0.103750
0 -1  0.383333 0.390000 0.020000 0.045000
0 -1  0.414167 0.386875 0.025000 0.048750
0 -1  0.417500 0.445000 0.025000 0.060000
0 -1  0.445833 0.436875 0.025000 0.056250
0 -1  0.459167 0.471250 0.028333 0.055000
0 -1  0.019167 0.473125 0.035000 0.061250
0 -1  0.022500 0.456875 0.031667 0.053750
0 -1  0.096667 0.418125 0.020000 0.048750
0 -1  0.129167 0.447500 0.021667 0.057500
0 -1  0.152500 0.462500 0.028333 0.060000
0 -1  0.193333 0.450000 0.030000 0.060000
0 -1  0.202500 0.446875 0.031667 0.053750
0 -1  0.270000 0.490625 0.033333 0.066250
0 -1  0.275000 0.533125 0.026667 0.051250
