0 5505 0.700000 0.363125 0.190000 0.411250
0 5507 0.540833 0.270625 0.138333 0.278750
0 -1  0.030000 0.211250 0.036667 0.077500
0 -1  0.062500 0.225625 0.025000 0.051250
0 -1  0.035000 0.240625 0.066667 0.138750
0 -1  0.608333 0.281875 0.086667 0.233750
0 -1  0.450000 0.243125 0.060000 0.148750
0 -1  0.397500 0.239375 0.055000 0.126250
0 -1  0.319167 0.231250 0.055000 0.145000
0 -1  0.363333 0.236875 0.063333 0.156250
0 -1  0.305000 0.278125 0.050000 0.156250
0 -1  0.249167 0.273125 0.081667 0.221250
0 -1  0.140000 0.338750 0.206667 0.485000
0 -1  0.940833 0.372500 0.118333 0.335000
