0 390 0.580833 0.411250 0.318333 0.637500
0 -1  0.770000 0.219375 0.083333 0.228750
0 -1  0.649167 0.181250 0.051667 0.140000
0 -1  0.495000 0.175625 0.043333 0.098750
0 -1  0.385833 0.168750 0.045000 0.120000
0 -1  0.352500 0.172500 0.041667 0.102500
0 -1  0.285833 0.170625 0.041667 0.101250
0 -1  0.218333 0.359375 0.033333 0.058750
0 -1  0.196667 0.355625 0.030000 0.053750
0 -1  0.142500 0.360625 0.028333 0.053750
0 -1  0.123333 0.361250 0.023333 0.055000
0 -1  0.050833 0.361250 0.028333 0.057500
0 -1  0.150833 0.418125 0.035000 0.071250
0 -1  0.173333 0.417500 0.040000 0.072500
0 -1  0.214167 0.448125 0.035000 0.061250
0 -1  0.367500 0.482500 0.041667 0.085000
0 -1  0.019167 0.150625 0.035000 0.071250
0 -1  0.025000 0.150000 0.033333 0.067500
0 -1  0.084167 0.154375 0.035000 0.076250
