0 36 0.714167 0.512500 0.241667 0.470000
0 -1  0.940833 0.312500 0.015000 0.047500
0 -1  0.908333 0.317500 0.030000 0.067500
0 -1  0.847500 0.310625 0.035000 0.081250
0 -1  0.715000 0.324375 0.030000 0.081250
0 -1  0.667500 0.307500 0.021667 0.047500
0 -1  0.548333 0.306875 0.026667 0.066250
0 -1  0.518333 0.323125 0.026667 0.088750
0 -1  0.498333 0.320625 0.026667 0.086250
0 -1  0.477500 0.324375 0.031667 0.098750
0 -1  0.447500 0.320625 0.045000 0.111250
0 -1  0.422500 0.303125 0.021667 0.061250
0 -1  0.390833 0.321875 0.045000 0.118750
0 -1  0.343333 0.306250 0.033333 0.062500
0 -1  0.318333 0.300000 0.023333 0.062500
0 -1  0.289167 0.300625 0.018333 0.053750
0 -1  0.262500 0.303750 0.025000 0.070000
0 -1  0.171667 0.312500 0.043333 0.105000
0 -1  0.239167 0.310625 0.028333 0.091250
