0 5559 0.659167 0.240625 0.178333 0.383750
0 5560 0.528333 0.263750 0.143333 0.412500
0 6071 0.482500 0.250000 0.141667 0.345000
0 -1  0.229167 0.175625 0.041667 0.091250
0 -1  0.279167 0.183125 0.038333 0.101250
0 -1  0.304167 0.173125 0.028333 0.073750
0 -1  0.426667 0.196875 0.046667 0.111250
0 -1  0.410000 0.188750 0.050000 0.105000
0 -1  0.399167 0.180000 0.048333 0.110000
0 -1  0.354167 0.183125 0.055000 0.138750
0 -1  0.162500 0.185625 0.091667 0.181250
0 -1  0.050833 0.302500 0.098333 0.482500
