0 394 0.332500 0.236250 0.051667 0.105000
0 395 0.291667 0.228750 0.043333 0.100000
0 396 0.569167 0.320000 0.155000 0.345000
0 397 0.432500 0.372500 0.115000 0.262500
0 398 0.447500 0.250625 0.085000 0.171250
0 -1  0.033333 0.213125 0.030000 0.073750
0 -1  0.118333 0.230000 0.040000 0.102500
0 -1  0.162500 0.220625 0.048333 0.113750
0 -1  0.232500 0.201875 0.035000 0.061250
0 -1  0.250833 0.225000 0.041667 0.102500
0 -1  0.284167 0.217500 0.041667 0.087500
0 -1  0.386667 0.246875 0.053333 0.138750
