0 5590 0.667500 0.267500 0.145000 0.292500
0 5591 0.351667 0.298750 0.173333 0.367500
0 5592 0.125833 0.228750 0.141667 0.282500
0 5593 0.740833 0.250000 0.101667 0.235000
0 -1  0.940000 0.263750 0.116667 0.312500
0 -1  0.901667 0.182500 0.030000 0.065000
0 -1  0.049167 0.186875 0.068333 0.161250
0 -1  0.204167 0.205625 0.051667 0.141250
0 -1  0.402500 0.176250 0.041667 0.105000
0 -1  0.567500 0.172500 0.018333 0.050000
0 -1  0.620000 0.173750 0.020000 0.050000
0 -1  0.820833 0.185000 0.018333 0.047500
0 -1  0.838333 0.183125 0.020000 0.048750
0 -1  0.852500 0.184375 0.025000 0.053750
