0 5610 0.379167 0.266875 0.088333 0.178750
0 5611 0.540000 0.361250 0.166667 0.360000
0 -1  0.986667 0.230625 0.026667 0.068750
0 -1  0.838333 0.227500 0.020000 0.050000
0 -1  0.820000 0.229375 0.020000 0.051250
0 -1  0.763333 0.228750 0.023333 0.055000
0 -1  0.702500 0.225625 0.018333 0.048750
0 -1  0.631667 0.230625 0.020000 0.051250
0 -1  0.591667 0.226250 0.016667 0.042500
0 -1  0.571667 0.226250 0.020000 0.052500
0 -1  0.515000 0.233125 0.023333 0.053750
0 -1  0.427500 0.238125 0.018333 0.041250
0 -1  0.443333 0.231250 0.030000 0.065000
0 -1  0.473333 0.233750 0.020000 0.052500
0 -1  0.155833 0.233125 0.045000 0.108750
0 -1  0.182500 0.238750 0.045000 0.112500
0 -1  0.211667 0.241250 0.046667 0.112500
0 -1  0.886667 0.324375 0.123333 0.251250
