0 401 0.247500 0.346875 0.151667 0.306250
0 403 0.366667 0.460000 0.230000 0.537500
0 404 0.436667 0.395000 0.206667 0.520000
0 -1  0.709167 0.368750 0.018333 0.045000
0 -1  0.693333 0.368125 0.016667 0.046250
0 -1  0.586667 0.420000 0.020000 0.052500
0 -1  0.568333 0.417500 0.026667 0.052500
0 -1  0.554167 0.460625 0.025000 0.066250
0 -1  0.537500 0.476875 0.035000 0.076250
0 -1  0.502500 0.476875 0.035000 0.071250
0 -1  0.920833 0.069375 0.021667 0.048750
0 -1  0.906667 0.079375 0.026667 0.048750
0 -1  0.879167 0.083750 0.021667 0.057500
0 -1  0.818333 0.079375 0.023333 0.051250
0 -1  0.773333 0.205625 0.026667 0.056250
0 -1  0.702500 0.201875 0.025000 0.056250
0 -1  0.683333 0.210625 0.023333 0.066250
0 -1  0.659167 0.210000 0.025000 0.057500
0 -1  0.645000 0.212500 0.026667 0.070000
0 -1  0.626667 0.216250 0.030000 0.070000
0 -1  0.574167 0.215000 0.028333 0.067500
0 -1  0.536667 0.215000 0.030000 0.072500
0 -1  0.466667 0.228750 0.023333 0.055000
