0 5645 0.844167 0.307500 0.155000 0.345000
0 5646 0.721667 0.325625 0.166667 0.371250
0 5648 0.365833 0.303125 0.121667 0.288750
0 5649 0.219167 0.277500 0.105000 0.212500
0 -1  0.940833 0.330625 0.108333 0.306250
0 -1  0.015000 0.230625 0.026667 0.056250
0 -1  0.033333 0.233750 0.033333 0.072500
0 -1  0.050833 0.227500 0.031667 0.080000
0 -1  0.070000 0.233125 0.036667 0.098750
0 -1  0.097500 0.254375 0.055000 0.131250
0 -1  0.121667 0.250000 0.046667 0.130000
0 -1  0.452500 0.263125 0.095000 0.238750
