0 5646 0.434167 0.268125 0.101667 0.218750
0 5649 0.595000 0.296250 0.150000 0.327500
0 -1  0.019167 0.226250 0.035000 0.085000
0 -1  0.139167 0.219375 0.025000 0.063750
0 -1  0.159167 0.218750 0.025000 0.062500
0 -1  0.193333 0.218125 0.026667 0.063750
0 -1  0.122500 0.229375 0.045000 0.108750
0 -1  0.049167 0.228750 0.061667 0.135000
0 -1  0.087500 0.243750 0.068333 0.155000
0 -1  0.250833 0.260625 0.065000 0.168750
0 -1  0.311667 0.236250 0.060000 0.155000
0 -1  0.531667 0.260625 0.093333 0.211250
0 -1  0.881667 0.285000 0.120000 0.300000
