0 5657 0.254167 0.296250 0.195000 0.390000
0 5658 0.596667 0.240000 0.093333 0.187500
0 -1  0.515833 0.202500 0.038333 0.097500
0 -1  0.501667 0.200000 0.040000 0.095000
0 -1  0.456667 0.215000 0.046667 0.117500
0 -1  0.495000 0.225625 0.036667 0.101250
0 -1  0.408333 0.208125 0.050000 0.108750
0 -1  0.370000 0.211250 0.050000 0.127500
0 -1  0.350833 0.206875 0.058333 0.141250
0 -1  0.310000 0.201875 0.043333 0.103750
0 -1  0.066667 0.213125 0.053333 0.126250
0 -1  0.096667 0.205000 0.063333 0.155000
0 -1  0.169167 0.210000 0.061667 0.115000
