0 5657 0.538333 0.408125 0.236667 0.531250
0 5658 0.370000 0.300625 0.073333 0.148750
0 -1  0.470833 0.280625 0.041667 0.096250
0 -1  0.302500 0.271250 0.031667 0.077500
0 -1  0.326667 0.278125 0.040000 0.098750
0 -1  0.282500 0.273125 0.035000 0.096250
0 -1  0.184167 0.266875 0.028333 0.071250
0 -1  0.216667 0.266875 0.036667 0.091250
0 -1  0.243333 0.272500 0.053333 0.127500
0 -1  0.160000 0.273750 0.046667 0.112500
0 -1  0.060000 0.263125 0.033333 0.073750
0 -1  0.040000 0.266875 0.050000 0.106250
0 -1  0.102500 0.268750 0.041667 0.102500
