0 37 0.782500 0.433125 0.155000 0.333750
0 -1  0.977500 0.361250 0.035000 0.092500
0 -1  0.937500 0.358125 0.038333 0.091250
0 -1  0.861667 0.380625 0.060000 0.151250
0 -1  0.624167 0.346250 0.038333 0.100000
0 -1  0.675833 0.372500 0.058333 0.122500
0 -1  0.430833 0.345625 0.035000 0.096250
0 -1  0.411667 0.338125 0.033333 0.083750
0 -1  0.376667 0.328750 0.020000 0.057500
0 -1  0.352500 0.322500 0.015000 0.050000
0 -1  0.341667 0.341875 0.030000 0.086250
0 -1  0.310000 0.328750 0.023333 0.065000
0 -1  0.265000 0.330000 0.030000 0.085000
0 -1  0.015000 0.319375 0.026667 0.078750
0 -1  0.050000 0.321875 0.026667 0.066250
0 -1  0.089167 0.323750 0.025000 0.077500
0 -1  0.142500 0.325625 0.021667 0.071250
0 -1  0.165833 0.323125 0.021667 0.071250
0 -1  0.187500 0.326250 0.021667 0.070000
0 -1  0.121667 0.358125 0.063333 0.176250
