0 5664 0.315833 0.316875 0.098333 0.198750
0 5665 0.608333 0.381875 0.190000 0.441250
0 5666 0.184167 0.360625 0.131667 0.336250
0 5667 0.106667 0.392500 0.136667 0.317500
0 -1  0.853333 0.333750 0.103333 0.270000
0 -1  0.458333 0.316250 0.060000 0.155000
0 -1  0.379167 0.301875 0.048333 0.133750
0 -1  0.352500 0.300000 0.061667 0.170000
0 -1  0.055833 0.156250 0.035000 0.080000
0 -1  0.110833 0.173750 0.038333 0.090000
0 -1  0.054167 0.180000 0.038333 0.082500
0 -1  0.111667 0.200000 0.040000 0.095000
0 -1  0.067500 0.197500 0.041667 0.092500
0 -1  0.064167 0.220000 0.041667 0.095000
0 -1  0.086667 0.282500 0.053333 0.115000
0 -1  0.231667 0.324375 0.086667 0.238750
