0 5668 0.686667 0.521875 0.353333 0.841250
0 5671 0.251667 0.355625 0.213333 0.508750
0 -1  0.576667 0.153750 0.033333 0.075000
0 -1  0.607500 0.183750 0.045000 0.105000
0 -1  0.565000 0.174375 0.030000 0.076250
0 -1  0.575000 0.194375 0.033333 0.086250
0 -1  0.574167 0.216875 0.045000 0.098750
0 -1  0.520833 0.290625 0.065000 0.196250
0 -1  0.891667 0.281875 0.060000 0.131250
0 -1  0.835833 0.291250 0.051667 0.127500
0 -1  0.462500 0.363125 0.125000 0.336250
0 -1  0.345000 0.356250 0.136667 0.347500
0 -1  0.244167 0.131875 0.055000 0.153750
0 -1  0.300000 0.149375 0.060000 0.158750
0 -1  0.080000 0.271250 0.063333 0.180000
