0 5664 0.685833 0.424375 0.131667 0.286250
0 5665 0.465833 0.409375 0.125000 0.281250
0 5666 0.298333 0.395625 0.093333 0.203750
0 5667 0.230833 0.405625 0.085000 0.186250
0 -1  0.027500 0.156250 0.041667 0.122500
0 -1  0.078333 0.190000 0.056667 0.132500
0 -1  0.055833 0.215625 0.048333 0.146250
0 -1  0.037500 0.290000 0.065000 0.150000
0 -1  0.032500 0.365000 0.061667 0.172500
0 -1  0.185000 0.353750 0.050000 0.130000
0 -1  0.266667 0.378750 0.056667 0.182500
0 -1  0.338333 0.235000 0.033333 0.075000
0 -1  0.380833 0.240000 0.035000 0.067500
0 -1  0.346667 0.246250 0.036667 0.077500
0 -1  0.381667 0.269375 0.033333 0.073750
0 -1  0.345000 0.259375 0.033333 0.073750
0 -1  0.345833 0.301250 0.038333 0.087500
0 -1  0.389167 0.306875 0.031667 0.096250
0 -1  0.375000 0.300000 0.033333 0.082500
0 -1  0.350833 0.369375 0.048333 0.118750
0 -1  0.403333 0.381875 0.070000 0.203750
0 -1  0.624167 0.370625 0.041667 0.113750
0 -1  0.576667 0.382500 0.046667 0.130000
0 -1  0.539167 0.393125 0.075000 0.191250
