0 5672 0.375000 0.358125 0.166667 0.403750
0 5673 0.715000 0.358750 0.186667 0.422500
0 5674 0.235000 0.351250 0.276667 0.670000
0 -1  0.050833 0.160000 0.065000 0.152500
0 -1  0.071667 0.206875 0.063333 0.176250
0 -1  0.037500 0.329375 0.071667 0.293750
0 -1  0.065000 0.358125 0.120000 0.291250
0 -1  0.436667 0.135000 0.033333 0.077500
0 -1  0.394167 0.143125 0.038333 0.091250
0 -1  0.401667 0.162500 0.036667 0.082500
0 -1  0.409167 0.173750 0.035000 0.085000
0 -1  0.444167 0.183750 0.038333 0.090000
0 -1  0.460000 0.211250 0.033333 0.077500
0 -1  0.799167 0.313750 0.151667 0.405000
0 -1  0.652500 0.281875 0.075000 0.168750
0 -1  0.507500 0.265625 0.055000 0.143750
0 -1  0.525000 0.281875 0.060000 0.148750
0 -1  0.440833 0.304375 0.068333 0.206250
0 -1  0.558333 0.300000 0.090000 0.210000
