0 5681 0.726667 0.332500 0.173333 0.402500
0 5683 0.383333 0.278750 0.123333 0.302500
0 5684 0.290833 0.288125 0.111667 0.243750
0 -1  0.112500 0.143125 0.068333 0.166250
0 -1  0.092500 0.218125 0.061667 0.173750
0 -1  0.150833 0.348125 0.088333 0.208750
0 -1  0.143333 0.303750 0.100000 0.267500
0 -1  0.462500 0.127500 0.035000 0.080000
0 -1  0.429167 0.127500 0.035000 0.077500
0 -1  0.427500 0.145000 0.035000 0.077500
0 -1  0.457500 0.166250 0.035000 0.075000
0 -1  0.428333 0.190625 0.036667 0.088750
0 -1  0.451667 0.273125 0.076667 0.188750
0 -1  0.562500 0.350000 0.168333 0.467500
0 -1  0.816667 0.263750 0.076667 0.192500
0 -1  0.912500 0.309375 0.171667 0.393750
