0 407 0.468333 0.350625 0.250000 0.543750
0 -1  0.897500 0.125000 0.028333 0.087500
0 -1  0.877500 0.131250 0.035000 0.077500
0 -1  0.800000 0.129375 0.030000 0.073750
0 -1  0.765833 0.128750 0.035000 0.072500
0 -1  0.674167 0.143750 0.038333 0.097500
0 -1  0.300833 0.154375 0.061667 0.123750
0 -1  0.254167 0.151875 0.055000 0.121250
0 -1  0.231667 0.158125 0.063333 0.128750
0 -1  0.969167 0.341875 0.025000 0.053750
0 -1  0.951667 0.336250 0.030000 0.050000
0 -1  0.862500 0.348750 0.028333 0.065000
0 -1  0.842500 0.350000 0.028333 0.062500
0 -1  0.694167 0.353125 0.028333 0.056250
0 -1  0.721667 0.348750 0.026667 0.057500
0 -1  0.652500 0.390625 0.028333 0.056250
0 -1  0.684167 0.392500 0.021667 0.057500
0 -1  0.687500 0.416250 0.028333 0.052500
0 -1  0.728333 0.406250 0.033333 0.077500
0 -1  0.755000 0.425625 0.023333 0.051250
0 -1  0.831667 0.395000 0.033333 0.075000
0 -1  0.950000 0.366250 0.033333 0.072500
0 -1  0.029167 0.173125 0.055000 0.136250
