0 5687 0.526667 0.236875 0.146667 0.351250
0 5688 0.453333 0.244375 0.133333 0.316250
0 5689 0.831667 0.223750 0.103333 0.230000
0 5690 0.905000 0.235000 0.123333 0.247500
0 -1  0.764167 0.220625 0.058333 0.176250
0 -1  0.719167 0.211250 0.058333 0.155000
0 -1  0.668333 0.208750 0.066667 0.172500
0 -1  0.633333 0.206875 0.076667 0.196250
0 -1  0.599167 0.215000 0.085000 0.207500
0 -1  0.950833 0.209375 0.098333 0.233750
0 -1  0.331667 0.210625 0.066667 0.158750
0 -1  0.289167 0.207500 0.061667 0.137500
