0 5691 0.493333 0.211250 0.110000 0.235000
0 5692 0.400000 0.218750 0.100000 0.237500
0 5693 0.290000 0.256875 0.183333 0.368750
0 5694 0.681667 0.233750 0.210000 0.465000
0 5696 0.895000 0.229375 0.186667 0.428750
0 -1  0.542500 0.208125 0.071667 0.183750
0 -1  0.141667 0.071250 0.033333 0.092500
0 -1  0.155000 0.125000 0.046667 0.112500
0 -1  0.150833 0.160625 0.045000 0.113750
0 -1  0.204167 0.188125 0.071667 0.188750
0 -1  0.224167 0.236250 0.078333 0.195000
0 -1  0.097500 0.300625 0.191667 0.496250
