0 407 0.499167 0.346250 0.255000 0.572500
0 408 0.361667 0.310625 0.193333 0.468750
0 -1  0.082500 0.335625 0.031667 0.058750
0 -1  0.105000 0.330625 0.030000 0.061250
0 -1  0.127500 0.386875 0.021667 0.048750
0 -1  0.204167 0.391875 0.021667 0.043750
0 -1  0.172500 0.377500 0.028333 0.072500
0 -1  0.218333 0.333125 0.026667 0.056250
0 -1  0.241667 0.335000 0.026667 0.065000
0 -1  0.304167 0.316250 0.028333 0.057500
0 -1  0.292500 0.361250 0.035000 0.072500
0 -1  0.255000 0.110625 0.036667 0.091250
0 -1  0.236667 0.113750 0.033333 0.080000
0 -1  0.083333 0.107500 0.033333 0.080000
0 -1  0.131667 0.107500 0.033333 0.072500
0 -1  0.765000 0.125625 0.030000 0.073750
0 -1  0.984167 0.136875 0.031667 0.076250
0 -1  0.960000 0.141875 0.036667 0.076250
0 -1  0.927500 0.136875 0.038333 0.086250
0 -1  0.880000 0.131250 0.043333 0.097500
0 -1  0.830833 0.137500 0.035000 0.085000
