0 5687 0.228333 0.446875 0.200000 0.428750
0 5688 0.361667 0.455000 0.133333 0.365000
0 -1  0.299167 0.242500 0.055000 0.135000
0 -1  0.245000 0.237500 0.046667 0.120000
0 -1  0.133333 0.437500 0.113333 0.297500
0 -1  0.471667 0.396250 0.040000 0.115000
0 -1  0.485833 0.369375 0.038333 0.093750
0 -1  0.535000 0.263125 0.026667 0.058750
0 -1  0.560833 0.268125 0.025000 0.058750
0 -1  0.546667 0.303125 0.030000 0.078750
0 -1  0.590000 0.299375 0.030000 0.078750
0 -1  0.578333 0.318125 0.030000 0.078750
0 -1  0.592500 0.332500 0.028333 0.075000
0 -1  0.548333 0.348750 0.040000 0.090000
0 -1  0.434167 0.424375 0.075000 0.191250
0 -1  0.524167 0.404375 0.045000 0.126250
0 -1  0.558333 0.400625 0.046667 0.123750
0 -1  0.603333 0.393125 0.053333 0.141250
0 -1  0.639167 0.398750 0.038333 0.087500
0 -1  0.724167 0.391875 0.071667 0.168750
0 -1  0.952500 0.388125 0.045000 0.128750
0 -1  0.919167 0.395000 0.048333 0.135000
0 -1  0.889167 0.392500 0.055000 0.152500
0 -1  0.830000 0.406250 0.050000 0.135000
