0 412 0.419167 0.305625 0.225000 0.483750
0 -1  0.355000 0.127500 0.040000 0.062500
0 -1  0.143333 0.143125 0.033333 0.081250
0 -1  0.126667 0.146250 0.030000 0.077500
0 -1  0.082500 0.141250 0.031667 0.060000
0 -1  0.019167 0.148750 0.035000 0.075000
0 -1  0.045000 0.363125 0.026667 0.053750
0 -1  0.023333 0.368125 0.026667 0.056250
0 -1  0.015833 0.394375 0.028333 0.073750
0 -1  0.090000 0.370625 0.030000 0.056250
0 -1  0.141667 0.390625 0.036667 0.066250
0 -1  0.167500 0.389375 0.028333 0.051250
0 -1  0.171667 0.364375 0.026667 0.058750
0 -1  0.349167 0.450625 0.035000 0.076250
0 -1  0.232500 0.136875 0.031667 0.061250
0 -1  0.573333 0.122500 0.023333 0.052500
0 -1  0.555833 0.123750 0.021667 0.060000
0 -1  0.526667 0.123750 0.026667 0.062500
0 -1  0.695833 0.123125 0.035000 0.083750
0 -1  0.819167 0.114375 0.028333 0.058750
0 -1  0.793333 0.153750 0.046667 0.130000
0 -1  0.750000 0.146875 0.053333 0.143750
0 -1  0.935000 0.197500 0.116667 0.212500
0 -1  0.942500 0.245000 0.105000 0.487500
