0 416 0.250000 0.433750 0.253333 0.642500
0 417 0.409167 0.403125 0.245000 0.583750
0 -1  0.877500 0.121875 0.035000 0.098750
0 -1  0.711667 0.142500 0.040000 0.112500
0 -1  0.679167 0.139375 0.041667 0.123750
0 -1  0.527500 0.142500 0.041667 0.105000
0 -1  0.475000 0.145625 0.043333 0.106250
0 -1  0.036667 0.196250 0.070000 0.165000
0 -1  0.312500 0.178750 0.048333 0.150000
0 -1  0.938333 0.351875 0.033333 0.058750
0 -1  0.865000 0.387500 0.030000 0.072500
0 -1  0.065833 0.159375 0.038333 0.098750
0 -1  0.093333 0.158125 0.040000 0.103750
