0 38 0.610833 0.472500 0.168333 0.337500
0 -1  0.855833 0.410000 0.101667 0.202500
0 -1  0.941667 0.356875 0.023333 0.066250
0 -1  0.925833 0.351250 0.018333 0.047500
0 -1  0.772500 0.370625 0.031667 0.081250
0 -1  0.743333 0.368750 0.026667 0.077500
0 -1  0.683333 0.371250 0.036667 0.087500
0 -1  0.577500 0.361875 0.021667 0.063750
0 -1  0.545000 0.370625 0.033333 0.096250
0 -1  0.456667 0.370000 0.036667 0.095000
0 -1  0.483333 0.381250 0.033333 0.100000
0 -1  0.500833 0.393750 0.048333 0.127500
0 -1  0.369167 0.385000 0.045000 0.137500
0 -1  0.304167 0.355625 0.021667 0.061250
0 -1  0.286667 0.361250 0.023333 0.067500
0 -1  0.246667 0.364375 0.030000 0.093750
0 -1  0.258333 0.370000 0.040000 0.092500
0 -1  0.162500 0.395625 0.061667 0.151250
0 -1  0.107500 0.358750 0.025000 0.065000
0 -1  0.034167 0.363125 0.028333 0.078750
0 -1  0.045833 0.356875 0.025000 0.076250
0 -1  0.021667 0.371250 0.040000 0.107500
