0 5819 0.554375 0.585556 0.188750 0.824444
0 -1  0.292500 0.424444 0.032500 0.182222
0 -1  0.338750 0.504444 0.080000 0.546667
0 -1  0.205625 0.540000 0.146250 0.911111
0 -1  0.803750 0.597778 0.140000 0.795556
0 -1  0.591250 0.053333 0.017500 0.102222
0 -1  0.570625 0.053333 0.016250 0.102222
0 -1  0.370625 0.042222 0.018750 0.080000
0 -1  0.418125 0.046667 0.018750 0.088889
0 -1  0.445000 0.048889 0.017500 0.093333
0 -1  0.512500 0.048889 0.017500 0.093333
0 -1  0.529375 0.046667 0.018750 0.088889
0 -1  0.442500 0.607778 0.160000 0.762222
