0 5817 0.440000 0.617778 0.142500 0.755556
0 5818 0.503125 0.625556 0.146250 0.744444
0 -1  0.783125 0.490000 0.031250 0.162222
0 -1  0.750000 0.451111 0.037500 0.208889
0 -1  0.371875 0.561111 0.068750 0.411111
0 -1  0.039375 0.690000 0.076250 0.611111
0 -1  0.207500 0.668889 0.120000 0.657778
0 -1  0.809375 0.426667 0.021250 0.106667
0 -1  0.843750 0.430000 0.022500 0.126667
0 -1  0.106875 0.118889 0.018750 0.104444
0 -1  0.072500 0.104444 0.020000 0.111111
0 -1  0.086250 0.111111 0.020000 0.111111
