0 419 0.420833 0.385625 0.241667 0.538750
0 -1  0.434167 0.026250 0.021667 0.047500
0 -1  0.416667 0.027500 0.033333 0.052500
0 -1  0.359167 0.028125 0.028333 0.053750
0 -1  0.257500 0.030000 0.028333 0.057500
0 -1  0.340833 0.166250 0.021667 0.055000
0 -1  0.327500 0.170000 0.025000 0.052500
0 -1  0.166667 0.180000 0.033333 0.080000
0 -1  0.154167 0.181250 0.031667 0.077500
0 -1  0.093333 0.180000 0.036667 0.075000
0 -1  0.031667 0.193125 0.033333 0.056250
0 -1  0.270000 0.173125 0.033333 0.061250
0 -1  0.182500 0.425000 0.028333 0.070000
0 -1  0.261667 0.407500 0.033333 0.065000
0 -1  0.585833 0.170625 0.028333 0.063750
0 -1  0.624167 0.173750 0.025000 0.062500
0 -1  0.906667 0.160000 0.036667 0.082500
0 -1  0.877500 0.186250 0.035000 0.095000
0 -1  0.845000 0.180000 0.043333 0.107500
0 -1  0.925833 0.190625 0.055000 0.141250
0 -1  0.778333 0.256250 0.116667 0.275000
