0 420 0.526667 0.336875 0.213333 0.468750
0 422 0.766667 0.239375 0.090000 0.206250
0 -1  0.349167 0.023750 0.028333 0.045000
0 -1  0.470000 0.183125 0.026667 0.076250
0 -1  0.602500 0.170625 0.021667 0.051250
0 -1  0.657500 0.170625 0.021667 0.051250
0 -1  0.697500 0.168125 0.018333 0.051250
0 -1  0.790833 0.186875 0.038333 0.086250
0 -1  0.850000 0.188125 0.033333 0.096250
0 -1  0.821667 0.251250 0.063333 0.182500
0 -1  0.961667 0.229375 0.070000 0.218750
0 -1  0.942500 0.256250 0.088333 0.222500
0 -1  0.144167 0.460000 0.031667 0.077500
0 -1  0.072500 0.415625 0.028333 0.066250
0 -1  0.047500 0.413750 0.028333 0.067500
0 -1  0.343333 0.175000 0.016667 0.047500
0 -1  0.317500 0.172500 0.018333 0.047500
0 -1  0.298333 0.173125 0.020000 0.051250
0 -1  0.279167 0.175000 0.021667 0.052500
0 -1  0.265000 0.178750 0.023333 0.050000
0 -1  0.235000 0.175000 0.023333 0.047500
0 -1  0.206667 0.181875 0.026667 0.071250
0 -1  0.119167 0.194375 0.025000 0.071250
0 -1  0.140833 0.190000 0.031667 0.075000
0 -1  0.016667 0.196875 0.030000 0.086250
0 -1  0.027500 0.192500 0.035000 0.085000
