0 420 0.436667 0.410000 0.316667 0.692500
0 -1  0.908333 0.058750 0.023333 0.052500
0 -1  0.715833 0.062500 0.028333 0.062500
0 -1  0.634167 0.191250 0.031667 0.062500
0 -1  0.958333 0.197500 0.026667 0.052500
0 -1  0.575000 0.198750 0.026667 0.060000
0 -1  0.565000 0.200625 0.026667 0.066250
0 -1  0.538333 0.198750 0.026667 0.065000
0 -1  0.471667 0.203750 0.033333 0.077500
0 -1  0.207500 0.220625 0.048333 0.098750
0 -1  0.166667 0.221875 0.043333 0.118750
0 -1  0.072500 0.229375 0.065000 0.166250
0 -1  0.615833 0.387500 0.021667 0.055000
0 -1  0.635833 0.397500 0.021667 0.055000
0 -1  0.680000 0.381875 0.026667 0.048750
0 -1  0.716667 0.380625 0.023333 0.046250
0 -1  0.756667 0.364375 0.026667 0.051250
0 -1  0.745833 0.397500 0.025000 0.045000
0 -1  0.743333 0.425625 0.026667 0.056250
0 -1  0.855833 0.398125 0.028333 0.061250
0 -1  0.975000 0.405000 0.026667 0.060000
0 -1  0.923333 0.396875 0.033333 0.056250
0 -1  0.842500 0.459375 0.031667 0.051250
