0 5879 0.371250 0.512222 0.162500 0.775556
0 -1  0.953125 0.311111 0.058750 0.346667
0 -1  0.890000 0.226667 0.032500 0.173333
0 -1  0.851250 0.232222 0.030000 0.153333
0 -1  0.694375 0.208889 0.021250 0.124444
0 -1  0.245000 0.322222 0.052500 0.360000
0 -1  0.601875 0.247778 0.048750 0.260000
0 -1  0.534375 0.236667 0.033750 0.184444
0 -1  0.495625 0.241111 0.031250 0.188889
0 -1  0.478750 0.236667 0.032500 0.193333
0 -1  0.442500 0.242222 0.027500 0.177778
0 -1  0.335000 0.313333 0.057500 0.364444
0 -1  0.567500 0.526667 0.187500 0.888889
0 -1  0.734375 0.541111 0.191250 0.908889
