0 38 0.568333 0.435000 0.106667 0.215000
0 -1  0.220833 0.406250 0.088333 0.177500
0 -1  0.659167 0.366250 0.015000 0.052500
0 -1  0.638333 0.360625 0.020000 0.043750
0 -1  0.594167 0.376875 0.028333 0.073750
0 -1  0.544167 0.372500 0.025000 0.062500
0 -1  0.478333 0.369375 0.016667 0.051250
0 -1  0.466667 0.362500 0.013333 0.042500
0 -1  0.502500 0.386250 0.038333 0.092500
0 -1  0.417500 0.366250 0.018333 0.057500
0 -1  0.446667 0.421875 0.060000 0.166250
0 -1  0.390833 0.426875 0.075000 0.183750
0 -1  0.326667 0.360625 0.020000 0.048750
0 -1  0.316667 0.363125 0.016667 0.048750
0 -1  0.302500 0.382500 0.028333 0.082500
0 -1  0.275000 0.381875 0.030000 0.081250
0 -1  0.027500 0.368125 0.028333 0.076250
0 -1  0.015833 0.380000 0.028333 0.090000
0 -1  0.065000 0.375000 0.036667 0.092500
0 -1  0.099167 0.368125 0.021667 0.056250
0 -1  0.120833 0.393750 0.048333 0.132500
