0 421 0.627500 0.390000 0.311667 0.677500
0 -1  0.901667 0.195000 0.053333 0.142500
0 -1  0.815000 0.210625 0.053333 0.136250
0 -1  0.399167 0.200000 0.041667 0.100000
0 -1  0.346667 0.177500 0.030000 0.065000
0 -1  0.364167 0.183750 0.031667 0.075000
0 -1  0.277500 0.176250 0.028333 0.062500
0 -1  0.321667 0.196250 0.040000 0.112500
0 -1  0.300833 0.198750 0.041667 0.095000
0 -1  0.212500 0.178125 0.028333 0.061250
0 -1  0.197500 0.178125 0.028333 0.061250
0 -1  0.074167 0.179375 0.025000 0.056250
0 -1  0.218333 0.385000 0.020000 0.052500
0 -1  0.216667 0.408750 0.026667 0.045000
0 -1  0.107500 0.375625 0.025000 0.053750
0 -1  0.096667 0.381875 0.033333 0.053750
0 -1  0.054167 0.363125 0.031667 0.056250
0 -1  0.037500 0.384375 0.028333 0.051250
0 -1  0.050833 0.426250 0.031667 0.055000
0 -1  0.056667 0.489375 0.026667 0.066250
0 -1  0.150833 0.180000 0.021667 0.052500
