0 425 0.408333 0.331250 0.283333 0.625000
0 426 0.521667 0.285625 0.236667 0.556250
0 -1  0.833333 0.291250 0.030000 0.055000
0 -1  0.866667 0.294375 0.030000 0.061250
0 -1  0.779167 0.287500 0.028333 0.057500
0 -1  0.808333 0.287500 0.026667 0.060000
0 -1  0.979167 0.313750 0.031667 0.067500
0 -1  0.927500 0.401875 0.041667 0.088750
0 -1  0.756667 0.370625 0.036667 0.083750
0 -1  0.305000 0.090625 0.050000 0.116250
0 -1  0.252500 0.090000 0.045000 0.115000
0 -1  0.070000 0.104375 0.073333 0.178750
0 -1  0.953333 0.052500 0.036667 0.072500
0 -1  0.800833 0.050625 0.031667 0.078750
0 -1  0.755000 0.064375 0.030000 0.081250
0 -1  0.722500 0.060625 0.028333 0.068750
0 -1  0.689167 0.065000 0.028333 0.075000
0 -1  0.658333 0.070625 0.036667 0.096250
0 -1  0.653333 0.071875 0.050000 0.106250
