0 429 0.580833 0.500625 0.485000 0.911250
0 -1  0.665833 0.245625 0.058333 0.156250
0 -1  0.369167 0.231250 0.048333 0.117500
0 -1  0.326667 0.203750 0.043333 0.095000
0 -1  0.275000 0.203750 0.030000 0.077500
0 -1  0.246667 0.194375 0.026667 0.061250
0 -1  0.223333 0.191250 0.030000 0.067500
0 -1  0.199167 0.193750 0.025000 0.060000
0 -1  0.033333 0.196250 0.020000 0.052500
0 -1  0.140000 0.192500 0.026667 0.052500
0 -1  0.076667 0.052500 0.030000 0.060000
0 -1  0.098333 0.052500 0.033333 0.062500
0 -1  0.255833 0.409375 0.018333 0.036250
0 -1  0.229167 0.420000 0.021667 0.045000
0 -1  0.211667 0.377500 0.026667 0.050000
0 -1  0.107500 0.371250 0.021667 0.042500
0 -1  0.065833 0.365625 0.021667 0.043750
0 -1  0.086667 0.374375 0.020000 0.051250
0 -1  0.077500 0.478125 0.028333 0.061250
0 -1  0.063333 0.491875 0.026667 0.056250
0 -1  0.090000 0.491250 0.030000 0.060000
