0 430 0.392500 0.345625 0.291667 0.586250
0 431 0.760000 0.415625 0.310000 0.646250
0 -1  0.134167 0.093750 0.038333 0.070000
0 -1  0.430000 0.080000 0.026667 0.072500
0 -1  0.471667 0.078750 0.030000 0.075000
0 -1  0.485000 0.085000 0.033333 0.075000
0 -1  0.502500 0.086250 0.031667 0.070000
0 -1  0.884167 0.097500 0.071667 0.170000
0 -1  0.804167 0.106875 0.068333 0.148750
0 -1  0.760833 0.112500 0.075000 0.162500
0 -1  0.699167 0.110000 0.078333 0.185000
0 -1  0.305833 0.316875 0.028333 0.063750
0 -1  0.269167 0.326875 0.031667 0.073750
0 -1  0.264167 0.343125 0.035000 0.071250
0 -1  0.115833 0.330000 0.028333 0.060000
0 -1  0.141667 0.328750 0.036667 0.062500
