0 5999 0.405000 0.601504 0.120000 0.590226
0 6000 0.478125 0.607143 0.098750 0.484962
0 -1  0.078125 0.495301 0.031250 0.133459
0 -1  0.110625 0.485902 0.031250 0.133459
0 -1  0.153125 0.489662 0.041250 0.178571
0 -1  0.188125 0.494361 0.031250 0.165414
0 -1  0.581875 0.449248 0.018750 0.090226
0 -1  0.568125 0.451128 0.021250 0.097744
0 -1  0.603750 0.439850 0.015000 0.078947
0 -1  0.775625 0.436090 0.018750 0.086466
0 -1  0.793125 0.449248 0.013750 0.060150
0 -1  0.728750 0.424812 0.017500 0.082707
