0 6013 0.777500 0.598684 0.105000 0.422932
0 6014 0.695000 0.676692 0.080000 0.353383
0 -1  0.471250 0.263158 0.017500 0.082707
0 -1  0.484375 0.261278 0.018750 0.090226
0 -1  0.506250 0.261278 0.020000 0.086466
0 -1  0.913750 0.277256 0.017500 0.092105
0 -1  0.857500 0.276316 0.017500 0.086466
0 -1  0.598125 0.269737 0.018750 0.080827
0 -1  0.641250 0.269737 0.017500 0.084586
0 -1  0.730625 0.272556 0.016250 0.082707
0 -1  0.780000 0.276316 0.017500 0.078947
0 -1  0.820625 0.273496 0.021250 0.092105
0 -1  0.936875 0.277256 0.016250 0.080827
