0 432 0.368333 0.347500 0.280000 0.600000
0 -1  0.979167 0.341875 0.031667 0.058750
0 -1  0.915833 0.388750 0.031667 0.072500
0 -1  0.988333 0.129375 0.020000 0.071250
0 -1  0.943333 0.124375 0.040000 0.081250
0 -1  0.960833 0.122500 0.045000 0.090000
0 -1  0.846667 0.121875 0.046667 0.101250
0 -1  0.519167 0.151250 0.065000 0.157500
0 -1  0.454167 0.128750 0.038333 0.110000
0 -1  0.477500 0.144375 0.051667 0.106250
0 -1  0.428333 0.171875 0.066667 0.176250
0 -1  0.070000 0.152500 0.063333 0.142500
0 -1  0.120833 0.168125 0.078333 0.168750
