0 433 0.321667 0.343125 0.176667 0.371250
0 434 0.095833 0.373125 0.188333 0.416250
0 -1  0.808333 0.048750 0.033333 0.067500
0 -1  0.805833 0.188750 0.025000 0.060000
0 -1  0.970000 0.178125 0.026667 0.053750
0 -1  0.728333 0.183125 0.016667 0.043750
0 -1  0.700833 0.185000 0.021667 0.052500
0 -1  0.868333 0.181250 0.020000 0.050000
0 -1  0.678333 0.192500 0.020000 0.055000
0 -1  0.661667 0.196250 0.026667 0.060000
0 -1  0.635000 0.193750 0.026667 0.067500
0 -1  0.618333 0.196250 0.026667 0.065000
0 -1  0.598333 0.196875 0.020000 0.058750
0 -1  0.570833 0.194375 0.025000 0.061250
0 -1  0.247500 0.236875 0.031667 0.081250
0 -1  0.231667 0.227500 0.040000 0.095000
0 -1  0.205833 0.226875 0.041667 0.111250
0 -1  0.849167 0.358750 0.021667 0.052500
0 -1  0.824167 0.357500 0.021667 0.052500
0 -1  0.669167 0.334375 0.015000 0.028750
0 -1  0.707500 0.349375 0.021667 0.043750
0 -1  0.710000 0.362500 0.020000 0.042500
0 -1  0.690833 0.358125 0.021667 0.046250
0 -1  0.703333 0.386875 0.023333 0.051250
0 -1  0.640833 0.353750 0.018333 0.045000
0 -1  0.621667 0.355000 0.020000 0.040000
0 -1  0.543333 0.406875 0.023333 0.051250
0 -1  0.536667 0.418125 0.020000 0.058750
0 -1  0.515833 0.412500 0.021667 0.052500
0 -1  0.600833 0.398750 0.025000 0.047500
0 -1  0.594167 0.411250 0.025000 0.060000
0 -1  0.582500 0.453750 0.025000 0.060000
0 -1  0.813333 0.461875 0.023333 0.056250
0 -1  0.958333 0.437500 0.030000 0.050000
0 -1  0.970000 0.414375 0.026667 0.053750
0 -1  0.941667 0.400625 0.023333 0.051250
0 -1  0.929167 0.430000 0.031667 0.060000
0 -1  0.648333 0.032500 0.030000 0.062500
