0 6055 0.632500 0.308889 0.042500 0.182222
0 -1  0.485000 0.618889 0.045000 0.237778
0 -1  0.640625 0.890000 0.041250 0.197778
0 -1  0.746250 0.873333 0.055000 0.235556
0 -1  0.800000 0.693333 0.052500 0.200000
0 -1  0.872500 0.664444 0.067500 0.213333
0 -1  0.913750 0.292222 0.042500 0.157778
0 -1  0.880000 0.141111 0.035000 0.157778
0 -1  0.881875 0.172222 0.033750 0.140000
0 -1  0.913125 0.154444 0.031250 0.148889
0 -1  0.910625 0.188889 0.041250 0.151111
0 -1  0.760625 0.140000 0.028750 0.151111
