0 6056 0.508125 0.673333 0.051250 0.244444
0 -1  0.381875 0.206667 0.018750 0.106667
0 -1  0.400625 0.197778 0.023750 0.120000
0 -1  0.480000 0.353333 0.030000 0.168889
0 -1  0.125625 0.402222 0.031250 0.151111
0 -1  0.103125 0.403333 0.031250 0.184444
0 -1  0.248750 0.354444 0.027500 0.153333
0 -1  0.282500 0.351111 0.030000 0.164444
0 -1  0.288125 0.581111 0.041250 0.188889
0 -1  0.318750 0.577778 0.040000 0.195556
0 -1  0.626875 0.217778 0.021250 0.120000
0 -1  0.250000 0.444444 0.037500 0.182222
