0 6076 0.641875 0.594444 0.133750 0.704444
0 -1  0.716250 0.497778 0.055000 0.311111
0 -1  0.033750 0.526667 0.052500 0.364444
0 -1  0.110625 0.521111 0.051250 0.300000
0 -1  0.149375 0.526667 0.031250 0.213333
0 -1  0.172500 0.512222 0.035000 0.242222
0 -1  0.181250 0.464444 0.032500 0.231111
0 -1  0.206250 0.454444 0.032500 0.242222
0 -1  0.232500 0.491111 0.035000 0.244444
0 -1  0.278750 0.523333 0.067500 0.388889
0 -1  0.356875 0.468889 0.041250 0.253333
0 -1  0.538750 0.657778 0.097500 0.613333
