0 437 0.630000 0.465625 0.300000 0.686250
0 438 0.431667 0.670625 0.213333 0.436250
0 -1  0.154167 0.075000 0.025000 0.072500
0 -1  0.136667 0.073750 0.026667 0.070000
0 -1  0.860000 0.310000 0.123333 0.210000
0 -1  0.548333 0.265000 0.063333 0.150000
0 -1  0.500833 0.270000 0.055000 0.137500
0 -1  0.357500 0.223125 0.021667 0.063750
0 -1  0.336667 0.229375 0.026667 0.058750
0 -1  0.306667 0.233125 0.033333 0.078750
0 -1  0.252500 0.214375 0.018333 0.038750
0 -1  0.221667 0.219375 0.020000 0.046250
0 -1  0.201667 0.220625 0.023333 0.058750
0 -1  0.177500 0.220625 0.021667 0.048750
0 -1  0.143333 0.214375 0.020000 0.046250
0 -1  0.097500 0.222500 0.028333 0.055000
0 -1  0.294167 0.456250 0.028333 0.060000
0 -1  0.247500 0.463750 0.028333 0.050000
0 -1  0.127500 0.405000 0.028333 0.052500
0 -1  0.090833 0.406875 0.021667 0.046250
0 -1  0.104167 0.407500 0.021667 0.047500
0 -1  0.093333 0.426875 0.026667 0.051250
0 -1  0.076667 0.421250 0.020000 0.042500
0 -1  0.066667 0.523750 0.030000 0.062500
0 -1  0.012500 0.431250 0.021667 0.052500
0 -1  0.053333 0.445000 0.020000 0.042500
0 -1  0.065833 0.442500 0.025000 0.052500
