0 6104 0.367500 0.785556 0.087500 0.415556
0 6105 0.176250 0.765556 0.072500 0.344444
0 -1  0.931250 0.806667 0.082500 0.355556
0 -1  0.658750 0.758889 0.065000 0.353333
0 -1  0.539375 0.603333 0.018750 0.091111
0 -1  0.496875 0.634444 0.018750 0.091111
0 -1  0.514375 0.636667 0.016250 0.082222
0 -1  0.481875 0.635556 0.018750 0.088889
0 -1  0.587500 0.681111 0.062500 0.295556
0 -1  0.550000 0.750000 0.055000 0.264444
0 -1  0.518750 0.797778 0.060000 0.284444
0 -1  0.466875 0.776667 0.063750 0.304444
0 -1  0.435000 0.668889 0.045000 0.217778
0 -1  0.240000 0.713333 0.062500 0.302222
0 -1  0.270625 0.748889 0.068750 0.306667
