0 6106 0.905625 0.815556 0.073750 0.351111
0 -1  0.043750 0.680000 0.025000 0.155556
0 -1  0.076875 0.685556 0.028750 0.144444
0 -1  0.106875 0.691111 0.026250 0.137778
0 -1  0.019375 0.701111 0.036250 0.220000
0 -1  0.138125 0.724444 0.038750 0.191111
0 -1  0.168125 0.730000 0.041250 0.215556
0 -1  0.230000 0.697778 0.032500 0.204444
0 -1  0.211875 0.727778 0.051250 0.251111
0 -1  0.266875 0.740000 0.038750 0.222222
0 -1  0.309375 0.736667 0.041250 0.215556
0 -1  0.391250 0.715556 0.027500 0.204444
0 -1  0.354375 0.737778 0.056250 0.297778
0 -1  0.435625 0.721111 0.043750 0.206667
0 -1  0.470625 0.723333 0.056250 0.255556
0 -1  0.536250 0.772222 0.025000 0.117778
0 -1  0.509375 0.727778 0.036250 0.202222
0 -1  0.553125 0.715556 0.026250 0.168889
0 -1  0.576875 0.766667 0.053750 0.280000
0 -1  0.683750 0.750000 0.040000 0.228889
0 -1  0.659375 0.752222 0.056250 0.251111
0 -1  0.740625 0.741111 0.053750 0.255556
0 -1  0.821875 0.738889 0.068750 0.313333
0 -1  0.812500 0.750000 0.062500 0.291111
0 -1  0.860000 0.717778 0.037500 0.177778
0 -1  0.970000 0.753333 0.045000 0.213333
0 -1  0.980000 0.674444 0.022500 0.113333
