0 6107 0.561875 0.852222 0.056250 0.268889
0 -1  0.168125 0.753333 0.026250 0.124444
0 -1  0.193125 0.757778 0.028750 0.137778
0 -1  0.120000 0.765556 0.025000 0.162222
0 -1  0.139375 0.777778 0.038750 0.213333
0 -1  0.035625 0.842222 0.058750 0.280000
0 -1  0.078750 0.832222 0.057500 0.322222
0 -1  0.302500 0.805556 0.052500 0.251111
0 -1  0.501250 0.751111 0.022500 0.106667
0 -1  0.468125 0.741111 0.023750 0.113333
0 -1  0.418750 0.837778 0.050000 0.240000
0 -1  0.451250 0.843333 0.045000 0.215556
0 -1  0.632500 0.796667 0.042500 0.202222
0 -1  0.684375 0.746667 0.016250 0.080000
0 -1  0.700000 0.750000 0.020000 0.100000
0 -1  0.943125 0.778889 0.028750 0.140000
0 -1  0.978750 0.861111 0.037500 0.260000
0 -1  0.900000 0.853333 0.060000 0.284444
