0 6104 0.266875 0.688889 0.093750 0.444444
0 6105 0.041875 0.662222 0.073750 0.351111
0 -1  0.355625 0.538889 0.036250 0.175556
0 -1  0.896250 0.714444 0.110000 0.557778
0 -1  0.860000 0.726667 0.112500 0.533333
0 -1  0.784375 0.704444 0.081250 0.417778
0 -1  0.698750 0.726667 0.112500 0.537778
0 -1  0.168750 0.587778 0.047500 0.228889
0 -1  0.158125 0.613333 0.043750 0.213333
0 -1  0.096250 0.607778 0.062500 0.313333
0 -1  0.329375 0.650000 0.063750 0.308889
0 -1  0.377500 0.676667 0.057500 0.273333
0 -1  0.453750 0.544444 0.062500 0.297778
0 -1  0.416250 0.616667 0.057500 0.273333
0 -1  0.516875 0.625556 0.071250 0.340000
