0 6107 0.531875 0.766667 0.056250 0.266667
0 -1  0.120000 0.701111 0.027500 0.135556
0 -1  0.136250 0.694444 0.030000 0.144444
0 -1  0.057500 0.711111 0.032500 0.155556
0 -1  0.093125 0.728889 0.046250 0.222222
0 -1  0.297500 0.702222 0.032500 0.155556
0 -1  0.234375 0.766667 0.056250 0.266667
0 -1  0.363125 0.766667 0.038750 0.235556
0 -1  0.376875 0.765556 0.041250 0.255556
0 -1  0.431875 0.671111 0.026250 0.128889
0 -1  0.421875 0.666667 0.021250 0.128889
0 -1  0.464375 0.675556 0.023750 0.115556
0 -1  0.577500 0.670000 0.022500 0.108889
0 -1  0.650625 0.673333 0.018750 0.093333
0 -1  0.670625 0.673333 0.018750 0.088889
0 -1  0.615000 0.731111 0.045000 0.217778
0 -1  0.774375 0.673333 0.018750 0.102222
0 -1  0.840625 0.671111 0.018750 0.093333
0 -1  0.953125 0.706667 0.028750 0.142222
0 -1  0.910625 0.704444 0.031250 0.155556
0 -1  0.880625 0.700000 0.026250 0.186667
0 -1  0.893750 0.774444 0.050000 0.237778
0 -1  0.809375 0.766667 0.056250 0.266667
0 -1  0.701250 0.658889 0.020000 0.095556
