0 6106 0.556250 0.790000 0.072500 0.348889
0 -1  0.063125 0.730000 0.048750 0.300000
0 -1  0.253125 0.711111 0.041250 0.195556
0 -1  0.220000 0.732222 0.057500 0.277778
0 -1  0.295000 0.751111 0.067500 0.288889
0 -1  0.596875 0.720000 0.048750 0.280000
0 -1  0.421875 0.742222 0.043750 0.240000
0 -1  0.397500 0.736667 0.045000 0.233333
0 -1  0.364375 0.753333 0.053750 0.271111
0 -1  0.470000 0.743333 0.062500 0.317778
0 -1  0.509375 0.704444 0.041250 0.195556
0 -1  0.718125 0.714444 0.033750 0.193333
0 -1  0.685000 0.717778 0.037500 0.266667
0 -1  0.676250 0.745556 0.037500 0.282222
0 -1  0.663750 0.772222 0.045000 0.300000
0 -1  0.760625 0.752222 0.063750 0.291111
0 -1  0.797500 0.712222 0.045000 0.255556
0 -1  0.842500 0.713333 0.035000 0.204444
0 -1  0.883750 0.738889 0.067500 0.300000
