0 6137 0.671250 0.610000 0.160000 0.762222
0 6138 0.730625 0.587778 0.126250 0.700000
0 -1  0.788750 0.264444 0.025000 0.146667
0 -1  0.865625 0.287778 0.031250 0.153333
0 -1  0.918750 0.254444 0.035000 0.171111
0 -1  0.954375 0.297778 0.031250 0.151111
0 -1  0.821875 0.263333 0.026250 0.126667
0 -1  0.605625 0.210000 0.026250 0.131111
0 -1  0.629375 0.211111 0.026250 0.124444
0 -1  0.651875 0.222222 0.026250 0.128889
0 -1  0.539375 0.113333 0.018750 0.088889
0 -1  0.564375 0.106667 0.021250 0.102222
0 -1  0.581250 0.107778 0.020000 0.100000
