0 40 0.675000 0.538750 0.350000 0.685000
0 41 0.520833 0.455000 0.171667 0.472500
0 -1  0.979167 0.321875 0.038333 0.118750
0 -1  0.917500 0.316250 0.045000 0.145000
0 -1  0.791667 0.316250 0.040000 0.122500
0 -1  0.819167 0.323750 0.048333 0.140000
0 -1  0.879167 0.356875 0.078333 0.213750
0 -1  0.423333 0.326875 0.050000 0.131250
0 -1  0.375000 0.333750 0.050000 0.145000
0 -1  0.019167 0.358750 0.035000 0.222500
0 -1  0.063333 0.350625 0.050000 0.181250
0 -1  0.129167 0.373125 0.058333 0.218750
0 -1  0.184167 0.359375 0.041667 0.196250
0 -1  0.245000 0.308750 0.033333 0.100000
0 -1  0.232500 0.328750 0.035000 0.112500
