0 6160 0.681250 0.612222 0.160000 0.762222
0 -1  0.967500 0.426667 0.062500 0.413333
0 -1  0.901875 0.443333 0.068750 0.411111
0 -1  0.809375 0.433333 0.056250 0.364444
0 -1  0.841250 0.434444 0.062500 0.362222
0 -1  0.771875 0.425556 0.041250 0.273333
0 -1  0.725625 0.411111 0.053750 0.311111
0 -1  0.633750 0.547778 0.082500 0.513333
0 -1  0.591875 0.502222 0.058750 0.377778
0 -1  0.548750 0.516667 0.047500 0.362222
0 -1  0.499375 0.533333 0.071250 0.466667
0 -1  0.395000 0.567778 0.105000 0.566667
0 -1  0.336250 0.526667 0.070000 0.462222
0 -1  0.316875 0.617778 0.116250 0.551111
0 -1  0.265000 0.543333 0.085000 0.406667
0 -1  0.234375 0.564444 0.056250 0.351111
0 -1  0.184375 0.613333 0.091250 0.648889
0 -1  0.135625 0.605556 0.116250 0.780000
0 -1  0.036875 0.632222 0.071250 0.673333
