0 6160 0.656875 0.572222 0.176250 0.842222
0 -1  0.910625 0.385556 0.076250 0.455556
0 -1  0.856250 0.398889 0.060000 0.477778
0 -1  0.800625 0.413333 0.048750 0.373333
0 -1  0.755000 0.453333 0.070000 0.475556
0 -1  0.533750 0.496667 0.072500 0.477778
0 -1  0.438125 0.526667 0.088750 0.533333
0 -1  0.363750 0.503333 0.070000 0.491111
0 -1  0.316250 0.536667 0.120000 0.624444
0 -1  0.251875 0.622222 0.116250 0.684444
0 -1  0.169375 0.516667 0.081250 0.384444
0 -1  0.204375 0.531111 0.081250 0.391111
0 -1  0.116875 0.530000 0.093750 0.446667
0 -1  0.043125 0.553333 0.083750 0.880000
