0 6163 0.313750 0.561111 0.162500 0.775556
0 -1  0.940000 0.318889 0.032500 0.224444
0 -1  0.896250 0.354444 0.060000 0.406667
0 -1  0.745000 0.278889 0.037500 0.211111
0 -1  0.706250 0.273333 0.035000 0.217778
0 -1  0.686875 0.277778 0.028750 0.177778
0 -1  0.653125 0.286667 0.031250 0.151111
0 -1  0.633125 0.280000 0.023750 0.137778
0 -1  0.592500 0.285556 0.032500 0.184444
0 -1  0.551875 0.340000 0.061250 0.244444
0 -1  0.496250 0.274444 0.035000 0.188889
0 -1  0.475000 0.280000 0.025000 0.204444
0 -1  0.416875 0.297778 0.031250 0.217778
0 -1  0.453125 0.314444 0.056250 0.246667
0 -1  0.650000 0.555556 0.117500 0.524444
0 -1  0.810000 0.450000 0.112500 0.540000
0 -1  0.392500 0.305556 0.032500 0.188889
0 -1  0.360625 0.283333 0.026250 0.184444
0 -1  0.151875 0.295556 0.038750 0.191111
0 -1  0.107500 0.294444 0.027500 0.188889
0 -1  0.060000 0.304444 0.032500 0.195556
