0 6162 0.287500 0.568889 0.112500 0.533333
0 6163 0.708125 0.552222 0.106250 0.513333
0 -1  0.970625 0.407778 0.038750 0.264444
0 -1  0.892500 0.408889 0.037500 0.177778
0 -1  0.818750 0.407778 0.047500 0.228889
0 -1  0.763125 0.411111 0.048750 0.235556
0 -1  0.671875 0.403333 0.041250 0.206667
0 -1  0.643125 0.408889 0.038750 0.226667
0 -1  0.610625 0.417778 0.028750 0.168889
0 -1  0.938125 0.506667 0.081250 0.386667
0 -1  0.875000 0.582222 0.107500 0.431111
0 -1  0.583125 0.397778 0.026250 0.186667
0 -1  0.558125 0.400000 0.028750 0.191111
0 -1  0.417500 0.390000 0.037500 0.180000
0 -1  0.381250 0.388889 0.025000 0.151111
0 -1  0.345000 0.378889 0.027500 0.166667
0 -1  0.194375 0.428889 0.043750 0.208889
0 -1  0.234375 0.396667 0.026250 0.126667
0 -1  0.146250 0.425556 0.022500 0.148889
0 -1  0.105625 0.396667 0.046250 0.233333
0 -1  0.065625 0.435556 0.053750 0.266667
0 -1  0.045000 0.367778 0.035000 0.188889
