0 6161 0.160625 0.665556 0.108750 0.535556
0 6162 0.432500 0.686667 0.095000 0.457778
0 6163 0.621250 0.654444 0.085000 0.406667
0 -1  0.990625 0.552222 0.018750 0.215556
0 -1  0.958750 0.554444 0.035000 0.220000
0 -1  0.887500 0.633333 0.075000 0.355556
0 -1  0.835625 0.548889 0.031250 0.195556
0 -1  0.806875 0.596667 0.053750 0.304444
0 -1  0.753125 0.661111 0.061250 0.335556
0 -1  0.708750 0.570000 0.047500 0.268889
0 -1  0.684375 0.560000 0.031250 0.173333
0 -1  0.572500 0.527778 0.032500 0.157778
0 -1  0.526250 0.566667 0.037500 0.253333
0 -1  0.485625 0.528889 0.031250 0.173333
0 -1  0.378750 0.517778 0.037500 0.177778
0 -1  0.341875 0.510000 0.033750 0.162222
0 -1  0.306250 0.556667 0.030000 0.180000
0 -1  0.279375 0.553333 0.026250 0.124444
0 -1  0.241250 0.550000 0.025000 0.117778
0 -1  0.223125 0.541111 0.031250 0.193333
0 -1  0.013750 0.526667 0.025000 0.213333
0 -1  0.033750 0.524444 0.027500 0.191111
0 -1  0.080625 0.514444 0.028750 0.175556
0 -1  0.194375 0.512222 0.026250 0.166667
