0 6161 0.138750 0.628889 0.110000 0.524444
0 6162 0.473125 0.666667 0.096250 0.457778
0 6163 0.620000 0.633333 0.077500 0.391111
0 -1  0.027500 0.513333 0.042500 0.235556
0 -1  0.080000 0.506667 0.032500 0.222222
0 -1  0.190625 0.524444 0.041250 0.200000
0 -1  0.223125 0.502222 0.026250 0.200000
0 -1  0.240625 0.522222 0.023750 0.137778
0 -1  0.286875 0.518889 0.028750 0.135556
0 -1  0.263750 0.482222 0.032500 0.200000
0 -1  0.309375 0.508889 0.031250 0.151111
0 -1  0.337500 0.480000 0.030000 0.191111
0 -1  0.379375 0.482222 0.026250 0.182222
0 -1  0.418750 0.522222 0.042500 0.222222
0 -1  0.531875 0.514444 0.043750 0.211111
0 -1  0.570625 0.485556 0.038750 0.188889
0 -1  0.683750 0.528889 0.035000 0.168889
0 -1  0.658125 0.496667 0.028750 0.188889
0 -1  0.624375 0.498889 0.031250 0.188889
0 -1  0.715625 0.526667 0.051250 0.244444
0 -1  0.756875 0.623333 0.063750 0.344444
0 -1  0.798750 0.553333 0.057500 0.288889
0 -1  0.875625 0.578889 0.066250 0.353333
0 -1  0.970000 0.514444 0.045000 0.215556
