0 6164 0.484375 0.595556 0.131250 0.622222
0 6178 0.379375 0.601111 0.111250 0.531111
0 -1  0.262500 0.675556 0.075000 0.404444
0 -1  0.182500 0.616667 0.085000 0.535556
0 -1  0.066250 0.575556 0.107500 0.595556
0 -1  0.617500 0.597778 0.070000 0.382222
0 -1  0.701875 0.615556 0.051250 0.328889
0 -1  0.723125 0.618889 0.051250 0.344444
0 -1  0.965625 0.656667 0.068750 0.544444
0 -1  0.864375 0.628889 0.068750 0.555556
0 -1  0.880000 0.652222 0.070000 0.522222
0 -1  0.786875 0.663333 0.091250 0.571111
0 -1  0.585625 0.612222 0.096250 0.633333
