0 443 0.574167 0.449375 0.318333 0.556250
0 444 0.158333 0.501250 0.310000 0.622500
0 -1  0.471667 0.046875 0.023333 0.066250
0 -1  0.455000 0.046875 0.026667 0.063750
0 -1  0.111667 0.050000 0.026667 0.060000
0 -1  0.158333 0.053125 0.026667 0.053750
0 -1  0.213333 0.055000 0.020000 0.047500
0 -1  0.227500 0.181250 0.018333 0.042500
0 -1  0.210000 0.179375 0.020000 0.048750
0 -1  0.159167 0.186250 0.025000 0.050000
0 -1  0.137500 0.189375 0.021667 0.051250
0 -1  0.111667 0.184375 0.023333 0.053750
0 -1  0.065833 0.185625 0.025000 0.056250
0 -1  0.055833 0.190000 0.028333 0.060000
0 -1  0.500000 0.183750 0.016667 0.052500
0 -1  0.520000 0.183125 0.020000 0.053750
0 -1  0.546667 0.179375 0.023333 0.056250
0 -1  0.601667 0.175000 0.020000 0.042500
0 -1  0.588333 0.177500 0.020000 0.047500
0 -1  0.617500 0.179375 0.025000 0.056250
0 -1  0.640000 0.182500 0.030000 0.067500
0 -1  0.853333 0.216875 0.053333 0.133750
0 -1  0.803333 0.192500 0.040000 0.110000
0 -1  0.827500 0.213125 0.058333 0.148750
0 -1  0.375000 0.358125 0.016667 0.043750
0 -1  0.261667 0.350000 0.016667 0.042500
0 -1  0.249167 0.350000 0.015000 0.045000
0 -1  0.196667 0.375000 0.020000 0.042500
0 -1  0.180833 0.386250 0.021667 0.050000
0 -1  0.287500 0.376875 0.021667 0.048750
0 -1  0.379167 0.420625 0.031667 0.051250
0 -1  0.279167 0.418125 0.021667 0.051250
0 -1  0.285000 0.450625 0.023333 0.051250
0 -1  0.287500 0.476250 0.025000 0.057500
