0 6167 0.321875 0.591111 0.151250 0.777778
0 6168 0.720625 0.602222 0.138750 0.737778
0 -1  0.246875 0.582222 0.151250 0.777778
0 -1  0.252500 0.397778 0.022500 0.146667
0 -1  0.226250 0.396667 0.025000 0.162222
0 -1  0.209375 0.397778 0.018750 0.146667
0 -1  0.173125 0.393333 0.018750 0.128889
0 -1  0.188750 0.395556 0.025000 0.155556
0 -1  0.130000 0.375556 0.022500 0.128889
0 -1  0.060625 0.402222 0.033750 0.204444
0 -1  0.067500 0.411111 0.027500 0.195556
0 -1  0.013750 0.411111 0.025000 0.213333
0 -1  0.033750 0.414444 0.022500 0.206667
0 -1  0.432500 0.401111 0.022500 0.157778
0 -1  0.416875 0.388889 0.021250 0.168889
0 -1  0.401875 0.400000 0.021250 0.151111
0 -1  0.385000 0.391111 0.020000 0.151111
0 -1  0.367500 0.387778 0.027500 0.171111
0 -1  0.547500 0.406667 0.025000 0.155556
0 -1  0.573125 0.402222 0.026250 0.146667
0 -1  0.608125 0.412222 0.023750 0.135556
0 -1  0.635000 0.398889 0.022500 0.157778
0 -1  0.770625 0.408889 0.033750 0.191111
0 -1  0.956875 0.437778 0.043750 0.240000
0 -1  0.831250 0.403333 0.030000 0.180000
0 -1  0.479375 0.592222 0.171250 0.811111
