0 445 0.592500 0.549375 0.385000 0.788750
0 -1  0.810833 0.097500 0.021667 0.067500
0 -1  0.795833 0.098750 0.031667 0.065000
0 -1  0.515000 0.112500 0.026667 0.047500
0 -1  0.544167 0.105625 0.031667 0.061250
0 -1  0.805833 0.233750 0.028333 0.060000
0 -1  0.431667 0.233750 0.020000 0.042500
0 -1  0.412500 0.243125 0.025000 0.061250
0 -1  0.279167 0.245625 0.035000 0.073750
0 -1  0.888333 0.228750 0.023333 0.045000
0 -1  0.913333 0.233750 0.030000 0.057500
0 -1  0.937500 0.241875 0.035000 0.071250
0 -1  0.959167 0.241875 0.035000 0.076250
0 -1  0.173333 0.251875 0.030000 0.078750
0 -1  0.154167 0.261250 0.045000 0.090000
0 -1  0.103333 0.278125 0.043333 0.108750
0 -1  0.064167 0.273750 0.061667 0.117500
0 -1  0.833333 0.461875 0.023333 0.043750
0 -1  0.930000 0.511875 0.033333 0.063750
0 -1  0.898333 0.510000 0.036667 0.080000
0 -1  0.462500 0.384375 0.018333 0.033750
0 -1  0.428333 0.386250 0.016667 0.037500
0 -1  0.452500 0.431250 0.018333 0.032500
0 -1  0.475833 0.418750 0.021667 0.050000
0 -1  0.433333 0.417500 0.020000 0.042500
0 -1  0.412500 0.422500 0.018333 0.050000
0 -1  0.298333 0.467500 0.026667 0.057500
0 -1  0.296667 0.500625 0.026667 0.053750
