0 6212 0.447811 0.529375 0.178451 0.353750
0 6213 0.528620 0.317500 0.141414 0.280000
0 6214 0.742424 0.260000 0.168350 0.332500
0 -1  0.085017 0.436250 0.106061 0.285000
0 -1  0.215488 0.399375 0.104377 0.273750
0 -1  0.369529 0.363125 0.132997 0.258750
0 -1  0.948653 0.241250 0.099327 0.315000
0 -1  0.907407 0.519375 0.164983 0.348750
0 -1  0.462121 0.830625 0.122896 0.338750
0 -1  0.599327 0.840000 0.171717 0.312500
0 -1  0.250000 0.854375 0.200337 0.291250
0 -1  0.109428 0.899375 0.101010 0.151250
