0 6212 0.397306 0.419375 0.164983 0.328750
0 6213 0.245791 0.282500 0.131313 0.262500
0 6214 0.472222 0.256875 0.139731 0.278750
0 -1  0.308923 0.741875 0.132997 0.363750
0 -1  0.503367 0.706875 0.134680 0.301250
0 -1  0.657407 0.293125 0.122896 0.266250
0 -1  0.087542 0.357500 0.084175 0.262500
0 -1  0.519360 0.111250 0.085859 0.197500
0 -1  0.701178 0.088750 0.079125 0.175000
0 -1  0.759259 0.103750 0.067340 0.190000
0 -1  0.862795 0.125625 0.085859 0.248750
0 -1  0.952020 0.261875 0.075758 0.261250
0 -1  0.797980 0.247500 0.101010 0.255000
0 -1  0.637205 0.073125 0.085859 0.143750
0 -1  0.462121 0.095625 0.089226 0.188750
