0 451 0.205000 0.386250 0.213333 0.492500
0 452 0.312500 0.326875 0.185000 0.423750
0 453 0.515000 0.308750 0.200000 0.455000
0 -1  0.957500 0.136250 0.031667 0.070000
0 -1  0.895000 0.136250 0.033333 0.062500
0 -1  0.855000 0.136875 0.030000 0.068750
0 -1  0.719167 0.144375 0.038333 0.078750
0 -1  0.730000 0.152500 0.030000 0.077500
0 -1  0.704167 0.417500 0.028333 0.062500
0 -1  0.839167 0.430000 0.031667 0.072500
0 -1  0.800000 0.423750 0.033333 0.070000
0 -1  0.865000 0.321875 0.026667 0.046250
0 -1  0.851667 0.365625 0.023333 0.053750
0 -1  0.798333 0.373750 0.030000 0.057500
0 -1  0.809167 0.401250 0.025000 0.065000
0 -1  0.792500 0.403750 0.025000 0.070000
0 -1  0.940000 0.300625 0.020000 0.041250
0 -1  0.963333 0.300625 0.020000 0.041250
0 -1  0.987500 0.297500 0.015000 0.040000
0 -1  0.980000 0.312500 0.023333 0.045000
0 -1  0.977500 0.319375 0.025000 0.043750
0 -1  0.953333 0.358125 0.033333 0.053750
0 -1  0.644167 0.146875 0.021667 0.061250
