0 451 0.304167 0.438750 0.261667 0.562500
0 452 0.453333 0.379375 0.213333 0.506250
0 453 0.648333 0.361250 0.233333 0.560000
0 -1  0.933333 0.029375 0.033333 0.056250
0 -1  0.857500 0.168125 0.018333 0.043750
0 -1  0.842500 0.167500 0.018333 0.047500
0 -1  0.828333 0.167500 0.020000 0.052500
0 -1  0.795000 0.173125 0.026667 0.061250
0 -1  0.769167 0.171250 0.025000 0.065000
0 -1  0.730833 0.170625 0.025000 0.058750
0 -1  0.565833 0.185625 0.028333 0.068750
0 -1  0.543333 0.181875 0.030000 0.078750
0 -1  0.759167 0.381250 0.018333 0.050000
0 -1  0.797500 0.385000 0.028333 0.052500
0 -1  0.791667 0.325625 0.016667 0.036250
0 -1  0.830833 0.332500 0.018333 0.037500
0 -1  0.812500 0.338125 0.021667 0.048750
0 -1  0.848333 0.342500 0.020000 0.045000
0 -1  0.865000 0.338125 0.020000 0.043750
0 -1  0.857500 0.343750 0.018333 0.047500
0 -1  0.890000 0.350000 0.020000 0.047500
0 -1  0.881667 0.368750 0.026667 0.052500
0 -1  0.928333 0.338125 0.023333 0.048750
0 -1  0.930000 0.346875 0.023333 0.046250
0 -1  0.969167 0.368125 0.028333 0.053750
0 -1  0.969167 0.383750 0.028333 0.055000
0 -1  0.960000 0.425000 0.033333 0.057500
0 -1  0.939167 0.466875 0.025000 0.051250
0 -1  0.050000 0.250000 0.096667 0.205000
