0 451 0.535000 0.484375 0.310000 0.646250
0 452 0.305000 0.408750 0.276667 0.592500
0 453 0.620833 0.337500 0.241667 0.512500
0 -1  0.621667 0.042500 0.023333 0.060000
0 -1  0.599167 0.040625 0.028333 0.066250
0 -1  0.410833 0.049375 0.021667 0.043750
0 -1  0.316667 0.040625 0.026667 0.061250
0 -1  0.210000 0.183750 0.026667 0.057500
0 -1  0.045000 0.460625 0.033333 0.066250
0 -1  0.095833 0.456875 0.028333 0.068750
0 -1  0.110833 0.431250 0.028333 0.065000
0 -1  0.200833 0.430000 0.025000 0.062500
0 -1  0.749167 0.178125 0.028333 0.056250
0 -1  0.969167 0.215625 0.058333 0.138750
0 -1  0.892500 0.212500 0.075000 0.150000
0 -1  0.676667 0.364375 0.020000 0.048750
0 -1  0.725833 0.180000 0.021667 0.052500
