0 451 0.587500 0.470000 0.298333 0.597500
0 452 0.289167 0.419375 0.241667 0.588750
0 453 0.450000 0.360625 0.196667 0.528750
0 454 0.828333 0.249375 0.090000 0.181250
0 455 0.903333 0.247500 0.083333 0.167500
0 -1  0.155833 0.048750 0.028333 0.067500
0 -1  0.125000 0.044375 0.026667 0.068750
0 -1  0.191667 0.181875 0.020000 0.051250
0 -1  0.170833 0.181875 0.021667 0.051250
0 -1  0.127500 0.188750 0.021667 0.055000
0 -1  0.121667 0.359375 0.023333 0.048750
0 -1  0.106667 0.367500 0.026667 0.047500
0 -1  0.032500 0.386250 0.025000 0.050000
0 -1  0.066667 0.404375 0.026667 0.058750
0 -1  0.096667 0.400625 0.023333 0.051250
0 -1  0.099167 0.419375 0.028333 0.053750
0 -1  0.115833 0.486875 0.028333 0.048750
0 -1  0.490000 0.226875 0.046667 0.103750
0 -1  0.689167 0.240000 0.065000 0.172500
