0 454 0.439167 0.350000 0.185000 0.405000
0 455 0.770833 0.409375 0.271667 0.598750
0 456 0.277500 0.400000 0.228333 0.457500
0 -1  0.975000 0.175000 0.026667 0.072500
0 -1  0.665000 0.213750 0.046667 0.110000
0 -1  0.076667 0.273125 0.073333 0.156250
0 -1  0.202500 0.270625 0.055000 0.148750
0 -1  0.159167 0.259375 0.061667 0.158750
0 -1  0.345000 0.251250 0.073333 0.165000
0 -1  0.308333 0.261875 0.056667 0.161250
0 -1  0.956667 0.391250 0.026667 0.052500
0 -1  0.959167 0.409375 0.028333 0.056250
0 -1  0.924167 0.436250 0.028333 0.070000
