0 457 0.575000 0.376875 0.170000 0.393750
0 458 0.661667 0.385000 0.193333 0.420000
0 -1  0.324167 0.094375 0.028333 0.063750
0 -1  0.300833 0.093750 0.025000 0.062500
0 -1  0.108333 0.101250 0.023333 0.045000
0 -1  0.069167 0.094375 0.028333 0.058750
0 -1  0.046667 0.095000 0.030000 0.060000
0 -1  0.027500 0.233125 0.025000 0.051250
0 -1  0.061667 0.233750 0.030000 0.057500
0 -1  0.321667 0.222500 0.020000 0.050000
0 -1  0.383333 0.226875 0.023333 0.051250
0 -1  0.401667 0.225000 0.023333 0.052500
0 -1  0.425833 0.226875 0.021667 0.048750
0 -1  0.495833 0.236875 0.028333 0.071250
0 -1  0.514167 0.238125 0.028333 0.071250
0 -1  0.534167 0.236875 0.031667 0.081250
0 -1  0.368333 0.415000 0.020000 0.050000
0 -1  0.350000 0.405625 0.020000 0.043750
0 -1  0.405000 0.447500 0.026667 0.042500
0 -1  0.292500 0.420000 0.021667 0.047500
0 -1  0.265000 0.419375 0.020000 0.041250
0 -1  0.225000 0.421875 0.020000 0.043750
0 -1  0.241667 0.440625 0.023333 0.048750
0 -1  0.265000 0.462500 0.023333 0.050000
0 -1  0.246667 0.462500 0.020000 0.050000
0 -1  0.176667 0.425000 0.020000 0.047500
0 -1  0.162500 0.420625 0.018333 0.051250
0 -1  0.022500 0.420000 0.025000 0.052500
0 -1  0.045833 0.431250 0.025000 0.052500
