0 459 0.595000 0.471250 0.440000 0.880000
0 -1  0.881667 0.093125 0.026667 0.063750
0 -1  0.835000 0.090625 0.033333 0.073750
0 -1  0.791667 0.095625 0.026667 0.063750
0 -1  0.758333 0.096875 0.026667 0.063750
0 -1  0.336667 0.109375 0.023333 0.051250
0 -1  0.310833 0.109375 0.028333 0.063750
0 -1  0.279167 0.114375 0.021667 0.056250
0 -1  0.239167 0.125000 0.031667 0.075000
0 -1  0.265833 0.118750 0.028333 0.065000
0 -1  0.182500 0.117500 0.028333 0.067500
0 -1  0.165833 0.138125 0.031667 0.068750
0 -1  0.398333 0.283125 0.023333 0.046250
0 -1  0.495000 0.343750 0.030000 0.062500
0 -1  0.082500 0.137500 0.045000 0.087500
0 -1  0.690000 0.095000 0.023333 0.057500
