0 6396 0.637205 0.431250 0.146465 0.305000
0 6397 0.663300 0.491875 0.117845 0.263750
0 -1  0.138889 0.106875 0.109428 0.211250
0 -1  0.336700 0.190625 0.107744 0.228750
0 -1  0.217172 0.272500 0.097643 0.285000
0 -1  0.042929 0.370000 0.082492 0.307500
0 -1  0.457912 0.293750 0.094276 0.252500
0 -1  0.563973 0.321250 0.101010 0.267500
0 -1  0.581650 0.112500 0.069024 0.212500
0 -1  0.638889 0.161875 0.082492 0.198750
0 -1  0.658249 0.260000 0.084175 0.245000
0 -1  0.744108 0.255625 0.107744 0.261250
0 -1  0.909933 0.137500 0.079125 0.185000
0 -1  0.914983 0.261875 0.106061 0.283750
0 -1  0.966330 0.313750 0.063973 0.257500
