0 6413 0.439167 0.561250 0.268333 0.565000
0 -1  0.560000 0.174375 0.150000 0.346250
0 -1  0.405000 0.182500 0.170000 0.362500
0 -1  0.840000 0.271875 0.150000 0.411250
0 -1  0.204167 0.256875 0.155000 0.388750
0 -1  0.242500 0.409375 0.121667 0.413750
0 -1  0.121667 0.490000 0.166667 0.530000
0 -1  0.219167 0.697500 0.135000 0.522500
0 -1  0.735833 0.795000 0.235000 0.410000
0 -1  0.577500 0.377500 0.145000 0.382500
0 -1  0.770000 0.385000 0.136667 0.460000
0 -1  0.669167 0.788750 0.208333 0.417500
0 -1  0.942500 0.251250 0.108333 0.387500
