0 6414 0.387500 0.393125 0.108333 0.218750
0 6415 0.513333 0.440000 0.113333 0.227500
0 6659 0.304167 0.517500 0.108333 0.217500
0 -1  0.728333 0.484375 0.086667 0.188750
0 -1  0.750000 0.518750 0.090000 0.230000
0 -1  0.936667 0.456875 0.096667 0.211250
0 -1  0.899167 0.245625 0.061667 0.148750
0 -1  0.860833 0.218125 0.055000 0.161250
0 -1  0.816667 0.313750 0.096667 0.207500
0 -1  0.673333 0.250000 0.103333 0.172500
0 -1  0.125833 0.336250 0.111667 0.210000
0 -1  0.333333 0.477500 0.110000 0.195000
