0 6415 0.591667 0.460625 0.113333 0.228750
0 6659 0.473333 0.560625 0.106667 0.213750
0 -1  0.075833 0.433125 0.118333 0.211250
0 -1  0.336667 0.353125 0.076667 0.163750
0 -1  0.422500 0.413750 0.065000 0.160000
0 -1  0.385000 0.520625 0.090000 0.188750
0 -1  0.564167 0.333125 0.065000 0.158750
0 -1  0.625000 0.236250 0.060000 0.162500
0 -1  0.783333 0.190625 0.056667 0.151250
0 -1  0.836667 0.208125 0.050000 0.128750
0 -1  0.952500 0.321250 0.071667 0.187500
0 -1  0.867500 0.328125 0.081667 0.216250
0 -1  0.742500 0.406250 0.075000 0.190000
0 -1  0.791667 0.401875 0.076667 0.181250
