0 465 0.368333 0.400625 0.186667 0.373750
0 466 0.127500 0.446875 0.221667 0.446250
0 -1  0.982500 0.065625 0.028333 0.063750
0 -1  0.958333 0.068750 0.026667 0.062500
0 -1  0.883333 0.074375 0.026667 0.063750
0 -1  0.955833 0.208125 0.028333 0.066250
0 -1  0.908333 0.205000 0.020000 0.040000
0 -1  0.858333 0.205625 0.026667 0.058750
0 -1  0.875000 0.210000 0.020000 0.055000
0 -1  0.822500 0.210625 0.025000 0.056250
0 -1  0.737500 0.206875 0.025000 0.066250
0 -1  0.721667 0.210000 0.020000 0.052500
0 -1  0.195000 0.225625 0.036667 0.096250
0 -1  0.514167 0.238750 0.051667 0.125000
0 -1  0.464167 0.238125 0.048333 0.118750
0 -1  0.591667 0.449375 0.023333 0.053750
0 -1  0.683333 0.409375 0.026667 0.053750
0 -1  0.754167 0.433125 0.025000 0.058750
0 -1  0.803333 0.407500 0.020000 0.042500
0 -1  0.824167 0.383125 0.018333 0.043750
0 -1  0.799167 0.383750 0.018333 0.042500
0 -1  0.845000 0.394375 0.023333 0.056250
0 -1  0.904167 0.377500 0.021667 0.047500
0 -1  0.885833 0.395000 0.028333 0.047500
0 -1  0.903333 0.398125 0.023333 0.043750
0 -1  0.953333 0.376250 0.023333 0.047500
0 -1  0.969167 0.410000 0.021667 0.057500
0 -1  0.950000 0.441250 0.030000 0.062500
0 -1  0.925000 0.496250 0.023333 0.052500
0 -1  0.905000 0.493750 0.023333 0.062500
