0 465 0.473333 0.389375 0.216667 0.468750
0 466 0.256667 0.468750 0.276667 0.555000
0 -1  0.742500 0.030625 0.025000 0.058750
0 -1  0.816667 0.027500 0.026667 0.052500
0 -1  0.801667 0.161875 0.026667 0.063750
0 -1  0.756667 0.161250 0.020000 0.052500
0 -1  0.733333 0.160000 0.023333 0.060000
0 -1  0.709167 0.163750 0.021667 0.055000
0 -1  0.680000 0.166250 0.023333 0.055000
0 -1  0.620833 0.161875 0.025000 0.058750
0 -1  0.573333 0.166875 0.020000 0.058750
0 -1  0.588333 0.163750 0.023333 0.065000
0 -1  0.417500 0.186250 0.048333 0.112500
0 -1  0.377500 0.196250 0.041667 0.107500
0 -1  0.304167 0.195625 0.048333 0.108750
0 -1  0.846667 0.338125 0.020000 0.043750
0 -1  0.801667 0.350000 0.020000 0.047500
0 -1  0.781667 0.346250 0.020000 0.047500
0 -1  0.763333 0.327500 0.020000 0.045000
0 -1  0.740833 0.347500 0.025000 0.057500
0 -1  0.713333 0.360000 0.020000 0.045000
0 -1  0.702500 0.337500 0.018333 0.045000
0 -1  0.679167 0.340625 0.021667 0.043750
0 -1  0.629167 0.389375 0.025000 0.056250
0 -1  0.859167 0.362500 0.018333 0.050000
0 -1  0.938333 0.368750 0.023333 0.057500
0 -1  0.935000 0.383125 0.026667 0.051250
0 -1  0.920000 0.388750 0.026667 0.052500
0 -1  0.884167 0.360625 0.025000 0.053750
0 -1  0.822500 0.379375 0.025000 0.053750
0 -1  0.569167 0.361875 0.021667 0.053750
0 -1  0.803333 0.433125 0.023333 0.046250
0 -1  0.785000 0.430625 0.026667 0.053750
0 -1  0.041667 0.182500 0.043333 0.100000
