0 6441 0.489167 0.527500 0.121667 0.242500
0 6442 0.437500 0.491250 0.115000 0.230000
0 -1  0.684167 0.054375 0.078333 0.106250
0 -1  0.544167 0.083750 0.041667 0.152500
0 -1  0.510000 0.063750 0.050000 0.122500
0 -1  0.446667 0.120000 0.053333 0.155000
0 -1  0.470833 0.131250 0.075000 0.157500
0 -1  0.095000 0.064375 0.060000 0.126250
0 -1  0.151667 0.063750 0.060000 0.125000
0 -1  0.635000 0.328125 0.060000 0.116250
0 -1  0.705833 0.311875 0.078333 0.198750
0 -1  0.801667 0.315625 0.086667 0.228750
0 -1  0.940833 0.296250 0.101667 0.257500
0 -1  0.624167 0.595625 0.085000 0.238750
0 -1  0.751667 0.641250 0.103333 0.242500
0 -1  0.863333 0.668125 0.143333 0.261250
