0 465 0.822500 0.400625 0.208333 0.418750
0 467 0.502500 0.554375 0.315000 0.718750
0 -1  0.155833 0.210000 0.025000 0.052500
0 -1  0.182500 0.208125 0.028333 0.066250
0 -1  0.212500 0.198125 0.021667 0.048750
0 -1  0.230000 0.201250 0.023333 0.055000
0 -1  0.257500 0.206875 0.028333 0.063750
0 -1  0.274167 0.229375 0.035000 0.093750
0 -1  0.300000 0.218125 0.043333 0.096250
0 -1  0.340000 0.208125 0.030000 0.063750
0 -1  0.350833 0.224375 0.028333 0.081250
0 -1  0.383333 0.213125 0.036667 0.083750
0 -1  0.403333 0.238125 0.040000 0.111250
0 -1  0.585000 0.228125 0.046667 0.121250
0 -1  0.954167 0.267500 0.088333 0.220000
0 -1  0.799167 0.286875 0.128333 0.283750
0 -1  0.045000 0.391250 0.023333 0.042500
0 -1  0.045833 0.359375 0.021667 0.033750
0 -1  0.076667 0.361250 0.020000 0.035000
0 -1  0.193333 0.407500 0.026667 0.045000
