0 467 0.545833 0.478750 0.315000 0.675000
0 -1  0.594167 0.026875 0.031667 0.051250
0 -1  0.420833 0.170000 0.025000 0.057500
0 -1  0.335000 0.167500 0.023333 0.055000
0 -1  0.306667 0.182500 0.033333 0.087500
0 -1  0.273333 0.181250 0.033333 0.077500
0 -1  0.250833 0.184375 0.028333 0.066250
0 -1  0.245833 0.176875 0.035000 0.081250
0 -1  0.222500 0.180625 0.021667 0.061250
0 -1  0.809167 0.145625 0.028333 0.056250
0 -1  0.892500 0.164375 0.035000 0.071250
0 -1  0.925833 0.156875 0.035000 0.081250
0 -1  0.966667 0.155000 0.033333 0.077500
0 -1  0.775000 0.315625 0.020000 0.038750
0 -1  0.748333 0.316250 0.020000 0.042500
0 -1  0.402500 0.328125 0.018333 0.041250
0 -1  0.450000 0.344375 0.020000 0.043750
0 -1  0.405000 0.400625 0.030000 0.061250
0 -1  0.688333 0.328750 0.023333 0.052500
0 -1  0.640833 0.353750 0.021667 0.045000
0 -1  0.681667 0.357500 0.026667 0.050000
0 -1  0.677500 0.371875 0.025000 0.053750
0 -1  0.839167 0.387500 0.025000 0.050000
0 -1  0.685000 0.388125 0.026667 0.053750
0 -1  0.676667 0.394375 0.030000 0.056250
0 -1  0.676667 0.431250 0.026667 0.050000
