0 471 0.420000 0.341875 0.243333 0.488750
0 -1  0.767500 0.158125 0.025000 0.056250
0 -1  0.724167 0.155625 0.025000 0.058750
0 -1  0.639167 0.162500 0.025000 0.075000
0 -1  0.623333 0.168750 0.026667 0.080000
0 -1  0.587500 0.161875 0.031667 0.088750
0 -1  0.305833 0.185625 0.065000 0.151250
0 -1  0.210000 0.183750 0.053333 0.147500
0 -1  0.535833 0.408750 0.025000 0.055000
0 -1  0.665833 0.339375 0.021667 0.056250
0 -1  0.691667 0.341250 0.023333 0.050000
0 -1  0.679167 0.352500 0.025000 0.052500
0 -1  0.648333 0.366250 0.026667 0.060000
0 -1  0.660000 0.380625 0.023333 0.053750
0 -1  0.669167 0.385000 0.021667 0.055000
0 -1  0.650000 0.413125 0.026667 0.056250
0 -1  0.619167 0.411250 0.028333 0.067500
0 -1  0.635833 0.431875 0.028333 0.061250
0 -1  0.745000 0.365625 0.020000 0.046250
0 -1  0.962500 0.362500 0.028333 0.057500
0 -1  0.942500 0.363750 0.025000 0.047500
0 -1  0.980833 0.470625 0.028333 0.058750
0 -1  0.878333 0.418750 0.016667 0.045000
0 -1  0.868333 0.426875 0.020000 0.041250
0 -1  0.838333 0.442500 0.026667 0.052500
0 -1  0.944167 0.025000 0.025000 0.047500
