0 471 0.416667 0.314375 0.223333 0.533750
0 -1  0.045833 0.116250 0.035000 0.062500
0 -1  0.500833 0.120000 0.021667 0.050000
0 -1  0.544167 0.124375 0.028333 0.066250
0 -1  0.574167 0.128750 0.025000 0.065000
0 -1  0.638333 0.141250 0.043333 0.105000
0 -1  0.723333 0.129375 0.033333 0.088750
0 -1  0.710000 0.140000 0.030000 0.090000
0 -1  0.691667 0.142500 0.036667 0.097500
0 -1  0.755833 0.136250 0.035000 0.085000
0 -1  0.799167 0.149375 0.048333 0.108750
0 -1  0.867500 0.151875 0.045000 0.106250
0 -1  0.835000 0.153750 0.046667 0.110000
0 -1  0.915000 0.185000 0.083333 0.160000
0 -1  0.272500 0.289375 0.021667 0.046250
0 -1  0.196667 0.325000 0.023333 0.045000
0 -1  0.237500 0.380625 0.021667 0.046250
0 -1  0.267500 0.355000 0.021667 0.040000
0 -1  0.268333 0.368750 0.020000 0.045000
0 -1  0.080000 0.288750 0.026667 0.047500
0 -1  0.071667 0.316250 0.026667 0.055000
0 -1  0.084167 0.339375 0.028333 0.061250
0 -1  0.053333 0.371250 0.026667 0.052500
0 -1  0.020833 0.368125 0.035000 0.058750
0 -1  0.015833 0.415625 0.028333 0.061250
