0 471 0.488333 0.340000 0.216667 0.462500
0 -1  0.011667 0.157500 0.020000 0.065000
0 -1  0.035833 0.160000 0.025000 0.060000
0 -1  0.094167 0.172500 0.045000 0.102500
0 -1  0.172500 0.162500 0.038333 0.087500
0 -1  0.193333 0.175625 0.036667 0.093750
0 -1  0.221667 0.165000 0.030000 0.075000
0 -1  0.266667 0.178125 0.036667 0.096250
0 -1  0.299167 0.180625 0.041667 0.091250
0 -1  0.335833 0.206250 0.058333 0.137500
0 -1  0.825000 0.429375 0.266667 0.641250
0 -1  0.039167 0.399375 0.025000 0.051250
