0 475 0.304167 0.460625 0.425000 0.898750
0 -1  0.966667 0.073750 0.026667 0.072500
0 -1  0.653333 0.091250 0.026667 0.070000
0 -1  0.610000 0.098750 0.023333 0.065000
0 -1  0.360000 0.115000 0.023333 0.070000
0 -1  0.380833 0.116875 0.031667 0.071250
0 -1  0.415833 0.131250 0.051667 0.112500
0 -1  0.769167 0.306875 0.025000 0.061250
0 -1  0.615000 0.308750 0.030000 0.055000
0 -1  0.606667 0.353125 0.033333 0.063750
0 -1  0.524167 0.365000 0.035000 0.072500
0 -1  0.555000 0.360000 0.030000 0.067500
0 -1  0.937500 0.283750 0.025000 0.055000
0 -1  0.934167 0.379375 0.035000 0.076250
0 -1  0.980000 0.326875 0.026667 0.066250
0 -1  0.965000 0.327500 0.026667 0.062500
0 -1  0.932500 0.328750 0.028333 0.057500
0 -1  0.940833 0.343750 0.028333 0.057500
