0 477 0.427500 0.390625 0.335000 0.671250
0 -1  0.630833 0.098125 0.028333 0.073750
0 -1  0.583333 0.105000 0.026667 0.057500
0 -1  0.567500 0.094375 0.031667 0.086250
0 -1  0.537500 0.095000 0.031667 0.065000
0 -1  0.512500 0.097500 0.025000 0.070000
0 -1  0.374167 0.100000 0.035000 0.077500
0 -1  0.917500 0.093125 0.028333 0.063750
0 -1  0.976667 0.093750 0.033333 0.067500
0 -1  0.714167 0.082500 0.028333 0.055000
0 -1  0.655000 0.358750 0.033333 0.067500
0 -1  0.730833 0.465625 0.041667 0.083750
0 -1  0.922500 0.388750 0.031667 0.077500
0 -1  0.951667 0.400000 0.030000 0.072500
0 -1  0.925833 0.417500 0.031667 0.072500
0 -1  0.883333 0.397500 0.036667 0.077500
0 -1  0.885833 0.408125 0.035000 0.073750
0 -1  0.891667 0.449375 0.033333 0.068750
0 -1  0.923333 0.476875 0.040000 0.091250
0 -1  0.885833 0.479375 0.041667 0.083750
0 -1  0.888333 0.516875 0.043333 0.096250
0 -1  0.688333 0.081875 0.020000 0.053750
0 -1  0.739167 0.083750 0.021667 0.047500
