0 45 0.284167 0.493125 0.288333 0.553750
0 -1  0.069167 0.296250 0.025000 0.047500
0 -1  0.210833 0.349375 0.078333 0.203750
0 -1  0.427500 0.406250 0.131667 0.382500
0 -1  0.506667 0.351250 0.076667 0.220000
0 -1  0.569167 0.286250 0.018333 0.042500
0 -1  0.595000 0.286250 0.020000 0.047500
0 -1  0.743333 0.283125 0.023333 0.048750
0 -1  0.726667 0.293750 0.030000 0.080000
0 -1  0.802500 0.285000 0.025000 0.065000
0 -1  0.884167 0.281875 0.025000 0.051250
0 -1  0.927500 0.282500 0.021667 0.055000
0 -1  0.952500 0.313750 0.051667 0.132500
