0 481 0.367500 0.390000 0.305000 0.650000
0 -1  0.082500 0.128125 0.028333 0.076250
0 -1  0.110833 0.135000 0.028333 0.075000
0 -1  0.147500 0.136875 0.038333 0.096250
0 -1  0.224167 0.179375 0.051667 0.158750
0 -1  0.259167 0.174375 0.061667 0.151250
0 -1  0.696667 0.170625 0.073333 0.183750
0 -1  0.917500 0.235625 0.111667 0.273750
0 -1  0.088333 0.414375 0.030000 0.071250
0 -1  0.055833 0.416875 0.035000 0.066250
0 -1  0.079167 0.467500 0.038333 0.075000
0 -1  0.074167 0.495000 0.041667 0.075000
0 -1  0.199167 0.513125 0.048333 0.091250
