0 6673 0.391667 0.444375 0.110000 0.228750
0 6674 0.281667 0.386875 0.066667 0.133750
0 -1  0.769167 0.357500 0.045000 0.090000
0 -1  0.837500 0.346875 0.051667 0.103750
0 -1  0.617500 0.341250 0.038333 0.087500
0 -1  0.543333 0.350625 0.040000 0.078750
0 -1  0.521667 0.340000 0.033333 0.077500
0 -1  0.732500 0.340000 0.035000 0.072500
0 -1  0.686667 0.328750 0.023333 0.050000
0 -1  0.491667 0.333125 0.026667 0.053750
0 -1  0.705833 0.326875 0.015000 0.031250
0 -1  0.566667 0.330000 0.020000 0.042500
