0 6677 0.326667 0.456250 0.126667 0.255000
0 -1  0.453333 0.376250 0.040000 0.080000
0 -1  0.510833 0.367500 0.021667 0.047500
0 -1  0.540000 0.363750 0.020000 0.042500
0 -1  0.583333 0.361875 0.020000 0.043750
0 -1  0.646667 0.365625 0.026667 0.053750
0 -1  0.761667 0.376250 0.036667 0.072500
0 -1  0.733333 0.373750 0.033333 0.082500
0 -1  0.927500 0.367500 0.035000 0.072500
0 -1  0.103333 0.369375 0.016667 0.041250
0 -1  0.604167 0.357500 0.015000 0.035000
0 -1  0.697500 0.356875 0.015000 0.031250
0 -1  0.669167 0.358750 0.018333 0.037500
0 -1  0.555000 0.356250 0.010000 0.022500
0 -1  0.877500 0.360000 0.025000 0.050000
0 -1  0.808333 0.355625 0.016667 0.033750
