0 481 0.343333 0.441250 0.346667 0.695000
0 -1  0.255000 0.136875 0.026667 0.058750
0 -1  0.200000 0.135000 0.030000 0.057500
0 -1  0.139167 0.131875 0.021667 0.048750
0 -1  0.160833 0.135625 0.035000 0.063750
0 -1  0.073333 0.134375 0.030000 0.068750
0 -1  0.041667 0.155625 0.046667 0.098750
0 -1  0.090833 0.375625 0.025000 0.046250
0 -1  0.126667 0.447500 0.033333 0.080000
0 -1  0.566667 0.149375 0.030000 0.078750
0 -1  0.615833 0.145000 0.031667 0.060000
0 -1  0.703333 0.146875 0.026667 0.066250
0 -1  0.686667 0.142500 0.030000 0.065000
0 -1  0.863333 0.150000 0.030000 0.062500
0 -1  0.822500 0.150625 0.025000 0.063750
0 -1  0.806667 0.151250 0.030000 0.075000
0 -1  0.785833 0.144375 0.028333 0.071250
0 -1  0.925833 0.154375 0.045000 0.098750
0 -1  0.966667 0.196875 0.066667 0.158750
0 -1  0.770000 0.409375 0.033333 0.068750
0 -1  0.734167 0.409375 0.031667 0.063750
0 -1  0.779167 0.477500 0.035000 0.077500
0 -1  0.750000 0.498750 0.033333 0.075000
0 -1  0.890833 0.563750 0.055000 0.105000
0 -1  0.660833 0.453750 0.031667 0.082500
0 -1  0.610833 0.446875 0.035000 0.078750
0 -1  0.540833 0.553125 0.038333 0.076250
0 -1  0.495000 0.516250 0.033333 0.082500
0 -1  0.540000 0.498125 0.040000 0.091250
0 -1  0.511667 0.492500 0.043333 0.092500
