0 6676 0.210833 0.477500 0.138333 0.237500
0 6678 0.463333 0.482500 0.140000 0.282500
0 6679 0.669167 0.480625 0.138333 0.261250
0 -1  0.040000 0.413750 0.050000 0.102500
0 -1  0.080833 0.401250 0.035000 0.070000
0 -1  0.106667 0.410625 0.040000 0.086250
0 -1  0.130000 0.403125 0.036667 0.076250
0 -1  0.263333 0.401250 0.043333 0.087500
0 -1  0.334167 0.398125 0.038333 0.078750
0 -1  0.370000 0.413125 0.053333 0.108750
0 -1  0.411667 0.414375 0.043333 0.101250
0 -1  0.565833 0.405625 0.058333 0.116250
0 -1  0.869167 0.384375 0.035000 0.071250
0 -1  0.905000 0.418125 0.043333 0.088750
0 -1  0.920000 0.405625 0.050000 0.108750
0 -1  0.964167 0.406875 0.048333 0.098750
0 -1  0.546667 0.399375 0.033333 0.078750
0 -1  0.314167 0.402500 0.035000 0.080000
0 -1  0.025833 0.415625 0.038333 0.091250
0 -1  0.150833 0.400625 0.038333 0.078750
0 -1  0.228333 0.401250 0.036667 0.077500
