0 6675 0.278333 0.485625 0.223333 0.411250
0 6676 0.580000 0.466250 0.156667 0.302500
0 -1  0.838333 0.420625 0.123333 0.261250
0 -1  0.911667 0.390000 0.076667 0.167500
0 -1  0.681667 0.379375 0.083333 0.206250
0 -1  0.621667 0.348750 0.040000 0.090000
0 -1  0.467500 0.363125 0.051667 0.113750
0 -1  0.361667 0.365000 0.050000 0.125000
0 -1  0.395833 0.368750 0.051667 0.127500
0 -1  0.149167 0.410000 0.088333 0.207500
0 -1  0.106667 0.376875 0.063333 0.146250
0 -1  0.040833 0.351250 0.031667 0.065000
0 -1  0.514167 0.367500 0.045000 0.102500
