0 6696 0.527500 0.484375 0.135000 0.258750
0 6697 0.699167 0.426250 0.121667 0.242500
0 -1  0.095000 0.350000 0.063333 0.130000
0 -1  0.390833 0.356250 0.061667 0.125000
0 -1  0.464167 0.411875 0.085000 0.171250
0 -1  0.498333 0.260625 0.033333 0.068750
0 -1  0.527500 0.263125 0.028333 0.058750
0 -1  0.545000 0.268750 0.026667 0.055000
0 -1  0.780833 0.283125 0.041667 0.093750
0 -1  0.053333 0.301250 0.036667 0.085000
0 -1  0.071667 0.300625 0.040000 0.078750
0 -1  0.595833 0.267500 0.025000 0.055000
0 -1  0.624167 0.260625 0.021667 0.048750
0 -1  0.443333 0.250000 0.020000 0.040000
0 -1  0.402500 0.249375 0.021667 0.046250
0 -1  0.455000 0.279375 0.023333 0.061250
0 -1  0.445000 0.280000 0.026667 0.062500
0 -1  0.630000 0.275625 0.030000 0.061250
0 -1  0.016667 0.303750 0.030000 0.072500
0 -1  0.150833 0.260625 0.021667 0.046250
0 -1  0.167500 0.247500 0.018333 0.037500
0 -1  0.424167 0.245625 0.015000 0.031250
