0 6711 0.680000 0.438125 0.116667 0.233750
0 6712 0.507500 0.678750 0.135000 0.290000
0 6713 0.384167 0.694375 0.165000 0.346250
0 6714 0.329167 0.458125 0.118333 0.231250
0 6715 0.443333 0.389375 0.083333 0.168750
0 -1  0.890000 0.210625 0.026667 0.058750
0 -1  0.947500 0.228750 0.031667 0.065000
0 -1  0.904167 0.213125 0.025000 0.056250
0 -1  0.924167 0.212500 0.025000 0.055000
0 -1  0.941667 0.211875 0.026667 0.061250
0 -1  0.920833 0.246875 0.041667 0.086250
0 -1  0.883333 0.251875 0.040000 0.106250
0 -1  0.873333 0.235625 0.030000 0.068750
0 -1  0.865000 0.226250 0.030000 0.067500
0 -1  0.840000 0.221875 0.026667 0.063750
0 -1  0.833333 0.241875 0.030000 0.068750
0 -1  0.947500 0.313125 0.061667 0.121250
0 -1  0.942500 0.386250 0.081667 0.165000
0 -1  0.787500 0.388750 0.088333 0.177500
0 -1  0.406667 0.333125 0.063333 0.156250
0 -1  0.275833 0.443750 0.101667 0.205000
0 -1  0.318333 0.383750 0.073333 0.147500
0 -1  0.926667 0.704375 0.133333 0.441250
0 -1  0.943333 0.536875 0.100000 0.271250
0 -1  0.475833 0.338125 0.058333 0.133750
0 -1  0.531667 0.343750 0.056667 0.147500
0 -1  0.581667 0.346875 0.066667 0.138750
0 -1  0.635833 0.353125 0.061667 0.146250
0 -1  0.690000 0.365000 0.060000 0.127500
0 -1  0.612500 0.373750 0.088333 0.177500
