0 6710 0.443333 0.503750 0.113333 0.215000
0 6711 0.331667 0.691875 0.163333 0.376250
0 6712 0.137500 0.494375 0.095000 0.178750
0 6713 0.065000 0.491875 0.103333 0.206250
0 6714 0.225000 0.414375 0.090000 0.173750
0 6903 0.366667 0.574375 0.120000 0.241250
0 -1  0.790000 0.726875 0.240000 0.481250
0 -1  0.925000 0.562500 0.140000 0.280000
0 -1  0.689167 0.570625 0.128333 0.258750
0 -1  0.628333 0.467500 0.096667 0.195000
0 -1  0.527500 0.450625 0.105000 0.211250
0 -1  0.470833 0.480000 0.085000 0.202500
0 -1  0.027500 0.370000 0.051667 0.127500
0 -1  0.066667 0.365625 0.050000 0.128750
0 -1  0.116667 0.372500 0.066667 0.135000
0 -1  0.172500 0.380000 0.058333 0.135000
0 -1  0.224167 0.363750 0.061667 0.125000
0 -1  0.270000 0.323750 0.060000 0.122500
0 -1  0.372500 0.336250 0.048333 0.117500
0 -1  0.350833 0.331875 0.041667 0.116250
0 -1  0.404167 0.323125 0.048333 0.098750
0 -1  0.453333 0.332500 0.043333 0.105000
0 -1  0.483333 0.321875 0.046667 0.093750
0 -1  0.511667 0.321875 0.046667 0.096250
0 -1  0.544167 0.316875 0.051667 0.103750
0 -1  0.665833 0.333125 0.051667 0.113750
0 -1  0.690000 0.313125 0.043333 0.093750
0 -1  0.535000 0.256250 0.033333 0.067500
0 -1  0.415833 0.228125 0.021667 0.043750
0 -1  0.322500 0.262500 0.031667 0.065000
0 -1  0.341667 0.271875 0.030000 0.061250
