0 6736 0.361667 0.493750 0.230000 0.415000
0 -1  0.328333 0.268750 0.043333 0.090000
0 -1  0.351667 0.251875 0.050000 0.093750
0 -1  0.435833 0.280000 0.048333 0.097500
0 -1  0.505000 0.299375 0.046667 0.096250
0 -1  0.544167 0.261875 0.051667 0.103750
0 -1  0.361667 0.202500 0.040000 0.082500
0 -1  0.384167 0.177500 0.038333 0.077500
0 -1  0.346667 0.171875 0.026667 0.056250
0 -1  0.368333 0.133750 0.023333 0.055000
0 -1  0.383333 0.125000 0.023333 0.062500
0 -1  0.402500 0.142500 0.025000 0.060000
0 -1  0.451667 0.105625 0.026667 0.058750
0 -1  0.499167 0.105625 0.025000 0.051250
0 -1  0.435833 0.165000 0.035000 0.070000
0 -1  0.445000 0.227500 0.043333 0.095000
0 -1  0.470000 0.216250 0.036667 0.090000
0 -1  0.475000 0.154375 0.036667 0.081250
0 -1  0.502500 0.127500 0.028333 0.057500
0 -1  0.507500 0.151875 0.028333 0.071250
0 -1  0.516667 0.188125 0.033333 0.091250
0 -1  0.535833 0.139375 0.028333 0.076250
0 -1  0.577500 0.241875 0.038333 0.091250
0 -1  0.568333 0.175625 0.023333 0.048750
0 -1  0.565000 0.151250 0.023333 0.050000
0 -1  0.577500 0.131250 0.025000 0.052500
0 -1  0.595000 0.175625 0.026667 0.088750
0 -1  0.603333 0.125625 0.023333 0.058750
0 -1  0.615833 0.150000 0.031667 0.080000
0 -1  0.631667 0.093750 0.023333 0.052500
0 -1  0.659167 0.091875 0.021667 0.048750
0 -1  0.645000 0.131875 0.030000 0.066250
0 -1  0.675000 0.111250 0.020000 0.072500
0 -1  0.665833 0.140000 0.031667 0.067500
0 -1  0.665000 0.181875 0.030000 0.066250
0 -1  0.654167 0.206875 0.038333 0.083750
0 -1  0.515000 0.475000 0.143333 0.272500
0 -1  0.697500 0.146875 0.025000 0.078750
0 -1  0.837500 0.199375 0.045000 0.096250
0 -1  0.730000 0.122500 0.023333 0.062500
0 -1  0.935833 0.250625 0.068333 0.136250
0 -1  0.527500 0.390000 0.065000 0.130000
