0 484 0.455000 0.348125 0.183333 0.391250
0 -1  0.914167 0.206250 0.028333 0.062500
0 -1  0.866667 0.204375 0.030000 0.056250
0 -1  0.820833 0.209375 0.028333 0.056250
0 -1  0.796667 0.206875 0.030000 0.061250
0 -1  0.655833 0.215000 0.028333 0.072500
0 -1  0.160000 0.258125 0.070000 0.151250
0 -1  0.965833 0.371875 0.028333 0.053750
0 -1  0.930833 0.373750 0.028333 0.045000
0 -1  0.811667 0.431250 0.030000 0.055000
0 -1  0.768333 0.428125 0.036667 0.058750
0 -1  0.652500 0.468125 0.025000 0.063750
0 -1  0.692500 0.470625 0.028333 0.061250
