0 6741 0.578333 0.523125 0.143333 0.288750
0 6742 0.680000 0.504375 0.136667 0.281250
0 -1  0.118333 0.610625 0.233333 0.503750
0 -1  0.296667 0.521250 0.126667 0.252500
0 -1  0.377500 0.468125 0.081667 0.163750
0 -1  0.473333 0.453750 0.076667 0.155000
0 -1  0.516667 0.425625 0.043333 0.088750
0 -1  0.713333 0.445000 0.073333 0.147500
0 -1  0.787500 0.446250 0.085000 0.162500
0 -1  0.207500 0.433750 0.035000 0.072500
0 -1  0.162500 0.448125 0.041667 0.086250
0 -1  0.249167 0.425000 0.035000 0.070000
0 -1  0.327500 0.439375 0.048333 0.101250
0 -1  0.410833 0.425625 0.035000 0.081250
