0 6737 0.530000 0.465000 0.125000 0.520000
0 6738 0.125000 0.507500 0.177500 0.678333
0 -1  0.645625 0.483333 0.121250 0.533333
0 -1  0.705000 0.470000 0.105000 0.530000
0 -1  0.836875 0.450833 0.116250 0.531667
0 -1  0.929375 0.452500 0.131250 0.541667
0 -1  0.260625 0.285000 0.018750 0.070000
0 -1  0.286250 0.330000 0.032500 0.176667
0 -1  0.311250 0.309167 0.032500 0.128333
0 -1  0.338125 0.336667 0.043750 0.186667
0 -1  0.397500 0.335000 0.040000 0.196667
0 -1  0.431250 0.334167 0.037500 0.171667
0 -1  0.460625 0.325833 0.036250 0.171667
0 -1  0.482500 0.328333 0.035000 0.170000
0 -1  0.575000 0.296667 0.030000 0.120000
0 -1  0.592500 0.315000 0.042500 0.153333
