0 6737 0.176875 0.554167 0.208750 0.815000
0 6738 0.662500 0.532500 0.205000 0.901667
0 -1  0.246250 0.376667 0.120000 0.470000
0 -1  0.136875 0.513333 0.166250 0.670000
0 -1  0.457500 0.269167 0.057500 0.205000
0 -1  0.323750 0.258333 0.027500 0.100000
0 -1  0.742500 0.226667 0.017500 0.083333
0 -1  0.768750 0.227500 0.022500 0.081667
0 -1  0.728750 0.225833 0.020000 0.085000
0 -1  0.509375 0.224167 0.016250 0.061667
0 -1  0.529375 0.225000 0.016250 0.056667
0 -1  0.565625 0.223333 0.016250 0.060000
0 -1  0.588125 0.221667 0.016250 0.063333
