0 6739 0.855000 0.461667 0.122500 0.476667
0 6740 0.175625 0.556667 0.136250 0.530000
0 -1  0.026875 0.395833 0.043750 0.158333
0 -1  0.111875 0.433333 0.058750 0.230000
0 -1  0.080625 0.393333 0.043750 0.160000
0 -1  0.722500 0.368333 0.047500 0.170000
0 -1  0.696875 0.374167 0.043750 0.158333
0 -1  0.615625 0.370000 0.031250 0.113333
0 -1  0.530000 0.351667 0.022500 0.083333
0 -1  0.479375 0.351667 0.021250 0.076667
0 -1  0.199375 0.361667 0.016250 0.073333
0 -1  0.221250 0.355833 0.017500 0.085000
0 -1  0.236250 0.357500 0.020000 0.078333
0 -1  0.258125 0.362500 0.018750 0.071667
0 -1  0.300000 0.356667 0.020000 0.080000
0 -1  0.316875 0.354167 0.023750 0.085000
0 -1  0.332500 0.355833 0.020000 0.071667
0 -1  0.440625 0.351667 0.021250 0.080000
0 -1  0.462500 0.355000 0.017500 0.073333
