0 6747 0.449167 0.471875 0.095000 0.191250
0 -1  0.495833 0.401250 0.035000 0.080000
0 -1  0.545833 0.427500 0.058333 0.135000
0 -1  0.576667 0.447500 0.073333 0.150000
0 -1  0.606667 0.438125 0.073333 0.146250
0 -1  0.622500 0.428125 0.065000 0.131250
0 -1  0.702500 0.411875 0.045000 0.098750
0 -1  0.746667 0.407500 0.046667 0.107500
0 -1  0.774167 0.416875 0.041667 0.113750
0 -1  0.840000 0.410000 0.033333 0.060000
0 -1  0.882500 0.416875 0.028333 0.056250
0 -1  0.880833 0.400625 0.045000 0.091250
0 -1  0.933333 0.401250 0.040000 0.085000
0 -1  0.953333 0.401250 0.046667 0.097500
0 -1  0.969167 0.416250 0.045000 0.107500
