0 6743 0.548333 0.407500 0.153333 0.310000
0 6744 0.276667 0.424375 0.170000 0.316250
0 -1  0.103333 0.357500 0.083333 0.167500
0 -1  0.191667 0.350625 0.066667 0.133750
0 -1  0.168333 0.350000 0.046667 0.097500
0 -1  0.289167 0.328750 0.045000 0.092500
0 -1  0.364167 0.319375 0.038333 0.078750
0 -1  0.415833 0.341250 0.075000 0.152500
0 -1  0.437500 0.326875 0.045000 0.111250
0 -1  0.470833 0.316875 0.035000 0.071250
0 -1  0.495833 0.317500 0.041667 0.095000
0 -1  0.516667 0.313125 0.040000 0.086250
0 -1  0.585833 0.311875 0.038333 0.078750
0 -1  0.615000 0.310625 0.036667 0.076250
0 -1  0.646667 0.340625 0.066667 0.156250
0 -1  0.723333 0.349375 0.090000 0.181250
0 -1  0.776667 0.345000 0.083333 0.167500
0 -1  0.808333 0.298750 0.036667 0.072500
0 -1  0.840833 0.302500 0.025000 0.072500
0 -1  0.924167 0.315625 0.061667 0.123750
0 -1  0.967500 0.306875 0.045000 0.091250
