0 484 0.610000 0.378125 0.183333 0.441250
0 -1  0.218333 0.090000 0.026667 0.060000
0 -1  0.146667 0.088750 0.030000 0.065000
0 -1  0.183333 0.091875 0.030000 0.056250
0 -1  0.057500 0.230000 0.028333 0.060000
0 -1  0.329167 0.223750 0.028333 0.057500
0 -1  0.423333 0.221875 0.026667 0.051250
0 -1  0.475833 0.223750 0.025000 0.045000
0 -1  0.502500 0.221250 0.025000 0.057500
0 -1  0.532500 0.220000 0.028333 0.057500
0 -1  0.685833 0.218125 0.021667 0.061250
0 -1  0.664167 0.225000 0.031667 0.077500
0 -1  0.705833 0.228125 0.028333 0.081250
0 -1  0.741667 0.239375 0.040000 0.091250
0 -1  0.814167 0.255000 0.065000 0.137500
0 -1  0.179167 0.390000 0.018333 0.042500
0 -1  0.213333 0.386875 0.023333 0.048750
0 -1  0.283333 0.395625 0.020000 0.043750
0 -1  0.267500 0.396250 0.025000 0.042500
0 -1  0.269167 0.418125 0.031667 0.046250
0 -1  0.294167 0.463125 0.028333 0.046250
0 -1  0.270833 0.460000 0.025000 0.052500
0 -1  0.417500 0.490625 0.025000 0.048750
0 -1  0.389167 0.492500 0.028333 0.055000
0 -1  0.387500 0.461250 0.025000 0.060000
0 -1  0.044167 0.438750 0.028333 0.055000
0 -1  0.018333 0.451875 0.026667 0.061250
0 -1  0.537500 0.370000 0.018333 0.035000
0 -1  0.523333 0.369375 0.020000 0.033750
0 -1  0.546667 0.441875 0.023333 0.048750
0 -1  0.558333 0.423750 0.023333 0.057500
0 -1  0.863333 0.426875 0.223333 0.638750
