0 6747 0.484167 0.437500 0.061667 0.125000
0 -1  0.452500 0.422500 0.055000 0.115000
0 -1  0.526667 0.384375 0.033333 0.066250
0 -1  0.561667 0.416250 0.050000 0.097500
0 -1  0.579167 0.433125 0.058333 0.126250
0 -1  0.620000 0.460625 0.063333 0.143750
0 -1  0.664167 0.445000 0.071667 0.142500
0 -1  0.686667 0.388750 0.040000 0.090000
0 -1  0.670000 0.402500 0.043333 0.087500
0 -1  0.708333 0.412500 0.050000 0.102500
0 -1  0.747500 0.430000 0.065000 0.132500
0 -1  0.798333 0.443750 0.066667 0.135000
0 -1  0.781667 0.386250 0.043333 0.087500
0 -1  0.828333 0.381250 0.040000 0.080000
0 -1  0.871667 0.405000 0.050000 0.100000
0 -1  0.897500 0.406250 0.038333 0.090000
0 -1  0.937500 0.458125 0.078333 0.158750
0 -1  0.957500 0.403125 0.051667 0.103750
0 -1  0.905000 0.368750 0.040000 0.080000
