0 6748 0.569167 0.544375 0.138333 0.278750
0 6749 0.709167 0.528125 0.118333 0.238750
0 -1  0.843333 0.691875 0.293333 0.606250
0 -1  0.465833 0.499375 0.058333 0.116250
0 -1  0.611667 0.492500 0.056667 0.112500
0 -1  0.390833 0.485000 0.045000 0.092500
0 -1  0.321667 0.500625 0.060000 0.121250
0 -1  0.170000 0.476875 0.040000 0.086250
0 -1  0.116667 0.483750 0.020000 0.037500
0 -1  0.113333 0.472500 0.033333 0.065000
0 -1  0.036667 0.489375 0.023333 0.046250
0 -1  0.027500 0.478750 0.031667 0.067500
