0 6758 0.507500 0.500625 0.175000 0.403750
0 6759 0.358333 0.512500 0.176667 0.400000
0 -1  0.080000 0.485000 0.136667 0.342500
0 -1  0.178333 0.489375 0.150000 0.301250
0 -1  0.268333 0.471875 0.133333 0.271250
0 -1  0.597500 0.463750 0.155000 0.327500
0 -1  0.690833 0.412500 0.101667 0.217500
0 -1  0.912500 0.562500 0.165000 0.507500
0 -1  0.415000 0.368750 0.026667 0.057500
0 -1  0.446667 0.365625 0.023333 0.048750
0 -1  0.391667 0.375000 0.030000 0.062500
0 -1  0.785833 0.361875 0.031667 0.063750
0 -1  0.745000 0.362500 0.030000 0.062500
