0 6778 0.525000 0.356250 0.080000 0.182500
0 -1  0.078333 0.339375 0.030000 0.068750
0 -1  0.096667 0.340625 0.033333 0.066250
0 -1  0.117500 0.336250 0.028333 0.055000
0 -1  0.175833 0.356250 0.061667 0.122500
0 -1  0.320000 0.335625 0.036667 0.073750
0 -1  0.339167 0.331875 0.028333 0.066250
0 -1  0.408333 0.327500 0.026667 0.055000
0 -1  0.453333 0.325625 0.030000 0.058750
0 -1  0.581667 0.367500 0.083333 0.167500
0 -1  0.650000 0.388750 0.103333 0.210000
0 -1  0.775000 0.328125 0.040000 0.081250
0 -1  0.728333 0.315625 0.026667 0.053750
0 -1  0.799167 0.324375 0.038333 0.088750
0 -1  0.860833 0.321250 0.038333 0.077500
0 -1  0.903333 0.311250 0.033333 0.055000
