0 6774 0.656667 0.488125 0.160000 0.331250
0 -1  0.902500 0.402500 0.061667 0.125000
0 -1  0.544167 0.401875 0.055000 0.103750
0 -1  0.375833 0.381875 0.031667 0.063750
0 -1  0.352500 0.376875 0.035000 0.071250
0 -1  0.317500 0.381875 0.038333 0.078750
0 -1  0.265833 0.383125 0.035000 0.076250
0 -1  0.235833 0.378750 0.031667 0.062500
0 -1  0.045833 0.375625 0.038333 0.076250
0 -1  0.075000 0.377500 0.033333 0.072500
0 -1  0.117500 0.373125 0.035000 0.073750
0 -1  0.162500 0.373750 0.035000 0.070000
0 -1  0.197500 0.375625 0.028333 0.061250
0 -1  0.283333 0.381250 0.030000 0.062500
