0 6779 0.598333 0.408125 0.086667 0.173750
0 6780 0.469167 0.413750 0.085000 0.170000
0 6908 0.776667 0.486875 0.163333 0.328750
0 -1  0.105000 0.551250 0.203333 0.585000
0 -1  0.685833 0.382500 0.058333 0.117500
0 -1  0.729167 0.359375 0.035000 0.071250
0 -1  0.630000 0.359375 0.033333 0.066250
0 -1  0.399167 0.171875 0.021667 0.046250
0 -1  0.484167 0.212500 0.021667 0.045000
0 -1  0.599167 0.263125 0.025000 0.051250
0 -1  0.653333 0.290000 0.023333 0.047500
0 -1  0.524167 0.361875 0.031667 0.073750
0 -1  0.501667 0.367500 0.043333 0.092500
0 -1  0.423333 0.403750 0.060000 0.172500
0 -1  0.386667 0.368750 0.036667 0.105000
0 -1  0.371667 0.376250 0.036667 0.102500
0 -1  0.327500 0.378125 0.061667 0.126250
0 -1  0.244167 0.368125 0.055000 0.123750
0 -1  0.195833 0.369375 0.041667 0.098750
0 -1  0.162500 0.371875 0.048333 0.098750
0 -1  0.120000 0.369375 0.036667 0.088750
0 -1  0.088333 0.362500 0.043333 0.097500
0 -1  0.855000 0.376875 0.036667 0.081250
