0 6782 0.576667 0.442500 0.096667 0.217500
0 6783 0.229167 0.529375 0.155000 0.386250
0 6909 0.119167 0.463125 0.105000 0.211250
0 -1  0.064167 0.441875 0.075000 0.168750
0 -1  0.024167 0.393125 0.031667 0.066250
0 -1  0.325833 0.431250 0.095000 0.192500
0 -1  0.366667 0.396875 0.036667 0.073750
0 -1  0.508333 0.443750 0.090000 0.182500
0 -1  0.632500 0.414375 0.058333 0.118750
0 -1  0.961667 0.420625 0.070000 0.186250
0 -1  0.939167 0.378750 0.031667 0.065000
0 -1  0.912500 0.386250 0.035000 0.072500
0 -1  0.844167 0.375000 0.021667 0.045000
0 -1  0.814167 0.378750 0.028333 0.057500
0 -1  0.703333 0.400625 0.026667 0.053750
0 -1  0.722500 0.393750 0.028333 0.072500
0 -1  0.760833 0.381250 0.025000 0.052500
0 -1  0.854167 0.372500 0.018333 0.037500
0 -1  0.867500 0.372500 0.018333 0.037500
0 -1  0.804167 0.380000 0.025000 0.050000
0 -1  0.680833 0.380000 0.025000 0.050000
0 -1  0.665833 0.377500 0.025000 0.050000
0 -1  0.643333 0.378750 0.026667 0.055000
0 -1  0.416667 0.375625 0.016667 0.033750
0 -1  0.492500 0.380625 0.018333 0.041250
0 -1  0.538333 0.381250 0.026667 0.055000
0 -1  0.099167 0.164375 0.031667 0.058750
