0 6782 0.098333 0.555000 0.193333 0.510000
0 6793 0.403333 0.470625 0.110000 0.258750
0 -1  0.018333 0.401250 0.030000 0.062500
0 -1  0.050833 0.399375 0.031667 0.066250
0 -1  0.287500 0.422500 0.051667 0.127500
0 -1  0.257500 0.402500 0.045000 0.095000
0 -1  0.319167 0.401875 0.038333 0.083750
0 -1  0.520000 0.504375 0.140000 0.318750
0 -1  0.617500 0.490000 0.115000 0.280000
0 -1  0.679167 0.431875 0.071667 0.158750
0 -1  0.471667 0.419375 0.060000 0.131250
0 -1  0.717500 0.395000 0.035000 0.070000
0 -1  0.742500 0.391875 0.028333 0.058750
0 -1  0.864167 0.385625 0.025000 0.053750
0 -1  0.904167 0.385000 0.025000 0.050000
