0 6779 0.526667 0.446875 0.146667 0.318750
0 6780 0.152500 0.393750 0.091667 0.185000
0 -1  0.037500 0.348125 0.041667 0.101250
0 -1  0.056667 0.353750 0.043333 0.095000
0 -1  0.220000 0.399375 0.113333 0.226250
0 -1  0.692500 0.420625 0.128333 0.256250
0 -1  0.945833 0.417500 0.095000 0.207500
0 -1  0.605833 0.360625 0.045000 0.091250
0 -1  0.641667 0.357500 0.043333 0.087500
0 -1  0.754167 0.346250 0.035000 0.067500
0 -1  0.141667 0.388125 0.070000 0.173750
0 -1  0.310000 0.356250 0.043333 0.110000
0 -1  0.341667 0.356250 0.046667 0.110000
0 -1  0.404167 0.361875 0.051667 0.106250
0 -1  0.465000 0.363125 0.053333 0.108750
0 -1  0.510833 0.350625 0.038333 0.076250
0 -1  0.527500 0.192500 0.021667 0.045000
0 -1  0.680000 0.276875 0.023333 0.051250
0 -1  0.735000 0.302500 0.023333 0.050000
0 -1  0.794167 0.323125 0.021667 0.046250
