0 6788 0.496667 0.366250 0.120000 0.255000
0 6789 0.660000 0.375000 0.136667 0.295000
0 -1  0.053333 0.288750 0.030000 0.062500
0 -1  0.067500 0.291250 0.035000 0.070000
0 -1  0.199167 0.280000 0.028333 0.055000
0 -1  0.234167 0.280625 0.028333 0.058750
0 -1  0.250833 0.280000 0.025000 0.052500
0 -1  0.294167 0.280625 0.031667 0.061250
0 -1  0.315000 0.280000 0.026667 0.060000
0 -1  0.341667 0.276250 0.030000 0.062500
0 -1  0.443333 0.273125 0.033333 0.066250
0 -1  0.283333 0.281250 0.023333 0.060000
0 -1  0.426667 0.276250 0.020000 0.055000
0 -1  0.398333 0.270000 0.020000 0.040000
0 -1  0.768333 0.261250 0.023333 0.047500
0 -1  0.877500 0.258750 0.021667 0.050000
0 -1  0.852500 0.260625 0.021667 0.046250
0 -1  0.641667 0.363125 0.106667 0.243750
