0 6788 0.510833 0.408125 0.078333 0.158750
0 6789 0.428333 0.409375 0.083333 0.168750
0 -1  0.040833 0.352500 0.038333 0.077500
0 -1  0.091667 0.348750 0.033333 0.067500
0 -1  0.225000 0.356875 0.036667 0.073750
0 -1  0.478333 0.403750 0.063333 0.150000
0 -1  0.592500 0.396250 0.061667 0.125000
0 -1  0.614167 0.394375 0.055000 0.126250
0 -1  0.695000 0.375000 0.033333 0.075000
0 -1  0.710833 0.374375 0.038333 0.076250
0 -1  0.839167 0.387500 0.045000 0.092500
0 -1  0.875833 0.376875 0.045000 0.091250
0 -1  0.824167 0.371250 0.035000 0.072500
0 -1  0.536667 0.364375 0.036667 0.071250
0 -1  0.377500 0.360000 0.031667 0.065000
