0 487 0.731667 0.391875 0.253333 0.531250
0 -1  0.042500 0.207500 0.031667 0.055000
0 -1  0.186667 0.205625 0.030000 0.061250
0 -1  0.224167 0.221875 0.038333 0.103750
0 -1  0.255000 0.232500 0.036667 0.087500
0 -1  0.288333 0.213750 0.040000 0.092500
0 -1  0.332500 0.230000 0.051667 0.102500
0 -1  0.354167 0.232500 0.041667 0.092500
0 -1  0.401667 0.231875 0.043333 0.098750
0 -1  0.109167 0.369375 0.021667 0.036250
0 -1  0.092500 0.387500 0.031667 0.055000
0 -1  0.145833 0.436875 0.025000 0.048750
0 -1  0.201667 0.492500 0.036667 0.087500
