0 6795 0.272500 0.500625 0.178333 0.358750
0 -1  0.089167 0.352500 0.035000 0.070000
0 -1  0.152500 0.374375 0.061667 0.126250
0 -1  0.426667 0.398750 0.070000 0.140000
0 -1  0.495000 0.390625 0.050000 0.136250
0 -1  0.547500 0.362500 0.048333 0.097500
0 -1  0.610000 0.400625 0.096667 0.196250
0 -1  0.641667 0.357500 0.033333 0.077500
0 -1  0.671667 0.391875 0.063333 0.128750
0 -1  0.702500 0.404375 0.091667 0.183750
0 -1  0.753333 0.368125 0.050000 0.101250
0 -1  0.826667 0.350625 0.033333 0.068750
0 -1  0.880833 0.357500 0.035000 0.077500
0 -1  0.907500 0.352500 0.028333 0.075000
0 -1  0.927500 0.352500 0.035000 0.070000
0 -1  0.976667 0.355625 0.040000 0.081250
0 -1  0.856667 0.353750 0.036667 0.075000
0 -1  0.763333 0.353750 0.033333 0.067500
0 -1  0.375000 0.374375 0.046667 0.103750
0 -1  0.395833 0.362500 0.041667 0.095000
0 -1  0.188333 0.358125 0.040000 0.081250
0 -1  0.215000 0.350000 0.036667 0.075000
0 -1  0.292500 0.341250 0.021667 0.045000
0 -1  0.315833 0.341250 0.018333 0.037500
