0 6796 0.551667 0.399375 0.076667 0.156250
0 -1  0.414167 0.372500 0.035000 0.077500
0 -1  0.430000 0.365000 0.023333 0.060000
0 -1  0.471667 0.390000 0.050000 0.100000
0 -1  0.728333 0.398750 0.060000 0.120000
0 -1  0.829167 0.379375 0.035000 0.071250
0 -1  0.909167 0.373125 0.031667 0.063750
0 -1  0.941667 0.370000 0.030000 0.060000
0 -1  0.510000 0.368750 0.030000 0.062500
0 -1  0.862500 0.373125 0.028333 0.058750
0 -1  0.693333 0.385000 0.040000 0.080000
0 -1  0.646667 0.370625 0.026667 0.061250
0 -1  0.662500 0.380000 0.031667 0.072500
0 -1  0.685833 0.377500 0.035000 0.080000
0 -1  0.025000 0.365000 0.030000 0.062500
0 -1  0.265833 0.363125 0.025000 0.051250
0 -1  0.364167 0.361875 0.021667 0.046250
0 -1  0.598333 0.375000 0.030000 0.062500
0 -1  0.628333 0.365000 0.020000 0.040000
0 -1  0.345000 0.361250 0.020000 0.042500
