0 6797 0.355833 0.418125 0.115000 0.261250
0 -1  0.112500 0.346250 0.061667 0.125000
0 -1  0.224167 0.343750 0.061667 0.122500
0 -1  0.247500 0.326250 0.038333 0.077500
0 -1  0.292500 0.338125 0.048333 0.098750
0 -1  0.602500 0.346250 0.045000 0.097500
0 -1  0.536667 0.337500 0.046667 0.092500
0 -1  0.723333 0.336875 0.050000 0.101250
0 -1  0.818333 0.339375 0.043333 0.088750
0 -1  0.949167 0.351875 0.051667 0.106250
0 -1  0.921667 0.336250 0.040000 0.087500
0 -1  0.050833 0.311875 0.025000 0.056250
0 -1  0.036667 0.309375 0.023333 0.053750
0 -1  0.022500 0.313750 0.021667 0.060000
0 -1  0.200833 0.318125 0.035000 0.073750
0 -1  0.422500 0.325625 0.028333 0.058750
0 -1  0.555000 0.322500 0.023333 0.055000
0 -1  0.589167 0.318750 0.025000 0.055000
