0 6797 0.331667 0.433750 0.070000 0.140000
0 -1  0.018333 0.407500 0.026667 0.082500
0 -1  0.040000 0.408750 0.033333 0.082500
0 -1  0.114167 0.436250 0.071667 0.145000
0 -1  0.275000 0.395625 0.033333 0.071250
0 -1  0.315833 0.392500 0.035000 0.075000
0 -1  0.945000 0.421875 0.073333 0.148750
0 -1  0.425000 0.396875 0.036667 0.076250
0 -1  0.406667 0.392500 0.033333 0.067500
0 -1  0.510000 0.386250 0.030000 0.062500
0 -1  0.567500 0.391250 0.031667 0.065000
0 -1  0.610000 0.395000 0.033333 0.067500
0 -1  0.650000 0.401250 0.043333 0.095000
0 -1  0.739167 0.387500 0.025000 0.060000
0 -1  0.769167 0.385625 0.031667 0.063750
0 -1  0.813333 0.386875 0.033333 0.066250
0 -1  0.454167 0.382500 0.025000 0.055000
0 -1  0.915833 0.376250 0.021667 0.045000
