0 6800 0.307500 0.349375 0.198333 0.443750
0 6801 0.543333 0.336250 0.156667 0.332500
0 -1  0.093333 0.220625 0.046667 0.096250
0 -1  0.515000 0.233125 0.046667 0.098750
0 -1  0.584167 0.229375 0.051667 0.108750
0 -1  0.695833 0.264375 0.075000 0.143750
0 -1  0.790000 0.246250 0.073333 0.147500
0 -1  0.856667 0.278750 0.090000 0.202500
0 -1  0.943333 0.266875 0.073333 0.158750
0 -1  0.962500 0.320625 0.061667 0.281250
0 -1  0.649167 0.250625 0.041667 0.098750
0 -1  0.618333 0.223125 0.043333 0.101250
0 -1  0.695000 0.252500 0.080000 0.160000
0 -1  0.741667 0.235000 0.040000 0.102500
