0 6802 0.877500 0.537500 0.165000 0.335000
0 6803 0.665000 0.495000 0.106667 0.210000
0 -1  0.061667 0.443750 0.050000 0.115000
0 -1  0.137500 0.440625 0.058333 0.118750
0 -1  0.188333 0.438125 0.046667 0.093750
0 -1  0.224167 0.443125 0.038333 0.096250
0 -1  0.243333 0.444375 0.046667 0.116250
0 -1  0.290833 0.463750 0.038333 0.077500
0 -1  0.272500 0.432500 0.048333 0.097500
0 -1  0.310000 0.433750 0.046667 0.095000
0 -1  0.333333 0.451875 0.063333 0.128750
0 -1  0.353333 0.431250 0.033333 0.102500
0 -1  0.379167 0.430000 0.038333 0.102500
0 -1  0.395833 0.450625 0.071667 0.143750
0 -1  0.450833 0.461875 0.065000 0.143750
0 -1  0.501667 0.430000 0.040000 0.080000
0 -1  0.530000 0.438125 0.026667 0.053750
0 -1  0.557500 0.430625 0.041667 0.083750
0 -1  0.591667 0.425000 0.030000 0.062500
0 -1  0.606667 0.425000 0.026667 0.067500
0 -1  0.619167 0.423750 0.025000 0.062500
0 -1  0.636667 0.424375 0.020000 0.058750
0 -1  0.650000 0.426875 0.023333 0.058750
0 -1  0.737500 0.465000 0.075000 0.150000
0 -1  0.842500 0.466250 0.078333 0.165000
0 -1  0.708333 0.420000 0.026667 0.055000
0 -1  0.758333 0.418125 0.023333 0.058750
0 -1  0.767500 0.433125 0.035000 0.073750
0 -1  0.797500 0.415625 0.021667 0.043750
0 -1  0.807500 0.415625 0.021667 0.046250
0 -1  0.977500 0.430000 0.028333 0.077500
