0 6807 0.546667 0.576250 0.166667 0.312500
0 -1  0.050833 0.488750 0.061667 0.142500
0 -1  0.127500 0.488125 0.061667 0.138750
0 -1  0.178333 0.486875 0.050000 0.136250
0 -1  0.205833 0.481250 0.061667 0.137500
0 -1  0.259167 0.483125 0.061667 0.133750
0 -1  0.346667 0.476250 0.070000 0.140000
0 -1  0.625000 0.462500 0.066667 0.132500
0 -1  0.706667 0.469375 0.056667 0.118750
0 -1  0.749167 0.463125 0.058333 0.126250
0 -1  0.809167 0.463125 0.058333 0.121250
0 -1  0.845833 0.460625 0.051667 0.116250
0 -1  0.879167 0.459375 0.055000 0.111250
0 -1  0.910833 0.452500 0.051667 0.117500
0 -1  0.973333 0.453750 0.046667 0.127500
