0 6807 0.560833 0.561875 0.151667 0.303750
0 6808 0.175000 0.525000 0.113333 0.227500
0 -1  0.070000 0.575000 0.136667 0.327500
0 -1  0.052500 0.467500 0.035000 0.077500
0 -1  0.102500 0.467500 0.035000 0.080000
0 -1  0.132500 0.466250 0.035000 0.080000
0 -1  0.227500 0.465625 0.048333 0.091250
0 -1  0.462500 0.458125 0.055000 0.103750
0 -1  0.521667 0.456250 0.050000 0.105000
0 -1  0.660833 0.457500 0.058333 0.125000
0 -1  0.786667 0.450625 0.060000 0.133750
0 -1  0.915833 0.450625 0.058333 0.133750
0 -1  0.948333 0.450625 0.053333 0.136250
