0 6809 0.475000 0.506250 0.080000 0.160000
0 -1  0.034167 0.483125 0.051667 0.103750
0 -1  0.090000 0.488125 0.056667 0.113750
0 -1  0.187500 0.490625 0.048333 0.098750
0 -1  0.272500 0.471250 0.035000 0.072500
0 -1  0.304167 0.475000 0.035000 0.072500
0 -1  0.347500 0.470000 0.028333 0.062500
0 -1  0.365000 0.470625 0.033333 0.068750
0 -1  0.402500 0.465625 0.028333 0.063750
0 -1  0.441667 0.458750 0.026667 0.055000
0 -1  0.414167 0.460000 0.025000 0.052500
0 -1  0.510833 0.459375 0.025000 0.051250
0 -1  0.585833 0.463125 0.035000 0.071250
0 -1  0.614167 0.455000 0.021667 0.045000
0 -1  0.631667 0.466875 0.033333 0.066250
0 -1  0.653333 0.468125 0.023333 0.046250
0 -1  0.663333 0.456250 0.023333 0.047500
0 -1  0.710000 0.457500 0.030000 0.062500
0 -1  0.750000 0.463750 0.030000 0.060000
0 -1  0.916667 0.460625 0.036667 0.073750
0 -1  0.864167 0.448750 0.021667 0.045000
0 -1  0.946667 0.451250 0.023333 0.050000
0 -1  0.788333 0.451875 0.020000 0.043750
0 -1  0.550000 0.458750 0.020000 0.040000
0 -1  0.566667 0.458125 0.020000 0.046250
