0 6804 0.461667 0.540625 0.143333 0.256250
0 6805 0.286667 0.521250 0.120000 0.225000
0 6806 0.535000 0.518750 0.086667 0.215000
0 -1  0.061667 0.489375 0.060000 0.133750
0 -1  0.133333 0.489375 0.056667 0.128750
0 -1  0.322500 0.478125 0.061667 0.133750
0 -1  0.577500 0.468125 0.051667 0.103750
0 -1  0.618333 0.471250 0.046667 0.100000
0 -1  0.734167 0.463750 0.061667 0.125000
0 -1  0.786667 0.461250 0.050000 0.100000
0 -1  0.820000 0.460000 0.050000 0.102500
0 -1  0.856667 0.463125 0.050000 0.101250
0 -1  0.922500 0.468125 0.031667 0.063750
0 -1  0.954167 0.453750 0.041667 0.097500
0 -1  0.970000 0.457500 0.043333 0.110000
