0 6807 0.059167 0.498125 0.075000 0.133750
0 6809 0.615000 0.527500 0.123333 0.245000
0 -1  0.550000 0.460625 0.053333 0.101250
0 -1  0.689167 0.460625 0.055000 0.111250
0 -1  0.759167 0.460000 0.045000 0.112500
0 -1  0.790000 0.455625 0.053333 0.116250
0 -1  0.824167 0.456250 0.058333 0.115000
0 -1  0.899167 0.470000 0.041667 0.095000
0 -1  0.937500 0.461875 0.048333 0.121250
0 -1  0.968333 0.458125 0.053333 0.123750
0 -1  0.740833 0.460000 0.041667 0.110000
0 -1  0.240000 0.461875 0.036667 0.081250
0 -1  0.200833 0.461250 0.038333 0.080000
0 -1  0.156667 0.461875 0.036667 0.076250
0 -1  0.134167 0.462500 0.031667 0.072500
0 -1  0.120833 0.464375 0.028333 0.063750
0 -1  0.098333 0.460000 0.030000 0.072500
0 -1  0.017500 0.465000 0.031667 0.065000
