0 6814 0.605833 0.515625 0.138333 0.278750
0 -1  0.969167 0.454375 0.055000 0.136250
0 -1  0.880000 0.448750 0.070000 0.142500
0 -1  0.800833 0.457500 0.061667 0.125000
0 -1  0.734167 0.459375 0.051667 0.116250
0 -1  0.706667 0.456250 0.050000 0.122500
0 -1  0.500000 0.460625 0.050000 0.098750
0 -1  0.417500 0.458125 0.051667 0.098750
0 -1  0.335000 0.463750 0.040000 0.082500
0 -1  0.254167 0.458125 0.041667 0.088750
0 -1  0.172500 0.456875 0.038333 0.083750
0 -1  0.118333 0.460000 0.036667 0.075000
0 -1  0.079167 0.455625 0.038333 0.078750
0 -1  0.052500 0.461875 0.028333 0.068750
0 -1  0.019167 0.460000 0.035000 0.070000
