0 6812 0.492500 0.495000 0.068333 0.145000
0 6813 0.441667 0.483125 0.076667 0.153750
0 6911 0.251667 0.483750 0.070000 0.140000
0 -1  0.110000 0.482500 0.050000 0.107500
0 -1  0.190000 0.476875 0.050000 0.106250
0 -1  0.357500 0.473750 0.058333 0.107500
0 -1  0.414167 0.470000 0.045000 0.095000
0 -1  0.560833 0.465000 0.038333 0.077500
0 -1  0.565000 0.458750 0.040000 0.082500
0 -1  0.614167 0.459375 0.041667 0.088750
0 -1  0.654167 0.459375 0.041667 0.083750
0 -1  0.691667 0.451875 0.036667 0.073750
0 -1  0.725000 0.450625 0.036667 0.073750
0 -1  0.748333 0.450625 0.033333 0.073750
0 -1  0.776667 0.452500 0.033333 0.067500
0 -1  0.795833 0.447500 0.028333 0.065000
0 -1  0.814167 0.450000 0.035000 0.070000
0 -1  0.834167 0.445000 0.035000 0.070000
0 -1  0.848333 0.447500 0.030000 0.062500
0 -1  0.916667 0.446875 0.026667 0.058750
0 -1  0.939167 0.445625 0.025000 0.058750
0 -1  0.956667 0.443750 0.026667 0.057500
0 -1  0.983333 0.460000 0.026667 0.102500
