0 6817 0.470000 0.543125 0.090000 0.181250
0 6818 0.665000 0.490000 0.093333 0.187500
0 -1  0.061667 0.463125 0.040000 0.081250
0 -1  0.105000 0.460000 0.033333 0.065000
0 -1  0.160000 0.477500 0.056667 0.112500
0 -1  0.174167 0.468125 0.048333 0.098750
0 -1  0.213333 0.468750 0.050000 0.100000
0 -1  0.260833 0.455625 0.031667 0.063750
0 -1  0.280833 0.455625 0.031667 0.063750
0 -1  0.332500 0.455625 0.035000 0.071250
0 -1  0.371667 0.455625 0.036667 0.076250
0 -1  0.418333 0.455000 0.040000 0.082500
0 -1  0.549167 0.455625 0.045000 0.093750
0 -1  0.620000 0.456875 0.043333 0.088750
0 -1  0.713333 0.456250 0.050000 0.100000
0 -1  0.837500 0.451875 0.055000 0.111250
0 -1  0.798333 0.457500 0.050000 0.102500
0 -1  0.954167 0.457500 0.061667 0.125000
0 -1  0.585000 0.469375 0.026667 0.056250
0 -1  0.950000 0.534375 0.086667 0.331250
