0 6817 0.475833 0.590000 0.135000 0.270000
0 6818 0.557500 0.496875 0.108333 0.218750
0 -1  0.021667 0.464375 0.040000 0.101250
0 -1  0.124167 0.461875 0.051667 0.103750
0 -1  0.313333 0.460625 0.053333 0.113750
0 -1  0.360833 0.475625 0.031667 0.063750
0 -1  0.450000 0.460625 0.056667 0.113750
0 -1  0.505000 0.460000 0.056667 0.115000
0 -1  0.594167 0.455000 0.061667 0.122500
0 -1  0.654167 0.458750 0.061667 0.122500
0 -1  0.722500 0.456250 0.061667 0.122500
0 -1  0.796667 0.451250 0.066667 0.135000
0 -1  0.920833 0.453125 0.068333 0.138750
