0 6819 0.695000 0.530625 0.176667 0.416250
0 6820 0.512500 0.475625 0.118333 0.238750
0 -1  0.122500 0.437500 0.065000 0.132500
0 -1  0.149167 0.436875 0.065000 0.131250
0 -1  0.217500 0.435625 0.061667 0.131250
0 -1  0.481667 0.433750 0.050000 0.102500
0 -1  0.564167 0.431875 0.051667 0.103750
0 -1  0.591667 0.425625 0.056667 0.113750
0 -1  0.639167 0.432500 0.045000 0.095000
0 -1  0.753333 0.437500 0.083333 0.167500
0 -1  0.885833 0.513750 0.165000 0.330000
0 -1  0.952500 0.416250 0.041667 0.090000
