0 6822 0.260833 0.531875 0.151667 0.303750
0 6823 0.455000 0.545000 0.146667 0.332500
0 -1  0.080000 0.439375 0.056667 0.116250
0 -1  0.197500 0.430625 0.048333 0.111250
0 -1  0.350833 0.420625 0.045000 0.101250
0 -1  0.375000 0.420625 0.050000 0.101250
0 -1  0.401667 0.420625 0.046667 0.096250
0 -1  0.506667 0.421875 0.046667 0.093750
0 -1  0.566667 0.556875 0.163333 0.328750
0 -1  0.666667 0.608125 0.216667 0.436250
0 -1  0.801667 0.490625 0.123333 0.246250
0 -1  0.901667 0.503125 0.113333 0.228750
0 -1  0.717500 0.428125 0.031667 0.063750
0 -1  0.702500 0.418125 0.031667 0.063750
0 -1  0.695000 0.405000 0.030000 0.065000
0 -1  0.761667 0.410000 0.033333 0.075000
0 -1  0.939167 0.410625 0.041667 0.083750
0 -1  0.970000 0.420625 0.030000 0.088750
