0 6819 0.460000 0.536875 0.210000 0.418750
0 6821 0.813333 0.644375 0.293333 0.703750
0 -1  0.900833 0.594375 0.185000 0.556250
0 -1  0.939167 0.409375 0.058333 0.118750
0 -1  0.576667 0.413125 0.053333 0.108750
0 -1  0.395000 0.420000 0.036667 0.085000
0 -1  0.260000 0.451875 0.066667 0.136250
0 -1  0.205000 0.423125 0.036667 0.073750
0 -1  0.171667 0.420000 0.030000 0.062500
0 -1  0.127500 0.418750 0.028333 0.057500
0 -1  0.099167 0.425000 0.038333 0.077500
0 -1  0.066667 0.428125 0.036667 0.088750
0 -1  0.050833 0.436250 0.045000 0.090000
0 -1  0.020833 0.417500 0.028333 0.060000
