0 6819 0.582500 0.458125 0.111667 0.238750
0 6820 0.306667 0.442500 0.090000 0.182500
0 6821 0.775833 0.449375 0.098333 0.211250
0 -1  0.121667 0.416875 0.046667 0.096250
0 -1  0.188333 0.413125 0.046667 0.096250
0 -1  0.220833 0.410000 0.041667 0.085000
0 -1  0.135833 0.411875 0.045000 0.098750
0 -1  0.270000 0.411250 0.046667 0.095000
0 -1  0.317500 0.415625 0.065000 0.131250
0 -1  0.369167 0.401250 0.038333 0.077500
0 -1  0.425000 0.403125 0.033333 0.068750
0 -1  0.473333 0.403125 0.033333 0.068750
0 -1  0.495833 0.398125 0.031667 0.063750
0 -1  0.515833 0.395625 0.028333 0.058750
0 -1  0.620833 0.443125 0.091667 0.186250
0 -1  0.893333 0.436875 0.100000 0.201250
0 -1  0.719167 0.415000 0.041667 0.092500
0 -1  0.812500 0.418125 0.045000 0.096250
0 -1  0.680833 0.388125 0.021667 0.043750
