0 6826 0.504167 0.451875 0.068333 0.151250
0 -1  0.056667 0.448125 0.066667 0.133750
0 -1  0.120833 0.448125 0.058333 0.116250
0 -1  0.184167 0.446875 0.058333 0.116250
0 -1  0.263333 0.441250 0.056667 0.112500
0 -1  0.329167 0.431875 0.051667 0.103750
0 -1  0.359167 0.443125 0.058333 0.116250
0 -1  0.380833 0.433125 0.041667 0.091250
0 -1  0.445000 0.451875 0.066667 0.133750
0 -1  0.540833 0.429375 0.048333 0.098750
0 -1  0.564167 0.431875 0.041667 0.083750
0 -1  0.604167 0.433125 0.041667 0.086250
0 -1  0.641667 0.431250 0.056667 0.112500
0 -1  0.683333 0.421875 0.043333 0.088750
0 -1  0.703333 0.421875 0.030000 0.071250
0 -1  0.772500 0.449375 0.065000 0.131250
0 -1  0.860833 0.439375 0.061667 0.126250
0 -1  0.908333 0.422500 0.046667 0.095000
0 -1  0.931667 0.441250 0.060000 0.120000
0 -1  0.960833 0.433750 0.055000 0.110000
0 -1  0.969167 0.443750 0.048333 0.135000
