0 6824 0.839167 0.523125 0.131667 0.263750
0 -1  0.058333 0.467500 0.076667 0.155000
0 -1  0.265000 0.461875 0.073333 0.148750
0 -1  0.323333 0.436875 0.050000 0.101250
0 -1  0.357500 0.451875 0.028333 0.058750
0 -1  0.417500 0.502500 0.041667 0.085000
0 -1  0.400000 0.442500 0.043333 0.087500
0 -1  0.492500 0.433750 0.048333 0.097500
0 -1  0.519167 0.463750 0.075000 0.152500
0 -1  0.580000 0.468750 0.080000 0.162500
0 -1  0.614167 0.458750 0.068333 0.145000
0 -1  0.650833 0.454375 0.061667 0.126250
0 -1  0.663333 0.423125 0.033333 0.068750
0 -1  0.690833 0.427500 0.028333 0.057500
0 -1  0.715000 0.431250 0.020000 0.045000
0 -1  0.731667 0.424375 0.023333 0.058750
0 -1  0.754167 0.423125 0.025000 0.051250
0 -1  0.778333 0.426875 0.033333 0.066250
0 -1  0.805833 0.421875 0.021667 0.046250
0 -1  0.895000 0.425625 0.033333 0.066250
0 -1  0.870833 0.416875 0.021667 0.046250
0 -1  0.940000 0.421250 0.030000 0.062500
0 -1  0.954167 0.419375 0.021667 0.051250
0 -1  0.984167 0.427500 0.025000 0.075000
