0 6826 0.522500 0.496875 0.111667 0.226250
0 -1  0.049167 0.471250 0.071667 0.145000
0 -1  0.117500 0.478125 0.061667 0.131250
0 -1  0.175000 0.473125 0.066667 0.133750
0 -1  0.220000 0.467500 0.066667 0.145000
0 -1  0.271667 0.468750 0.070000 0.142500
0 -1  0.380833 0.470625 0.065000 0.131250
0 -1  0.464167 0.471250 0.065000 0.132500
0 -1  0.597500 0.468750 0.075000 0.150000
0 -1  0.675833 0.460000 0.061667 0.122500
0 -1  0.755000 0.456875 0.066667 0.133750
0 -1  0.837500 0.473125 0.048333 0.098750
0 -1  0.871667 0.459375 0.056667 0.126250
0 -1  0.958333 0.543750 0.066667 0.330000
