0 6827 0.624167 0.449375 0.075000 0.171250
0 -1  0.087500 0.425000 0.061667 0.122500
0 -1  0.160000 0.430000 0.056667 0.112500
0 -1  0.181667 0.424375 0.053333 0.108750
0 -1  0.253333 0.419375 0.056667 0.113750
0 -1  0.319167 0.415000 0.048333 0.097500
0 -1  0.339167 0.433750 0.075000 0.152500
0 -1  0.426667 0.441875 0.073333 0.146250
0 -1  0.473333 0.407500 0.043333 0.095000
0 -1  0.520000 0.413125 0.033333 0.073750
0 -1  0.498333 0.404375 0.030000 0.061250
0 -1  0.935000 0.492500 0.123333 0.295000
0 -1  0.670000 0.428125 0.066667 0.133750
0 -1  0.575000 0.418125 0.060000 0.121250
0 -1  0.751667 0.414375 0.046667 0.093750
0 -1  0.817500 0.416250 0.045000 0.090000
0 -1  0.532500 0.403750 0.035000 0.070000
0 -1  0.550000 0.405625 0.043333 0.088750
0 -1  0.643333 0.399375 0.030000 0.066250
0 -1  0.690833 0.398125 0.028333 0.058750
0 -1  0.728333 0.400000 0.030000 0.060000
