0 6824 0.561667 0.561875 0.163333 0.343750
0 6825 0.750000 0.485000 0.100000 0.200000
0 -1  0.814167 0.470625 0.081667 0.191250
0 -1  0.666667 0.449375 0.073333 0.148750
0 -1  0.637500 0.450000 0.075000 0.150000
0 -1  0.602500 0.436875 0.048333 0.098750
0 -1  0.450833 0.440000 0.041667 0.082500
0 -1  0.345000 0.443750 0.030000 0.062500
0 -1  0.264167 0.456875 0.031667 0.063750
0 -1  0.975833 0.441250 0.041667 0.117500
0 -1  0.328333 0.438750 0.033333 0.070000
0 -1  0.306667 0.440625 0.033333 0.066250
0 -1  0.250000 0.440625 0.026667 0.061250
0 -1  0.233333 0.440625 0.030000 0.061250
0 -1  0.172500 0.443750 0.028333 0.057500
0 -1  0.081667 0.441875 0.026667 0.053750
0 -1  0.072500 0.443750 0.021667 0.050000
0 -1  0.052500 0.443125 0.021667 0.051250
0 -1  0.033333 0.442500 0.023333 0.047500
0 -1  0.015000 0.448125 0.026667 0.056250
0 -1  0.091667 0.442500 0.023333 0.050000
