0 6827 0.559167 0.466250 0.145000 0.297500
0 -1  0.115000 0.458125 0.116667 0.233750
0 -1  0.175000 0.401875 0.080000 0.161250
0 -1  0.444167 0.394375 0.065000 0.131250
0 -1  0.660000 0.428125 0.103333 0.208750
0 -1  0.582500 0.420625 0.095000 0.216250
0 -1  0.725833 0.392500 0.058333 0.135000
0 -1  0.698333 0.396250 0.053333 0.122500
0 -1  0.817500 0.395000 0.051667 0.107500
0 -1  0.792500 0.386875 0.058333 0.118750
0 -1  0.837500 0.382500 0.061667 0.122500
0 -1  0.893333 0.381875 0.060000 0.121250
0 -1  0.959167 0.377500 0.061667 0.127500
