0 6826 0.509167 0.472500 0.088333 0.172500
0 -1  0.042500 0.461250 0.035000 0.070000
0 -1  0.150000 0.456250 0.040000 0.082500
0 -1  0.188333 0.458125 0.036667 0.076250
0 -1  0.280833 0.525625 0.118333 0.238750
0 -1  0.334167 0.455625 0.045000 0.091250
0 -1  0.350833 0.450000 0.038333 0.090000
0 -1  0.372500 0.451250 0.048333 0.105000
0 -1  0.436667 0.448750 0.053333 0.107500
0 -1  0.570833 0.466875 0.081667 0.163750
0 -1  0.591667 0.451250 0.043333 0.110000
0 -1  0.624167 0.450625 0.048333 0.106250
0 -1  0.655000 0.446250 0.060000 0.120000
0 -1  0.754167 0.456875 0.078333 0.156250
0 -1  0.772500 0.445625 0.061667 0.123750
0 -1  0.885833 0.462500 0.105000 0.212500
0 -1  0.956667 0.453750 0.050000 0.102500
0 -1  0.974167 0.446250 0.041667 0.145000
