0 6828 0.445000 0.489375 0.113333 0.228750
0 6912 0.190000 0.463750 0.100000 0.205000
0 -1  0.026667 0.450000 0.050000 0.137500
0 -1  0.053333 0.451250 0.073333 0.147500
0 -1  0.373333 0.428750 0.056667 0.115000
0 -1  0.403333 0.464375 0.080000 0.161250
0 -1  0.555000 0.466250 0.106667 0.215000
0 -1  0.676667 0.454375 0.076667 0.156250
0 -1  0.782500 0.450625 0.098333 0.223750
0 -1  0.645833 0.440000 0.055000 0.130000
0 -1  0.664167 0.441875 0.075000 0.166250
0 -1  0.813333 0.447500 0.080000 0.202500
0 -1  0.868333 0.438750 0.083333 0.180000
0 -1  0.901667 0.422500 0.063333 0.135000
