0 490 0.379167 0.385000 0.281667 0.565000
0 -1  0.235833 0.193125 0.051667 0.078750
0 -1  0.519167 0.188750 0.028333 0.082500
0 -1  0.638333 0.182500 0.023333 0.057500
0 -1  0.678333 0.182500 0.026667 0.067500
0 -1  0.787500 0.213125 0.051667 0.143750
0 -1  0.745833 0.220625 0.048333 0.141250
0 -1  0.874167 0.197500 0.038333 0.095000
0 -1  0.850833 0.203125 0.045000 0.106250
0 -1  0.962500 0.196875 0.058333 0.118750
0 -1  0.602500 0.417500 0.028333 0.057500
0 -1  0.662500 0.477500 0.028333 0.067500
0 -1  0.636667 0.477500 0.033333 0.077500
0 -1  0.576667 0.484375 0.030000 0.061250
0 -1  0.535000 0.385000 0.026667 0.045000
0 -1  0.065833 0.186875 0.018333 0.053750
0 -1  0.097500 0.188125 0.025000 0.048750
0 -1  0.030833 0.185000 0.028333 0.057500
0 -1  0.135000 0.399375 0.023333 0.048750
0 -1  0.115833 0.401875 0.025000 0.053750
0 -1  0.138333 0.433750 0.030000 0.062500
0 -1  0.229167 0.442500 0.035000 0.065000
0 -1  0.210833 0.470625 0.028333 0.081250
0 -1  0.231667 0.540625 0.033333 0.081250
0 -1  0.035833 0.403125 0.025000 0.046250
0 -1  0.057500 0.411250 0.028333 0.045000
0 -1  0.017500 0.470000 0.031667 0.077500
