0 6829 0.785000 0.518125 0.153333 0.311250
0 -1  0.952500 0.481875 0.065000 0.131250
0 -1  0.083333 0.456250 0.080000 0.162500
0 -1  0.195833 0.436250 0.065000 0.132500
0 -1  0.242500 0.465000 0.108333 0.217500
0 -1  0.354167 0.474375 0.105000 0.211250
0 -1  0.470000 0.493125 0.106667 0.216250
0 -1  0.605833 0.486875 0.131667 0.266250
0 -1  0.320833 0.441875 0.058333 0.136250
0 -1  0.417500 0.423750 0.055000 0.115000
0 -1  0.499167 0.421250 0.048333 0.100000
0 -1  0.521667 0.420625 0.040000 0.098750
0 -1  0.541667 0.439375 0.056667 0.113750
0 -1  0.690000 0.416250 0.040000 0.082500
0 -1  0.725833 0.410625 0.045000 0.091250
0 -1  0.900833 0.398125 0.028333 0.058750
0 -1  0.971667 0.394375 0.026667 0.053750
0 -1  0.953333 0.393125 0.026667 0.056250
0 -1  0.937500 0.393750 0.028333 0.060000
0 -1  0.916667 0.395000 0.030000 0.062500
