0 6829 0.539167 0.588125 0.258333 0.536250
0 -1  0.035833 0.433125 0.068333 0.161250
0 -1  0.198333 0.448750 0.090000 0.180000
0 -1  0.390833 0.446875 0.115000 0.236250
0 -1  0.680833 0.420625 0.071667 0.163750
0 -1  0.729167 0.413125 0.061667 0.141250
0 -1  0.778333 0.410000 0.056667 0.130000
0 -1  0.805000 0.415625 0.076667 0.153750
0 -1  0.910000 0.411250 0.086667 0.175000
0 -1  0.969167 0.407500 0.055000 0.125000
0 -1  0.180833 0.438750 0.085000 0.172500
0 -1  0.454167 0.461875 0.111667 0.263750
