0 6833 0.206667 0.536250 0.140000 0.327500
0 6834 0.439167 0.526875 0.165000 0.331250
0 6835 0.571667 0.448125 0.113333 0.226250
0 -1  0.465833 0.443750 0.101667 0.205000
0 -1  0.654167 0.394375 0.041667 0.083750
0 -1  0.706667 0.385625 0.030000 0.063750
0 -1  0.719167 0.383125 0.031667 0.066250
0 -1  0.738333 0.382500 0.033333 0.067500
0 -1  0.754167 0.382500 0.028333 0.065000
0 -1  0.766667 0.382500 0.026667 0.065000
0 -1  0.931667 0.416875 0.086667 0.178750
0 -1  0.953333 0.395625 0.056667 0.123750
