0 6842 0.470833 0.492500 0.195000 0.390000
0 6843 0.124167 0.490000 0.155000 0.312500
0 -1  0.795833 0.418750 0.085000 0.170000
0 -1  0.837500 0.444375 0.051667 0.106250
0 -1  0.865833 0.395000 0.051667 0.105000
0 -1  0.891667 0.383750 0.046667 0.095000
0 -1  0.922500 0.379375 0.045000 0.091250
0 -1  0.950833 0.382500 0.035000 0.077500
0 -1  0.974167 0.407500 0.041667 0.155000
0 -1  0.584167 0.391250 0.038333 0.085000
0 -1  0.661667 0.379375 0.033333 0.068750
0 -1  0.680833 0.379375 0.031667 0.063750
0 -1  0.712500 0.378125 0.031667 0.063750
0 -1  0.637500 0.378750 0.025000 0.062500
