0 6844 0.470833 0.520000 0.215000 0.460000
0 -1  0.579167 0.377500 0.088333 0.177500
0 -1  0.637500 0.396875 0.088333 0.178750
0 -1  0.684167 0.390625 0.081667 0.166250
0 -1  0.731667 0.404375 0.090000 0.181250
0 -1  0.747500 0.384375 0.085000 0.198750
0 -1  0.808333 0.347500 0.030000 0.060000
0 -1  0.843333 0.346250 0.030000 0.062500
0 -1  0.934167 0.349375 0.048333 0.098750
0 -1  0.352500 0.399375 0.071667 0.143750
0 -1  0.176667 0.379375 0.063333 0.128750
0 -1  0.210833 0.376250 0.061667 0.127500
0 -1  0.269167 0.343125 0.021667 0.046250
0 -1  0.026667 0.365000 0.040000 0.090000
0 -1  0.076667 0.363750 0.050000 0.100000
0 -1  0.363333 0.375625 0.056667 0.116250
0 -1  0.115833 0.351250 0.025000 0.052500
