0 6851 0.453333 0.465000 0.113333 0.255000
0 6852 0.595000 0.436875 0.090000 0.181250
0 -1  0.404167 0.430000 0.081667 0.165000
0 -1  0.516667 0.411250 0.040000 0.095000
0 -1  0.552500 0.429375 0.068333 0.153750
0 -1  0.630833 0.410625 0.041667 0.113750
0 -1  0.687500 0.435000 0.081667 0.165000
0 -1  0.780833 0.415625 0.051667 0.106250
0 -1  0.860833 0.423125 0.061667 0.126250
0 -1  0.909167 0.415625 0.058333 0.116250
0 -1  0.940000 0.410625 0.056667 0.116250
0 -1  0.164167 0.388125 0.025000 0.051250
0 -1  0.179167 0.391250 0.025000 0.060000
0 -1  0.198333 0.390000 0.026667 0.055000
0 -1  0.225833 0.403750 0.041667 0.085000
0 -1  0.277500 0.401250 0.018333 0.037500
0 -1  0.305000 0.396250 0.033333 0.067500
0 -1  0.275000 0.394375 0.020000 0.051250
0 -1  0.315833 0.392500 0.025000 0.055000
0 -1  0.334167 0.393125 0.025000 0.058750
0 -1  0.355000 0.390000 0.026667 0.055000
