0 6864 0.868333 0.402500 0.070000 0.142500
0 6867 0.144167 0.418125 0.101667 0.206250
0 6868 0.387500 0.432500 0.115000 0.232500
0 -1  0.280000 0.510000 0.150000 0.300000
0 -1  0.241667 0.417500 0.100000 0.200000
0 -1  0.341667 0.406875 0.076667 0.183750
0 -1  0.462500 0.434375 0.058333 0.118750
0 -1  0.460833 0.398125 0.065000 0.166250
0 -1  0.572500 0.399375 0.075000 0.158750
0 -1  0.612500 0.392500 0.061667 0.150000
0 -1  0.639167 0.388125 0.058333 0.138750
0 -1  0.690833 0.391875 0.058333 0.118750
0 -1  0.758333 0.389375 0.050000 0.103750
0 -1  0.781667 0.388750 0.040000 0.097500
0 -1  0.808333 0.389375 0.046667 0.101250
