0 491 0.422500 0.357500 0.305000 0.625000
0 -1  0.300000 0.155625 0.056667 0.123750
0 -1  0.264167 0.159375 0.045000 0.116250
0 -1  0.478333 0.125625 0.030000 0.071250
0 -1  0.507500 0.130625 0.028333 0.063750
0 -1  0.530000 0.130625 0.033333 0.071250
0 -1  0.559167 0.120000 0.021667 0.055000
0 -1  0.594167 0.125000 0.025000 0.060000
0 -1  0.611667 0.124375 0.023333 0.056250
0 -1  0.634167 0.127500 0.025000 0.062500
0 -1  0.953333 0.121250 0.036667 0.072500
0 -1  0.872500 0.125625 0.025000 0.056250
0 -1  0.309167 0.448125 0.035000 0.078750
0 -1  0.543333 0.338750 0.020000 0.055000
0 -1  0.585833 0.362500 0.025000 0.055000
0 -1  0.953333 0.361250 0.030000 0.062500
0 -1  0.874167 0.387500 0.035000 0.060000
0 -1  0.837500 0.443125 0.038333 0.073750
