0 492 0.525000 0.455000 0.450000 0.900000
0 -1  0.956667 0.152500 0.056667 0.142500
0 -1  0.375000 0.118125 0.026667 0.056250
0 -1  0.351667 0.121875 0.023333 0.048750
0 -1  0.326667 0.121875 0.026667 0.048750
0 -1  0.287500 0.119375 0.025000 0.053750
0 -1  0.235833 0.125625 0.031667 0.063750
0 -1  0.162500 0.123750 0.035000 0.077500
0 -1  0.178333 0.130000 0.036667 0.077500
0 -1  0.125000 0.128750 0.040000 0.082500
0 -1  0.038333 0.459375 0.030000 0.071250
0 -1  0.255833 0.357500 0.028333 0.062500
0 -1  0.277500 0.348125 0.028333 0.051250
0 -1  0.325000 0.368125 0.030000 0.063750
0 -1  0.302500 0.365000 0.028333 0.060000
0 -1  0.412500 0.355625 0.021667 0.058750
0 -1  0.400833 0.354375 0.021667 0.056250
0 -1  0.720833 0.390625 0.238333 0.658750
0 -1  0.882500 0.365625 0.215000 0.546250
