0 6913 0.521875 0.624167 0.086250 0.308333
0 7792 0.087500 0.720833 0.130000 0.465000
0 7793 0.916875 0.700833 0.166250 0.591667
0 7794 0.741250 0.659167 0.107500 0.385000
0 -1  0.368125 0.593333 0.056250 0.203333
0 -1  0.428750 0.600000 0.057500 0.206667
0 -1  0.483750 0.598333 0.062500 0.223333
0 -1  0.270000 0.635833 0.080000 0.258333
0 -1  0.620000 0.597500 0.050000 0.201667
0 -1  0.588750 0.576667 0.042500 0.180000
0 -1  0.682500 0.584167 0.055000 0.215000
0 -1  0.848750 0.596667 0.047500 0.213333
0 -1  0.651250 0.554167 0.025000 0.115000
