0 493 0.326667 0.412500 0.373333 0.747500
0 -1  0.626667 0.168750 0.023333 0.067500
0 -1  0.658333 0.168125 0.026667 0.066250
0 -1  0.680000 0.173125 0.030000 0.073750
0 -1  0.759167 0.168125 0.035000 0.068750
0 -1  0.796667 0.175625 0.033333 0.078750
0 -1  0.830000 0.176875 0.036667 0.078750
0 -1  0.858333 0.174375 0.036667 0.076250
0 -1  0.936667 0.212500 0.050000 0.145000
0 -1  0.091667 0.423125 0.030000 0.071250
0 -1  0.136667 0.441875 0.040000 0.081250
0 -1  0.050000 0.540625 0.046667 0.083750
0 -1  0.754167 0.410000 0.035000 0.062500
0 -1  0.726667 0.413750 0.026667 0.057500
0 -1  0.705833 0.438750 0.025000 0.072500
0 -1  0.749167 0.473125 0.035000 0.058750
0 -1  0.639167 0.435625 0.028333 0.068750
0 -1  0.557500 0.515000 0.038333 0.087500
