0 6957 0.218125 0.516667 0.061250 0.220000
0 6959 0.143750 0.521667 0.060000 0.216667
0 -1  0.421875 0.531667 0.051250 0.233333
0 -1  0.493125 0.537500 0.046250 0.218333
0 -1  0.560625 0.552500 0.041250 0.205000
0 -1  0.718125 0.538333 0.036250 0.200000
0 -1  0.764375 0.514167 0.033750 0.155000
0 -1  0.831250 0.543333 0.040000 0.210000
0 -1  0.881875 0.515000 0.031250 0.153333
0 -1  0.908750 0.466667 0.015000 0.053333
0 -1  0.951250 0.502500 0.030000 0.131667
0 -1  0.973750 0.506667 0.027500 0.126667
0 -1  0.988125 0.492500 0.018750 0.105000
