0 494 0.532500 0.305000 0.301667 0.605000
0 -1  0.143333 0.110000 0.040000 0.087500
0 -1  0.206667 0.112500 0.033333 0.080000
0 -1  0.231667 0.106875 0.036667 0.091250
0 -1  0.280000 0.105625 0.040000 0.086250
0 -1  0.323333 0.112500 0.040000 0.082500
0 -1  0.415000 0.138125 0.060000 0.123750
0 -1  0.382500 0.153125 0.061667 0.143750
0 -1  0.896667 0.155000 0.093333 0.215000
0 -1  0.795000 0.176250 0.080000 0.177500
0 -1  0.020000 0.387500 0.033333 0.072500
0 -1  0.228333 0.438750 0.033333 0.070000
0 -1  0.282500 0.408125 0.035000 0.076250
0 -1  0.259167 0.420000 0.035000 0.077500
0 -1  0.310833 0.484375 0.045000 0.098750
