0 6961 0.475833 0.468750 0.085000 0.175000
0 -1  0.251667 0.527500 0.093333 0.377500
0 -1  0.386667 0.475000 0.056667 0.170000
0 -1  0.549167 0.454375 0.051667 0.133750
0 -1  0.612500 0.454375 0.048333 0.133750
0 -1  0.650000 0.448125 0.040000 0.123750
0 -1  0.668333 0.446875 0.050000 0.143750
0 -1  0.684167 0.471250 0.045000 0.122500
0 -1  0.707500 0.446875 0.041667 0.123750
0 -1  0.749167 0.471875 0.041667 0.116250
0 -1  0.798333 0.445625 0.043333 0.128750
0 -1  0.840833 0.450625 0.041667 0.113750
0 -1  0.897500 0.452500 0.025000 0.052500
