0 6979 0.404167 0.414375 0.118333 0.236250
0 6980 0.533333 0.476250 0.180000 0.360000
0 7805 0.164167 0.489375 0.175000 0.351250
0 7806 0.316667 0.508125 0.186667 0.373750
0 7807 0.784167 0.422500 0.101667 0.205000
0 -1  0.050833 0.498750 0.095000 0.282500
0 -1  0.047500 0.419375 0.091667 0.343750
0 -1  0.445833 0.375000 0.045000 0.127500
0 -1  0.516667 0.433750 0.076667 0.262500
0 -1  0.668333 0.361250 0.036667 0.097500
0 -1  0.710833 0.363125 0.038333 0.088750
0 -1  0.725000 0.353750 0.030000 0.082500
0 -1  0.840000 0.357500 0.033333 0.087500
0 -1  0.872500 0.359375 0.035000 0.081250
0 -1  0.895833 0.358750 0.028333 0.070000
