0 6976 0.489375 0.354375 0.103750 0.278750
0 6977 0.563750 0.371875 0.107500 0.288750
0 6978 0.620000 0.327500 0.080000 0.245000
0 -1  0.256875 0.343750 0.093750 0.297500
0 -1  0.345000 0.352500 0.102500 0.340000
0 -1  0.405000 0.333750 0.077500 0.270000
0 -1  0.745625 0.286250 0.038750 0.132500
0 -1  0.785625 0.281875 0.031250 0.111250
0 -1  0.805625 0.289375 0.036250 0.123750
0 -1  0.832500 0.283125 0.032500 0.108750
0 -1  0.865625 0.315625 0.061250 0.206250
0 -1  0.921250 0.313750 0.065000 0.217500
0 -1  0.973750 0.308125 0.045000 0.198750
