0 6981 0.375833 0.566250 0.145000 0.292500
0 6982 0.533333 0.503750 0.320000 0.642500
0 6983 0.185833 0.526875 0.255000 0.511250
0 -1  0.072500 0.486875 0.135000 0.473750
0 -1  0.373333 0.434375 0.116667 0.338750
0 -1  0.634167 0.360000 0.071667 0.220000
0 -1  0.693333 0.373125 0.070000 0.216250
0 -1  0.745000 0.376250 0.086667 0.242500
0 -1  0.790833 0.348125 0.065000 0.178750
0 -1  0.856667 0.355000 0.056667 0.162500
0 -1  0.824167 0.338750 0.041667 0.122500
0 -1  0.316667 0.395625 0.113333 0.226250
