0 7001 0.408333 0.376875 0.066667 0.133750
0 -1  0.656667 0.812500 0.103333 0.215000
0 -1  0.371667 0.705000 0.100000 0.195000
0 -1  0.426667 0.530000 0.066667 0.157500
0 -1  0.465000 0.504375 0.053333 0.123750
0 -1  0.568333 0.493750 0.070000 0.162500
0 -1  0.602500 0.433125 0.055000 0.138750
0 -1  0.717500 0.412500 0.058333 0.132500
0 -1  0.825000 0.377500 0.066667 0.150000
0 -1  0.792500 0.349375 0.051667 0.136250
0 -1  0.774167 0.311250 0.048333 0.122500
0 -1  0.731667 0.363750 0.053333 0.122500
0 -1  0.686667 0.361250 0.053333 0.140000
0 -1  0.650833 0.342500 0.041667 0.125000
0 -1  0.600833 0.345000 0.041667 0.112500
0 -1  0.575833 0.331250 0.038333 0.110000
0 -1  0.518333 0.406875 0.056667 0.138750
0 -1  0.541667 0.345625 0.046667 0.126250
0 -1  0.486667 0.353125 0.043333 0.118750
0 -1  0.423333 0.346875 0.050000 0.121250
0 -1  0.039167 0.388750 0.071667 0.285000
0 -1  0.096667 0.387500 0.070000 0.200000
0 -1  0.081667 0.303750 0.046667 0.137500
0 -1  0.090833 0.260000 0.048333 0.120000
0 -1  0.169167 0.290625 0.045000 0.111250
0 -1  0.257500 0.291875 0.048333 0.116250
0 -1  0.225000 0.273125 0.043333 0.103750
0 -1  0.910000 0.437500 0.053333 0.130000
0 -1  0.884167 0.388125 0.051667 0.131250
0 -1  0.370833 0.285625 0.041667 0.101250
0 -1  0.341667 0.223125 0.043333 0.113750
0 -1  0.314167 0.206875 0.041667 0.101250
0 -1  0.274167 0.212500 0.041667 0.105000
0 -1  0.157500 0.198750 0.038333 0.102500
0 -1  0.414167 0.224375 0.038333 0.091250
0 -1  0.488333 0.173125 0.033333 0.091250
0 -1  0.424167 0.156875 0.031667 0.078750
0 -1  0.378333 0.199375 0.030000 0.078750
0 -1  0.700833 0.275000 0.031667 0.072500
0 -1  0.666667 0.255000 0.036667 0.082500
0 -1  0.630000 0.301875 0.036667 0.108750
0 -1  0.680000 0.235625 0.030000 0.088750
0 -1  0.657500 0.225000 0.028333 0.082500
0 -1  0.622500 0.252500 0.035000 0.097500
0 -1  0.467500 0.316250 0.041667 0.122500
0 -1  0.511667 0.313125 0.033333 0.118750
0 -1  0.397500 0.325000 0.048333 0.130000
0 -1  0.090000 0.225625 0.036667 0.096250
0 -1  0.581667 0.271250 0.040000 0.100000
0 -1  0.534167 0.170000 0.035000 0.090000
0 -1  0.511667 0.168750 0.033333 0.095000
0 -1  0.210000 0.231250 0.033333 0.097500
0 -1  0.227500 0.205625 0.031667 0.096250
0 -1  0.854167 0.898125 0.135000 0.201250
