0 6996 0.421667 0.290000 0.083333 0.167500
0 6997 0.900000 0.373125 0.090000 0.181250
0 6998 0.345000 0.245000 0.073333 0.147500
0 6999 0.235833 0.200000 0.065000 0.132500
0 7000 0.155000 0.153750 0.070000 0.142500
0 -1  0.974167 0.343750 0.041667 0.152500
0 -1  0.849167 0.350000 0.058333 0.140000
0 -1  0.800833 0.348125 0.055000 0.143750
0 -1  0.385833 0.279375 0.048333 0.156250
0 -1  0.300000 0.238125 0.050000 0.131250
0 -1  0.126667 0.133750 0.053333 0.152500
0 -1  0.105000 0.141250 0.040000 0.092500
0 -1  0.034167 0.115000 0.041667 0.102500
0 -1  0.414167 0.131875 0.035000 0.078750
0 -1  0.765833 0.073125 0.038333 0.101250
0 -1  0.223333 0.135625 0.036667 0.101250
