0 495 0.440833 0.345000 0.255000 0.565000
0 -1  0.022500 0.127500 0.031667 0.082500
0 -1  0.052500 0.141250 0.038333 0.067500
0 -1  0.116667 0.163125 0.056667 0.156250
0 -1  0.160833 0.166250 0.075000 0.170000
0 -1  0.226667 0.131250 0.043333 0.112500
0 -1  0.274167 0.142500 0.071667 0.162500
0 -1  0.346667 0.173750 0.060000 0.132500
0 -1  0.652500 0.158125 0.075000 0.221250
0 -1  0.937500 0.235625 0.118333 0.401250
0 -1  0.841667 0.181875 0.113333 0.278750
0 -1  0.045000 0.460000 0.033333 0.080000
0 -1  0.079167 0.458750 0.041667 0.080000
