0 7004 0.627500 0.622500 0.085000 0.172500
0 7005 0.403333 0.368750 0.086667 0.175000
0 7006 0.266667 0.259375 0.083333 0.166250
0 7007 0.190833 0.604375 0.078333 0.156250
0 -1  0.724167 0.878750 0.098333 0.145000
0 -1  0.415000 0.680000 0.100000 0.197500
0 -1  0.555833 0.685000 0.091667 0.185000
0 -1  0.949167 0.792500 0.081667 0.130000
0 -1  0.890833 0.675625 0.101667 0.173750
0 -1  0.809167 0.560000 0.105000 0.185000
0 -1  0.914167 0.510000 0.085000 0.157500
0 -1  0.932500 0.353125 0.088333 0.191250
0 -1  0.780000 0.413125 0.080000 0.163750
0 -1  0.716667 0.418750 0.080000 0.152500
0 -1  0.628333 0.479375 0.090000 0.163750
0 -1  0.561667 0.484375 0.090000 0.181250
0 -1  0.572500 0.364375 0.078333 0.158750
0 -1  0.390833 0.275000 0.095000 0.190000
0 -1  0.487500 0.123750 0.058333 0.157500
0 -1  0.439167 0.129375 0.061667 0.161250
0 -1  0.429167 0.193125 0.068333 0.156250
0 -1  0.155000 0.088125 0.073333 0.158750
0 -1  0.371667 0.062500 0.060000 0.122500
0 -1  0.307500 0.081250 0.048333 0.097500
0 -1  0.243333 0.072500 0.063333 0.140000
