0 7010 0.532500 0.376875 0.095000 0.191250
0 -1  0.455833 0.344375 0.041667 0.103750
0 -1  0.030833 0.125625 0.051667 0.133750
0 -1  0.067500 0.133750 0.051667 0.140000
0 -1  0.391667 0.088750 0.046667 0.107500
0 -1  0.593333 0.280625 0.026667 0.068750
0 -1  0.555000 0.325000 0.026667 0.072500
0 -1  0.595000 0.325625 0.026667 0.081250
0 -1  0.580000 0.366250 0.030000 0.097500
0 -1  0.615833 0.330625 0.031667 0.078750
0 -1  0.613333 0.346875 0.026667 0.078750
0 -1  0.618333 0.390000 0.040000 0.105000
0 -1  0.645833 0.324375 0.028333 0.088750
0 -1  0.653333 0.351875 0.033333 0.101250
0 -1  0.665000 0.371875 0.033333 0.088750
0 -1  0.677500 0.317500 0.028333 0.080000
0 -1  0.693333 0.330625 0.030000 0.083750
0 -1  0.712500 0.300625 0.025000 0.068750
0 -1  0.685000 0.406875 0.040000 0.101250
