0 7008 0.536667 0.690625 0.093333 0.186250
0 7009 0.617500 0.714375 0.091667 0.183750
0 -1  0.752500 0.890625 0.105000 0.211250
0 -1  0.867500 0.882500 0.108333 0.220000
0 -1  0.808333 0.615625 0.056667 0.143750
0 -1  0.840000 0.521875 0.056667 0.141250
0 -1  0.788333 0.564375 0.060000 0.161250
0 -1  0.777500 0.521875 0.058333 0.138750
0 -1  0.726667 0.465000 0.053333 0.117500
0 -1  0.675833 0.470000 0.041667 0.085000
0 -1  0.775000 0.436875 0.050000 0.118750
0 -1  0.847500 0.395625 0.041667 0.101250
0 -1  0.816667 0.388750 0.033333 0.082500
0 -1  0.786667 0.388125 0.033333 0.086250
0 -1  0.803333 0.428750 0.033333 0.107500
0 -1  0.703333 0.388125 0.043333 0.106250
0 -1  0.680000 0.389375 0.036667 0.096250
0 -1  0.611667 0.408750 0.036667 0.097500
0 -1  0.555000 0.375625 0.030000 0.056250
0 -1  0.570000 0.405625 0.043333 0.103750
0 -1  0.498333 0.383750 0.040000 0.107500
0 -1  0.513333 0.360000 0.033333 0.097500
0 -1  0.596667 0.328750 0.036667 0.085000
0 -1  0.546667 0.317500 0.033333 0.080000
0 -1  0.511667 0.310625 0.026667 0.081250
0 -1  0.664167 0.315625 0.028333 0.071250
0 -1  0.640000 0.308125 0.030000 0.068750
0 -1  0.065833 0.567500 0.061667 0.167500
0 -1  0.458333 0.396250 0.036667 0.095000
0 -1  0.454167 0.326875 0.035000 0.078750
0 -1  0.418333 0.392500 0.043333 0.100000
0 -1  0.389167 0.468125 0.048333 0.111250
0 -1  0.331667 0.441875 0.050000 0.108750
0 -1  0.286667 0.431875 0.050000 0.118750
0 -1  0.283333 0.364375 0.043333 0.096250
0 -1  0.360000 0.400000 0.040000 0.100000
0 -1  0.375833 0.366250 0.038333 0.095000
0 -1  0.178333 0.110625 0.043333 0.128750
0 -1  0.236667 0.108750 0.036667 0.105000
0 -1  0.250000 0.105000 0.033333 0.102500
0 -1  0.974167 0.523750 0.045000 0.137500
0 -1  0.446667 0.264375 0.023333 0.061250
0 -1  0.408333 0.253750 0.030000 0.060000
