0 7008 0.760000 0.463750 0.063333 0.130000
0 7009 0.815833 0.469375 0.058333 0.118750
0 7010 0.470833 0.466250 0.068333 0.140000
0 -1  0.766667 0.786250 0.100000 0.222500
0 -1  0.879167 0.657500 0.075000 0.175000
0 -1  0.823333 0.640625 0.086667 0.183750
0 -1  0.810833 0.575000 0.075000 0.165000
0 -1  0.851667 0.596875 0.070000 0.166250
0 -1  0.953333 0.566250 0.080000 0.172500
0 -1  0.879167 0.491250 0.061667 0.125000
0 -1  0.920000 0.395000 0.053333 0.117500
0 -1  0.890000 0.395000 0.046667 0.107500
0 -1  0.831667 0.403125 0.043333 0.106250
0 -1  0.781667 0.406875 0.043333 0.101250
0 -1  0.799167 0.387500 0.045000 0.100000
0 -1  0.745000 0.396875 0.036667 0.076250
0 -1  0.742500 0.336875 0.031667 0.078750
0 -1  0.759167 0.336875 0.031667 0.083750
0 -1  0.722500 0.372500 0.035000 0.100000
0 -1  0.694167 0.385625 0.038333 0.088750
0 -1  0.692500 0.416875 0.041667 0.116250
0 -1  0.670833 0.331250 0.031667 0.085000
0 -1  0.645000 0.335625 0.030000 0.083750
0 -1  0.630833 0.348750 0.028333 0.080000
0 -1  0.622500 0.381875 0.041667 0.103750
0 -1  0.580000 0.405000 0.036667 0.075000
0 -1  0.599167 0.340625 0.038333 0.091250
0 -1  0.580000 0.376875 0.033333 0.096250
0 -1  0.554167 0.349375 0.035000 0.088750
0 -1  0.457500 0.395625 0.038333 0.103750
0 -1  0.450000 0.356250 0.030000 0.107500
0 -1  0.474167 0.365000 0.035000 0.095000
0 -1  0.459167 0.325625 0.035000 0.098750
0 -1  0.484167 0.326250 0.035000 0.097500
0 -1  0.504167 0.318750 0.031667 0.080000
0 -1  0.894167 0.321250 0.035000 0.087500
0 -1  0.846667 0.321250 0.033333 0.085000
0 -1  0.822500 0.323125 0.031667 0.076250
0 -1  0.795833 0.326250 0.025000 0.062500
0 -1  0.699167 0.315000 0.031667 0.085000
0 -1  0.158333 0.128750 0.046667 0.127500
0 -1  0.116667 0.121875 0.050000 0.126250
0 -1  0.437500 0.088750 0.041667 0.122500
0 -1  0.489167 0.090625 0.035000 0.103750
0 -1  0.504167 0.086250 0.035000 0.097500
