0 7004 0.488333 0.521875 0.076667 0.173750
0 7005 0.464167 0.340625 0.078333 0.156250
0 7006 0.316667 0.245625 0.066667 0.133750
0 7007 0.448333 0.703125 0.093333 0.148750
0 -1  0.684167 0.906875 0.095000 0.173750
0 -1  0.529167 0.900000 0.098333 0.190000
0 -1  0.760833 0.673125 0.098333 0.188750
0 -1  0.842500 0.670625 0.085000 0.166250
0 -1  0.919167 0.640000 0.098333 0.202500
0 -1  0.931667 0.490625 0.100000 0.176250
0 -1  0.934167 0.456250 0.095000 0.192500
0 -1  0.790000 0.553125 0.090000 0.213750
0 -1  0.683333 0.323125 0.076667 0.153750
0 -1  0.680833 0.228125 0.075000 0.148750
0 -1  0.619167 0.247500 0.075000 0.167500
0 -1  0.435000 0.257500 0.080000 0.182500
0 -1  0.482500 0.180000 0.045000 0.090000
0 -1  0.545833 0.147500 0.065000 0.142500
0 -1  0.406667 0.148125 0.060000 0.136250
0 -1  0.483333 0.098125 0.046667 0.133750
0 -1  0.239167 0.110000 0.061667 0.140000
0 -1  0.119167 0.085625 0.058333 0.123750
0 -1  0.061667 0.073750 0.050000 0.127500
0 -1  0.425833 0.091250 0.041667 0.122500
0 -1  0.400000 0.107500 0.050000 0.112500
