0 7004 0.460833 0.406875 0.061667 0.131250
0 7005 0.545000 0.370000 0.063333 0.130000
0 7006 0.366667 0.310625 0.053333 0.108750
0 -1  0.824167 0.785625 0.105000 0.211250
0 -1  0.956667 0.651250 0.070000 0.170000
0 -1  0.731667 0.546875 0.090000 0.193750
0 -1  0.790000 0.526875 0.080000 0.181250
0 -1  0.874167 0.485000 0.088333 0.177500
0 -1  0.910000 0.447500 0.070000 0.152500
0 -1  0.735833 0.325625 0.071667 0.143750
0 -1  0.665000 0.345000 0.043333 0.087500
0 -1  0.598333 0.328125 0.060000 0.136250
0 -1  0.541667 0.298750 0.066667 0.137500
0 -1  0.640000 0.278125 0.053333 0.126250
0 -1  0.633333 0.247500 0.046667 0.115000
0 -1  0.605000 0.248750 0.046667 0.120000
0 -1  0.344167 0.255000 0.041667 0.105000
0 -1  0.307500 0.223125 0.041667 0.116250
0 -1  0.340833 0.194375 0.038333 0.101250
0 -1  0.245000 0.197500 0.036667 0.110000
0 -1  0.400833 0.124375 0.025000 0.071250
0 -1  0.378333 0.139375 0.030000 0.091250
0 -1  0.357500 0.135000 0.025000 0.090000
0 -1  0.315000 0.146250 0.033333 0.090000
0 -1  0.448333 0.156250 0.033333 0.095000
0 -1  0.436667 0.117500 0.033333 0.092500
0 -1  0.480000 0.141250 0.033333 0.085000
0 -1  0.100000 0.340000 0.066667 0.155000
0 -1  0.052500 0.313750 0.048333 0.125000
0 -1  0.107500 0.292500 0.058333 0.127500
0 -1  0.024167 0.317500 0.045000 0.120000
0 -1  0.024167 0.253750 0.045000 0.130000
0 -1  0.117500 0.206250 0.055000 0.117500
0 -1  0.292500 0.113125 0.028333 0.078750
0 -1  0.278333 0.104375 0.026667 0.076250
0 -1  0.254167 0.100000 0.025000 0.057500
0 -1  0.233333 0.084375 0.026667 0.068750
0 -1  0.210000 0.096875 0.030000 0.078750
0 -1  0.187500 0.074375 0.031667 0.076250
