0 7011 0.794167 0.570000 0.051667 0.105000
0 7012 0.872500 0.903750 0.091667 0.185000
0 7013 0.075833 0.773750 0.085000 0.170000
0 7014 0.455833 0.341875 0.041667 0.086250
0 7015 0.250833 0.551875 0.048333 0.098750
0 -1  0.880000 0.859375 0.086667 0.208750
0 -1  0.880833 0.521250 0.048333 0.105000
0 -1  0.850000 0.520000 0.040000 0.095000
0 -1  0.815833 0.523750 0.041667 0.102500
0 -1  0.757500 0.498750 0.045000 0.105000
0 -1  0.855000 0.440625 0.036667 0.083750
0 -1  0.812500 0.440000 0.028333 0.057500
0 -1  0.831667 0.381250 0.026667 0.065000
0 -1  0.809167 0.382500 0.025000 0.067500
0 -1  0.790000 0.387500 0.023333 0.047500
0 -1  0.790000 0.423125 0.026667 0.066250
0 -1  0.758333 0.436875 0.026667 0.063750
0 -1  0.726667 0.373125 0.020000 0.058750
0 -1  0.716667 0.362500 0.020000 0.050000
0 -1  0.728333 0.392500 0.026667 0.067500
0 -1  0.525833 0.514375 0.038333 0.096250
0 -1  0.549167 0.399375 0.031667 0.066250
0 -1  0.430000 0.533750 0.043333 0.092500
0 -1  0.272500 0.485000 0.038333 0.087500
0 -1  0.165000 0.462500 0.040000 0.080000
0 -1  0.199167 0.470625 0.038333 0.093750
0 -1  0.221667 0.423125 0.030000 0.078750
0 -1  0.248333 0.420625 0.026667 0.068750
0 -1  0.243333 0.447500 0.026667 0.072500
0 -1  0.226667 0.476875 0.030000 0.093750
0 -1  0.290000 0.421875 0.033333 0.081250
0 -1  0.305000 0.411250 0.026667 0.070000
0 -1  0.324167 0.416250 0.025000 0.065000
0 -1  0.335833 0.439375 0.031667 0.083750
0 -1  0.025833 0.239375 0.035000 0.091250
0 -1  0.115000 0.248750 0.046667 0.127500
0 -1  0.158333 0.229375 0.030000 0.071250
0 -1  0.206667 0.235000 0.040000 0.095000
0 -1  0.477500 0.260000 0.031667 0.092500
0 -1  0.503333 0.251875 0.026667 0.078750
0 -1  0.459167 0.297500 0.028333 0.065000
0 -1  0.924167 0.244375 0.048333 0.116250
0 -1  0.185000 0.226875 0.030000 0.071250
0 -1  0.245000 0.219375 0.026667 0.066250
0 -1  0.238333 0.228125 0.023333 0.068750
0 -1  0.271667 0.223125 0.023333 0.061250
0 -1  0.299167 0.226250 0.028333 0.080000
0 -1  0.326667 0.225000 0.020000 0.062500
0 -1  0.358333 0.227500 0.033333 0.077500
0 -1  0.385000 0.221250 0.023333 0.062500
0 -1  0.424167 0.228750 0.025000 0.067500
0 -1  0.446667 0.226875 0.023333 0.068750
0 -1  0.494167 0.186875 0.021667 0.051250
0 -1  0.638333 0.225000 0.020000 0.057500
0 -1  0.652500 0.226875 0.021667 0.063750
0 -1  0.675000 0.223750 0.023333 0.070000
0 -1  0.680000 0.230625 0.026667 0.066250
0 -1  0.766667 0.225000 0.023333 0.057500
0 -1  0.793333 0.222500 0.023333 0.060000
0 -1  0.894167 0.230625 0.025000 0.073750
0 -1  0.877500 0.226250 0.025000 0.067500
0 -1  0.862500 0.226875 0.025000 0.068750
0 -1  0.754167 0.216250 0.018333 0.050000
0 -1  0.738333 0.214375 0.016667 0.038750
0 -1  0.982500 0.230625 0.028333 0.081250
0 -1  0.965833 0.224375 0.025000 0.068750
0 -1  0.058333 0.234375 0.046667 0.093750
