0 7015 0.534167 0.268750 0.038333 0.077500
0 7016 0.770000 0.813750 0.090000 0.180000
0 7017 0.923333 0.771875 0.106667 0.216250
0 7018 0.797500 0.143750 0.045000 0.092500
0 7019 0.748333 0.144375 0.040000 0.081250
0 -1  0.774167 0.761250 0.085000 0.207500
0 -1  0.976667 0.612500 0.040000 0.150000
0 -1  0.851667 0.545625 0.056667 0.133750
0 -1  0.771667 0.568750 0.060000 0.132500
0 -1  0.689167 0.544375 0.058333 0.133750
0 -1  0.720000 0.494375 0.053333 0.118750
0 -1  0.635833 0.258750 0.021667 0.050000
0 -1  0.584167 0.283750 0.025000 0.057500
0 -1  0.660833 0.263125 0.018333 0.043750
0 -1  0.655833 0.277500 0.015000 0.042500
0 -1  0.674167 0.278125 0.021667 0.048750
0 -1  0.704167 0.286875 0.021667 0.048750
0 -1  0.610833 0.299375 0.025000 0.058750
0 -1  0.626667 0.316875 0.026667 0.066250
0 -1  0.722500 0.318750 0.025000 0.067500
0 -1  0.681667 0.316875 0.026667 0.068750
0 -1  0.658333 0.320000 0.023333 0.067500
0 -1  0.759167 0.348125 0.025000 0.071250
0 -1  0.741667 0.378750 0.030000 0.080000
0 -1  0.787500 0.411250 0.045000 0.097500
0 -1  0.668333 0.391875 0.030000 0.091250
0 -1  0.632500 0.389375 0.031667 0.081250
0 -1  0.647500 0.436250 0.038333 0.110000
0 -1  0.687500 0.436875 0.035000 0.101250
0 -1  0.510000 0.548125 0.053333 0.131250
0 -1  0.400833 0.512500 0.055000 0.130000
0 -1  0.270000 0.932500 0.063333 0.127500
0 -1  0.936667 0.141875 0.036667 0.098750
0 -1  0.898333 0.163750 0.043333 0.125000
0 -1  0.880000 0.153750 0.040000 0.112500
0 -1  0.847500 0.163750 0.048333 0.127500
0 -1  0.818333 0.144375 0.033333 0.091250
0 -1  0.711667 0.138125 0.026667 0.068750
0 -1  0.692500 0.134375 0.025000 0.061250
0 -1  0.581667 0.135000 0.026667 0.067500
0 -1  0.535000 0.133125 0.026667 0.071250
0 -1  0.515833 0.138750 0.031667 0.080000
0 -1  0.382500 0.143750 0.028333 0.072500
0 -1  0.323333 0.133125 0.026667 0.071250
0 -1  0.368333 0.158750 0.023333 0.070000
0 -1  0.339167 0.151875 0.025000 0.073750
0 -1  0.365000 0.205625 0.026667 0.073750
0 -1  0.337500 0.201250 0.028333 0.082500
0 -1  0.329167 0.239375 0.035000 0.088750
0 -1  0.365000 0.260625 0.033333 0.086250
0 -1  0.315000 0.260000 0.033333 0.087500
0 -1  0.335000 0.286875 0.036667 0.098750
0 -1  0.318333 0.295625 0.033333 0.096250
0 -1  0.358333 0.329375 0.036667 0.098750
0 -1  0.300833 0.347500 0.035000 0.092500
0 -1  0.309167 0.402500 0.035000 0.095000
0 -1  0.347500 0.426875 0.041667 0.108750
0 -1  0.300000 0.493750 0.050000 0.117500
0 -1  0.260833 0.481250 0.041667 0.107500
0 -1  0.027500 0.559375 0.041667 0.096250
0 -1  0.080000 0.585625 0.060000 0.158750
0 -1  0.086667 0.543750 0.053333 0.135000
0 -1  0.021667 0.448125 0.040000 0.121250
0 -1  0.276667 0.288125 0.020000 0.053750
0 -1  0.259167 0.281250 0.025000 0.055000
0 -1  0.221667 0.281250 0.026667 0.057500
0 -1  0.205000 0.283750 0.023333 0.055000
0 -1  0.130000 0.146250 0.033333 0.082500
0 -1  0.113333 0.137500 0.036667 0.090000
0 -1  0.157500 0.133750 0.035000 0.090000
0 -1  0.228333 0.135000 0.033333 0.092500
