0 7023 0.554167 0.405000 0.091667 0.185000
0 -1  0.905000 0.441875 0.103333 0.208750
0 -1  0.783333 0.429375 0.086667 0.181250
0 -1  0.751667 0.425000 0.066667 0.167500
0 -1  0.724167 0.415625 0.065000 0.156250
0 -1  0.619167 0.410625 0.068333 0.173750
0 -1  0.493333 0.415000 0.070000 0.175000
0 -1  0.384167 0.375625 0.055000 0.121250
0 -1  0.445833 0.357500 0.028333 0.065000
0 -1  0.416667 0.366250 0.036667 0.087500
0 -1  0.370000 0.351875 0.030000 0.066250
0 -1  0.312500 0.352500 0.031667 0.090000
0 -1  0.095833 0.918125 0.078333 0.158750
0 -1  0.266667 0.453750 0.020000 0.042500
0 -1  0.270833 0.623125 0.038333 0.103750
0 -1  0.237500 0.583750 0.031667 0.085000
0 -1  0.211667 0.583125 0.040000 0.096250
0 -1  0.210000 0.640625 0.043333 0.108750
0 -1  0.174167 0.648750 0.045000 0.112500
0 -1  0.163333 0.339375 0.023333 0.061250
0 -1  0.150833 0.335000 0.025000 0.057500
0 -1  0.136667 0.371250 0.030000 0.085000
0 -1  0.130000 0.391875 0.036667 0.083750
0 -1  0.089167 0.568125 0.041667 0.101250
0 -1  0.084167 0.599375 0.041667 0.106250
0 -1  0.057500 0.649375 0.045000 0.113750
0 -1  0.023333 0.643125 0.043333 0.113750
0 -1  0.118333 0.076250 0.033333 0.080000
