0 7015 0.325833 0.206250 0.035000 0.070000
0 7018 0.762500 0.232500 0.068333 0.137500
0 7019 0.694167 0.240000 0.065000 0.132500
0 7020 0.680833 0.660000 0.078333 0.157500
0 7021 0.621667 0.662500 0.073333 0.147500
0 7022 0.480833 0.488125 0.051667 0.103750
0 -1  0.816667 0.902500 0.080000 0.190000
0 -1  0.565833 0.608750 0.055000 0.132500
0 -1  0.475833 0.322500 0.025000 0.050000
0 -1  0.455000 0.329375 0.023333 0.048750
0 -1  0.436667 0.348125 0.026667 0.053750
0 -1  0.495000 0.350625 0.030000 0.061250
0 -1  0.467500 0.423750 0.035000 0.075000
0 -1  0.475833 0.440625 0.028333 0.068750
0 -1  0.570833 0.428750 0.038333 0.085000
0 -1  0.612500 0.443750 0.045000 0.092500
0 -1  0.581667 0.476875 0.040000 0.098750
0 -1  0.555833 0.478125 0.035000 0.093750
0 -1  0.925833 0.268750 0.065000 0.197500
0 -1  0.884167 0.244375 0.055000 0.131250
0 -1  0.645000 0.205000 0.026667 0.067500
0 -1  0.607500 0.210625 0.031667 0.078750
0 -1  0.563333 0.205000 0.030000 0.085000
0 -1  0.520833 0.203125 0.025000 0.066250
0 -1  0.458333 0.193750 0.023333 0.047500
0 -1  0.389167 0.196875 0.028333 0.066250
0 -1  0.353333 0.194375 0.026667 0.071250
0 -1  0.309167 0.194375 0.025000 0.066250
0 -1  0.290000 0.193750 0.026667 0.075000
0 -1  0.279167 0.196250 0.021667 0.070000
0 -1  0.238333 0.191875 0.033333 0.068750
0 -1  0.195000 0.193125 0.023333 0.073750
0 -1  0.163333 0.188125 0.030000 0.081250
0 -1  0.136667 0.192500 0.026667 0.072500
0 -1  0.110833 0.195000 0.028333 0.072500
0 -1  0.158333 0.212500 0.026667 0.075000
0 -1  0.134167 0.231875 0.031667 0.083750
0 -1  0.160833 0.244375 0.035000 0.088750
0 -1  0.146667 0.271875 0.033333 0.086250
0 -1  0.130833 0.287500 0.031667 0.087500
0 -1  0.121667 0.324375 0.036667 0.093750
0 -1  0.166667 0.325625 0.033333 0.088750
0 -1  0.118333 0.351250 0.040000 0.095000
0 -1  0.154167 0.356875 0.038333 0.083750
0 -1  0.121667 0.387500 0.036667 0.087500
0 -1  0.114167 0.413750 0.035000 0.097500
0 -1  0.148333 0.419375 0.033333 0.091250
0 -1  0.116667 0.471875 0.036667 0.096250
0 -1  0.138333 0.499375 0.036667 0.096250
0 -1  0.111667 0.512500 0.040000 0.102500
0 -1  0.090833 0.491250 0.035000 0.092500
0 -1  0.062500 0.525000 0.041667 0.115000
0 -1  0.082500 0.573125 0.061667 0.136250
0 -1  0.070000 0.318125 0.020000 0.051250
0 -1  0.074167 0.350000 0.021667 0.062500
0 -1  0.053333 0.343125 0.026667 0.066250
0 -1  0.029167 0.348750 0.025000 0.062500
0 -1  0.013333 0.339375 0.023333 0.058750
0 -1  0.051667 0.396250 0.030000 0.085000
0 -1  0.014167 0.413125 0.025000 0.086250
0 -1  0.021667 0.186250 0.036667 0.087500
0 -1  0.066667 0.193750 0.026667 0.070000
