0 496 0.780000 0.503125 0.406667 0.816250
0 497 0.580000 0.322500 0.313333 0.582500
0 498 0.854167 0.215625 0.151667 0.353750
0 -1  0.191667 0.126250 0.026667 0.062500
0 -1  0.246667 0.131875 0.020000 0.056250
0 -1  0.260833 0.131250 0.028333 0.062500
0 -1  0.323333 0.126875 0.026667 0.066250
0 -1  0.353333 0.139375 0.036667 0.088750
0 -1  0.393333 0.142500 0.040000 0.092500
0 -1  0.445833 0.136250 0.038333 0.100000
0 -1  0.504167 0.142500 0.038333 0.085000
0 -1  0.156667 0.300625 0.020000 0.043750
0 -1  0.190000 0.294375 0.020000 0.038750
0 -1  0.220833 0.323750 0.025000 0.047500
0 -1  0.218333 0.336875 0.020000 0.051250
0 -1  0.267500 0.363125 0.021667 0.048750
0 -1  0.128333 0.313125 0.023333 0.046250
0 -1  0.117500 0.350625 0.025000 0.053750
0 -1  0.032500 0.334375 0.021667 0.061250
0 -1  0.096667 0.348125 0.023333 0.061250
0 -1  0.093333 0.358125 0.026667 0.048750
0 -1  0.094167 0.368125 0.025000 0.048750
0 -1  0.098333 0.390000 0.026667 0.055000
0 -1  0.106667 0.413750 0.026667 0.055000
