0 7057 0.366667 0.330000 0.073333 0.150000
0 7058 0.304167 0.335000 0.068333 0.137500
0 -1  0.540833 0.294375 0.045000 0.113750
0 -1  0.510833 0.303750 0.058333 0.140000
0 -1  0.431667 0.307500 0.063333 0.147500
0 -1  0.409167 0.255000 0.041667 0.110000
0 -1  0.387500 0.260625 0.048333 0.108750
0 -1  0.324167 0.272500 0.045000 0.105000
0 -1  0.275000 0.276250 0.043333 0.090000
0 -1  0.234167 0.266250 0.035000 0.072500
0 -1  0.206667 0.297500 0.053333 0.107500
0 -1  0.179167 0.344375 0.058333 0.146250
