0 499 0.345833 0.419375 0.328333 0.658750
0 -1  0.920000 0.198750 0.036667 0.077500
0 -1  0.876667 0.200000 0.033333 0.080000
0 -1  0.842500 0.204375 0.031667 0.076250
0 -1  0.813333 0.203125 0.040000 0.073750
0 -1  0.694167 0.200625 0.031667 0.076250
0 -1  0.661667 0.198125 0.033333 0.078750
0 -1  0.540000 0.221875 0.040000 0.101250
0 -1  0.483333 0.213125 0.060000 0.131250
0 -1  0.684167 0.418125 0.028333 0.056250
0 -1  0.491667 0.540000 0.033333 0.075000
0 -1  0.600833 0.545625 0.025000 0.053750
0 -1  0.634167 0.518750 0.041667 0.077500
0 -1  0.900000 0.471250 0.026667 0.075000
0 -1  0.868333 0.477500 0.030000 0.067500
0 -1  0.921667 0.498125 0.030000 0.076250
0 -1  0.898333 0.574375 0.033333 0.056250
