0 7059 0.500833 0.275000 0.088333 0.177500
0 7060 0.422500 0.288125 0.085000 0.171250
0 -1  0.500000 0.213750 0.046667 0.115000
0 -1  0.471667 0.217500 0.043333 0.102500
0 -1  0.442500 0.218125 0.041667 0.103750
0 -1  0.405833 0.226250 0.041667 0.097500
0 -1  0.373333 0.222500 0.043333 0.095000
0 -1  0.343333 0.220000 0.036667 0.082500
0 -1  0.313333 0.221875 0.033333 0.078750
0 -1  0.338333 0.295000 0.070000 0.200000
0 -1  0.272500 0.286875 0.078333 0.218750
0 -1  0.222500 0.225000 0.041667 0.110000
0 -1  0.196667 0.230625 0.040000 0.106250
