0 499 0.488333 0.438750 0.433333 0.875000
0 -1  0.190833 0.121875 0.041667 0.078750
0 -1  0.115833 0.121250 0.031667 0.077500
0 -1  0.076667 0.120625 0.036667 0.073750
0 -1  0.046667 0.120625 0.036667 0.083750
0 -1  0.625000 0.142500 0.033333 0.082500
0 -1  0.709167 0.155625 0.045000 0.091250
0 -1  0.920000 0.198125 0.030000 0.068750
0 -1  0.918333 0.171875 0.043333 0.098750
0 -1  0.865000 0.158125 0.040000 0.093750
0 -1  0.840000 0.166875 0.030000 0.071250
0 -1  0.767500 0.146875 0.031667 0.066250
0 -1  0.192500 0.403125 0.031667 0.063750
0 -1  0.262500 0.486250 0.035000 0.077500
0 -1  0.639167 0.425000 0.031667 0.067500
0 -1  0.634167 0.443750 0.035000 0.085000
0 -1  0.647500 0.476250 0.035000 0.080000
0 -1  0.673333 0.503750 0.033333 0.087500
0 -1  0.765833 0.546250 0.048333 0.112500
0 -1  0.908333 0.400000 0.176667 0.657500
