0 7067 0.488333 0.351250 0.096667 0.195000
0 7068 0.424167 0.358750 0.098333 0.197500
0 -1  0.085833 0.478750 0.168333 0.472500
0 -1  0.767500 0.354375 0.091667 0.263750
0 -1  0.656667 0.346875 0.103333 0.296250
0 -1  0.596667 0.300625 0.040000 0.101250
0 -1  0.570000 0.316875 0.046667 0.126250
0 -1  0.541667 0.280625 0.036667 0.103750
0 -1  0.514167 0.292500 0.041667 0.100000
0 -1  0.451667 0.293750 0.036667 0.097500
0 -1  0.408333 0.290625 0.043333 0.098750
0 -1  0.370000 0.286875 0.043333 0.088750
