0 7072 0.317500 0.306875 0.061667 0.123750
0 7073 0.641667 0.385000 0.153333 0.307500
0 7074 0.410833 0.297500 0.078333 0.157500
0 -1  0.495000 0.249375 0.030000 0.086250
0 -1  0.476667 0.249375 0.030000 0.093750
0 -1  0.427500 0.248750 0.038333 0.090000
0 -1  0.364167 0.256250 0.035000 0.095000
0 -1  0.333333 0.235625 0.023333 0.056250
0 -1  0.310000 0.253750 0.036667 0.082500
0 -1  0.275833 0.238750 0.021667 0.050000
0 -1  0.260000 0.240625 0.020000 0.051250
0 -1  0.195833 0.363125 0.111667 0.353750
0 -1  0.109167 0.386875 0.138333 0.348750
0 -1  0.928333 0.309375 0.113333 0.226250
