0 7075 0.098333 0.322500 0.120000 0.240000
0 7076 0.232500 0.311875 0.118333 0.238750
0 7077 0.475000 0.330625 0.243333 0.488750
0 7078 0.646667 0.348125 0.220000 0.441250
0 -1  0.415000 0.218750 0.040000 0.082500
0 -1  0.368333 0.216250 0.030000 0.060000
0 -1  0.305833 0.214375 0.025000 0.051250
0 -1  0.277500 0.205000 0.025000 0.052500
0 -1  0.259167 0.203750 0.031667 0.065000
0 -1  0.212500 0.191875 0.031667 0.063750
0 -1  0.423333 0.314375 0.073333 0.223750
0 -1  0.363333 0.305000 0.063333 0.205000
0 -1  0.307500 0.305625 0.068333 0.186250
0 -1  0.190000 0.305625 0.066667 0.186250
0 -1  0.146667 0.310000 0.066667 0.185000
