0 500 0.261667 0.394375 0.260000 0.616250
0 501 0.472500 0.384375 0.188333 0.453750
0 502 0.779167 0.330625 0.181667 0.428750
0 -1  0.961667 0.035625 0.026667 0.061250
0 -1  0.943333 0.171875 0.023333 0.048750
0 -1  0.916667 0.170625 0.023333 0.056250
0 -1  0.855833 0.181250 0.028333 0.060000
0 -1  0.819167 0.184375 0.028333 0.061250
0 -1  0.655000 0.192500 0.023333 0.067500
0 -1  0.117500 0.233125 0.045000 0.103750
0 -1  0.163333 0.229375 0.043333 0.116250
0 -1  0.962500 0.355625 0.028333 0.058750
0 -1  0.973333 0.370625 0.023333 0.053750
0 -1  0.983333 0.424375 0.026667 0.058750
0 -1  0.892500 0.408750 0.095000 0.217500
