0 7085 0.481667 0.268750 0.060000 0.122500
0 7086 0.516667 0.273750 0.060000 0.122500
0 -1  0.495833 0.227500 0.041667 0.115000
0 -1  0.422500 0.233750 0.038333 0.117500
0 -1  0.436667 0.248750 0.043333 0.130000
0 -1  0.405000 0.235000 0.040000 0.112500
0 -1  0.334167 0.239375 0.045000 0.116250
0 -1  0.288333 0.236875 0.033333 0.083750
0 -1  0.279167 0.256250 0.038333 0.082500
0 -1  0.243333 0.226250 0.030000 0.062500
0 -1  0.310000 0.278750 0.053333 0.122500
0 -1  0.358333 0.268750 0.056667 0.135000
