0 502 0.284167 0.270625 0.175000 0.351250
0 503 0.761667 0.398125 0.326667 0.603750
0 -1  0.018333 0.170625 0.033333 0.088750
0 -1  0.050000 0.162500 0.046667 0.105000
0 -1  0.105833 0.163125 0.038333 0.091250
0 -1  0.380833 0.349375 0.088333 0.181250
0 -1  0.500833 0.263750 0.118333 0.280000
0 -1  0.385833 0.223125 0.105000 0.271250
0 -1  0.953333 0.224375 0.090000 0.226250
0 -1  0.935833 0.252500 0.085000 0.235000
0 -1  0.602500 0.317500 0.125000 0.345000
0 -1  0.665000 0.275625 0.106667 0.276250
