0 7092 0.515000 0.439375 0.250000 0.501250
0 -1  0.156667 0.521875 0.303333 0.913750
0 -1  0.957500 0.308125 0.075000 0.208750
0 -1  0.922500 0.239375 0.045000 0.103750
0 -1  0.894167 0.236250 0.041667 0.100000
0 -1  0.857500 0.299375 0.065000 0.148750
0 -1  0.750833 0.248750 0.045000 0.097500
0 -1  0.722500 0.252500 0.035000 0.092500
0 -1  0.686667 0.250625 0.036667 0.088750
0 -1  0.626667 0.257500 0.040000 0.105000
0 -1  0.652500 0.263750 0.035000 0.090000
0 -1  0.660833 0.321250 0.065000 0.160000
