0 503 0.777500 0.430625 0.431667 0.828750
0 -1  0.410833 0.141875 0.025000 0.056250
0 -1  0.493333 0.141250 0.026667 0.060000
0 -1  0.532500 0.135000 0.028333 0.062500
0 -1  0.731667 0.141875 0.046667 0.096250
0 -1  0.699167 0.150625 0.031667 0.083750
0 -1  0.660833 0.139375 0.035000 0.071250
0 -1  0.637500 0.136875 0.031667 0.076250
0 -1  0.599167 0.150625 0.038333 0.098750
0 -1  0.059167 0.163750 0.028333 0.050000
0 -1  0.436667 0.335625 0.020000 0.046250
0 -1  0.476667 0.366875 0.023333 0.043750
0 -1  0.524167 0.398750 0.025000 0.057500
0 -1  0.544167 0.381875 0.021667 0.046250
0 -1  0.360000 0.338125 0.020000 0.051250
0 -1  0.325000 0.333750 0.023333 0.045000
0 -1  0.351667 0.398750 0.026667 0.050000
0 -1  0.327500 0.406875 0.028333 0.058750
0 -1  0.330000 0.426875 0.026667 0.051250
0 -1  0.200833 0.325000 0.025000 0.050000
0 -1  0.115000 0.351875 0.026667 0.046250
0 -1  0.034167 0.345625 0.025000 0.051250
0 -1  0.080000 0.349375 0.026667 0.051250
0 -1  0.070000 0.359375 0.033333 0.048750
0 -1  0.058333 0.363125 0.023333 0.043750
0 -1  0.043333 0.421250 0.026667 0.055000
