0 503 0.510833 0.478125 0.405000 0.861250
0 -1  0.915000 0.305000 0.016667 0.045000
0 -1  0.980000 0.315000 0.020000 0.047500
0 -1  0.955000 0.320625 0.016667 0.038750
0 -1  0.912500 0.126875 0.028333 0.063750
0 -1  0.870000 0.128125 0.026667 0.061250
0 -1  0.770000 0.142500 0.030000 0.070000
0 -1  0.754167 0.155000 0.035000 0.082500
0 -1  0.714167 0.166875 0.041667 0.088750
0 -1  0.655000 0.170625 0.043333 0.083750
0 -1  0.385833 0.221875 0.071667 0.148750
0 -1  0.226667 0.231875 0.056667 0.131250
0 -1  0.197500 0.246250 0.071667 0.162500
0 -1  0.056667 0.275625 0.093333 0.188750
