0 7118 0.420000 0.364375 0.130000 0.261250
0 -1  0.815000 0.352500 0.130000 0.305000
0 -1  0.707500 0.376250 0.111667 0.277500
0 -1  0.118333 0.324375 0.070000 0.141250
0 -1  0.048333 0.329375 0.050000 0.143750
0 -1  0.554167 0.734375 0.068333 0.163750
0 -1  0.499167 0.721875 0.075000 0.181250
0 -1  0.305833 0.615625 0.048333 0.111250
0 -1  0.250833 0.603750 0.045000 0.110000
0 -1  0.266667 0.675625 0.053333 0.136250
0 -1  0.194167 0.571250 0.045000 0.110000
0 -1  0.065000 0.706250 0.056667 0.132500
0 -1  0.081667 0.651250 0.046667 0.115000
