0 7139 0.508333 0.223125 0.070000 0.141250
0 7140 0.465000 0.226250 0.066667 0.135000
0 -1  0.924167 0.271875 0.148333 0.348750
0 -1  0.631667 0.115000 0.040000 0.090000
0 -1  0.599167 0.113750 0.031667 0.092500
0 -1  0.586667 0.123125 0.030000 0.076250
0 -1  0.568333 0.133125 0.026667 0.056250
0 -1  0.550833 0.133125 0.025000 0.051250
0 -1  0.490833 0.118125 0.028333 0.078750
0 -1  0.464167 0.120000 0.035000 0.080000
0 -1  0.353333 0.117500 0.036667 0.082500
0 -1  0.343333 0.159375 0.043333 0.106250
0 -1  0.385833 0.188125 0.045000 0.108750
