0 7142 0.332500 0.351875 0.215000 0.431250
0 7143 0.502500 0.330000 0.238333 0.477500
0 -1  0.877500 0.135625 0.038333 0.078750
0 -1  0.830000 0.137500 0.036667 0.082500
0 -1  0.796667 0.171875 0.033333 0.083750
0 -1  0.762500 0.169375 0.031667 0.088750
0 -1  0.732500 0.166875 0.031667 0.086250
0 -1  0.704167 0.149375 0.031667 0.076250
0 -1  0.598333 0.156250 0.030000 0.077500
0 -1  0.804167 0.241250 0.068333 0.185000
0 -1  0.894167 0.230625 0.071667 0.196250
0 -1  0.729167 0.208750 0.045000 0.102500
0 -1  0.677500 0.207500 0.045000 0.110000
0 -1  0.635833 0.253750 0.075000 0.212500
