0 7156 0.655833 0.448125 0.208333 0.416250
0 7157 0.366667 0.416875 0.120000 0.241250
0 -1  0.969167 0.351250 0.051667 0.152500
0 -1  0.943333 0.388125 0.063333 0.186250
0 -1  0.894167 0.372500 0.068333 0.200000
0 -1  0.842500 0.365625 0.061667 0.161250
0 -1  0.713333 0.388125 0.073333 0.216250
0 -1  0.558333 0.399375 0.083333 0.206250
0 -1  0.190833 0.351875 0.035000 0.086250
0 -1  0.160000 0.358125 0.036667 0.083750
0 -1  0.114167 0.354375 0.035000 0.093750
0 -1  0.056667 0.388750 0.066667 0.182500
0 -1  0.526667 0.346875 0.030000 0.061250
