0 49 0.415833 0.453750 0.105000 0.242500
0 -1  0.767500 0.375000 0.018333 0.040000
0 -1  0.382500 0.395000 0.025000 0.062500
0 -1  0.926667 0.377500 0.020000 0.055000
0 -1  0.955833 0.371250 0.031667 0.072500
0 -1  0.265833 0.383125 0.018333 0.046250
0 -1  0.246667 0.383125 0.020000 0.043750
0 -1  0.210000 0.386250 0.016667 0.047500
0 -1  0.189167 0.400625 0.028333 0.073750
0 -1  0.170833 0.403750 0.031667 0.077500
0 -1  0.133333 0.398125 0.026667 0.066250
0 -1  0.114167 0.396250 0.025000 0.065000
0 -1  0.030833 0.393125 0.021667 0.056250
0 -1  0.072500 0.391250 0.028333 0.062500
0 -1  0.020000 0.409375 0.036667 0.101250
