0 7161 0.260833 0.371250 0.261667 0.525000
0 -1  0.965833 0.190625 0.051667 0.103750
0 -1  0.743333 0.326250 0.036667 0.077500
0 -1  0.763333 0.363125 0.033333 0.073750
0 -1  0.729167 0.365000 0.031667 0.075000
0 -1  0.518333 0.389375 0.036667 0.073750
0 -1  0.477500 0.382500 0.028333 0.070000
0 -1  0.040833 0.240000 0.058333 0.120000
0 -1  0.183333 0.228125 0.046667 0.098750
0 -1  0.389167 0.201875 0.035000 0.071250
0 -1  0.447500 0.198125 0.031667 0.066250
0 -1  0.341667 0.208750 0.036667 0.072500
0 -1  0.429167 0.198125 0.028333 0.063750
0 -1  0.484167 0.200625 0.031667 0.063750
0 -1  0.505833 0.199375 0.028333 0.058750
0 -1  0.647500 0.294375 0.028333 0.058750
0 -1  0.625000 0.328125 0.033333 0.081250
0 -1  0.804167 0.233750 0.031667 0.072500
0 -1  0.775000 0.221250 0.033333 0.072500
0 -1  0.828333 0.186875 0.030000 0.071250
0 -1  0.803333 0.181250 0.023333 0.057500
0 -1  0.785000 0.178125 0.026667 0.058750
0 -1  0.347500 0.408125 0.038333 0.071250
0 -1  0.147500 0.215000 0.035000 0.070000
0 -1  0.706667 0.186875 0.026667 0.056250
0 -1  0.675000 0.191875 0.023333 0.048750
0 -1  0.639167 0.184375 0.021667 0.043750
0 -1  0.593333 0.192500 0.020000 0.042500
0 -1  0.565833 0.194375 0.021667 0.046250
0 -1  0.536667 0.193125 0.023333 0.048750
