0 7167 0.550000 0.346875 0.086667 0.173750
0 7168 0.372500 0.365625 0.078333 0.156250
0 7825 0.243333 0.365000 0.090000 0.182500
0 -1  0.765000 0.295000 0.026667 0.062500
0 -1  0.754167 0.305625 0.025000 0.051250
0 -1  0.595000 0.306250 0.023333 0.060000
0 -1  0.614167 0.301250 0.021667 0.055000
0 -1  0.620833 0.310000 0.025000 0.062500
0 -1  0.290833 0.331875 0.045000 0.101250
0 -1  0.155833 0.328750 0.025000 0.050000
0 -1  0.171667 0.334375 0.026667 0.053750
0 -1  0.186667 0.333125 0.026667 0.053750
0 -1  0.132500 0.335000 0.028333 0.057500
0 -1  0.739167 0.412500 0.035000 0.082500
