0 7176 0.448333 0.398750 0.080000 0.160000
0 7177 0.628333 0.357500 0.073333 0.147500
0 7178 0.386667 0.290625 0.066667 0.133750
0 -1  0.910000 0.397500 0.080000 0.160000
0 -1  0.754167 0.228125 0.065000 0.131250
0 -1  0.735000 0.251875 0.060000 0.133750
0 -1  0.750833 0.265000 0.068333 0.137500
0 -1  0.787500 0.284375 0.065000 0.133750
0 -1  0.546667 0.178125 0.063333 0.128750
0 -1  0.518333 0.084375 0.050000 0.101250
0 -1  0.410000 0.162500 0.046667 0.095000
0 -1  0.385833 0.170000 0.045000 0.092500
0 -1  0.434167 0.214375 0.061667 0.123750
0 -1  0.315000 0.116875 0.050000 0.101250
0 -1  0.247500 0.156875 0.051667 0.106250
0 -1  0.125833 0.065625 0.045000 0.091250
0 -1  0.096667 0.076250 0.040000 0.082500
0 -1  0.273333 0.703125 0.103333 0.178750
0 -1  0.350000 0.643750 0.090000 0.182500
0 -1  0.388333 0.709375 0.096667 0.193750
0 -1  0.682500 0.208125 0.065000 0.131250
0 -1  0.688333 0.234375 0.053333 0.108750
0 -1  0.049167 0.443750 0.095000 0.190000
