0 7170 0.062500 0.427500 0.058333 0.105000
0 7172 0.414167 0.612500 0.071667 0.145000
0 7173 0.518333 0.613750 0.073333 0.147500
0 7174 0.744167 0.548125 0.075000 0.151250
0 7175 0.404167 0.283750 0.051667 0.105000
0 7826 0.472500 0.596250 0.058333 0.117500
0 -1  0.025833 0.303125 0.038333 0.078750
0 -1  0.082500 0.590000 0.078333 0.157500
0 -1  0.159167 0.193750 0.061667 0.125000
0 -1  0.475000 0.910000 0.103333 0.172500
0 -1  0.609167 0.888750 0.105000 0.212500
0 -1  0.949167 0.525625 0.071667 0.143750
0 -1  0.905833 0.442500 0.051667 0.105000
0 -1  0.812500 0.406250 0.051667 0.105000
0 -1  0.756667 0.406875 0.053333 0.108750
0 -1  0.825000 0.465625 0.053333 0.128750
0 -1  0.802500 0.475000 0.065000 0.132500
0 -1  0.555000 0.420000 0.066667 0.135000
0 -1  0.509167 0.411250 0.055000 0.112500
0 -1  0.080000 0.110625 0.053333 0.108750
0 -1  0.299167 0.120625 0.055000 0.111250
0 -1  0.328333 0.171250 0.046667 0.115000
0 -1  0.787500 0.113750 0.048333 0.120000
0 -1  0.751667 0.110625 0.053333 0.133750
0 -1  0.685833 0.112500 0.045000 0.110000
0 -1  0.657500 0.113125 0.041667 0.101250
0 -1  0.637500 0.112500 0.048333 0.112500
