0 7179 0.600833 0.348750 0.085000 0.172500
0 7827 0.410833 0.348750 0.075000 0.150000
0 7828 0.731667 0.212500 0.063333 0.160000
0 7829 0.832500 0.265000 0.068333 0.170000
0 7830 0.863333 0.147500 0.060000 0.130000
0 -1  0.906667 0.203750 0.073333 0.150000
0 -1  0.639167 0.209375 0.078333 0.158750
0 -1  0.658333 0.231875 0.070000 0.166250
0 -1  0.591667 0.063750 0.056667 0.125000
0 -1  0.551667 0.055000 0.053333 0.107500
0 -1  0.527500 0.109375 0.081667 0.163750
0 -1  0.495000 0.147500 0.080000 0.160000
0 -1  0.310833 0.064375 0.061667 0.126250
0 -1  0.273333 0.171250 0.073333 0.147500
0 -1  0.423333 0.479375 0.086667 0.176250
0 -1  0.047500 0.060000 0.065000 0.117500
