0 7172 0.195833 0.466250 0.061667 0.125000
0 7173 0.289167 0.506250 0.068333 0.140000
0 7174 0.366667 0.713125 0.100000 0.201250
0 7175 0.383333 0.358125 0.056667 0.116250
0 -1  0.270000 0.568750 0.070000 0.140000
0 -1  0.430000 0.878750 0.096667 0.195000
0 -1  0.522500 0.828750 0.115000 0.232500
0 -1  0.525833 0.899375 0.095000 0.191250
0 -1  0.790833 0.382500 0.055000 0.112500
0 -1  0.770000 0.392500 0.060000 0.120000
0 -1  0.711667 0.370625 0.050000 0.101250
0 -1  0.624167 0.370625 0.058333 0.116250
0 -1  0.695000 0.404375 0.056667 0.113750
0 -1  0.697500 0.458125 0.071667 0.143750
0 -1  0.705000 0.485000 0.066667 0.135000
0 -1  0.273333 0.226250 0.056667 0.115000
0 -1  0.822500 0.068125 0.065000 0.133750
0 -1  0.734167 0.053125 0.051667 0.103750
0 -1  0.390833 0.044375 0.035000 0.086250
0 -1  0.371667 0.051875 0.050000 0.101250
0 -1  0.310000 0.051875 0.050000 0.101250
0 -1  0.676667 0.035625 0.033333 0.068750
0 -1  0.225000 0.052500 0.046667 0.095000
0 -1  0.190833 0.040000 0.031667 0.065000
0 -1  0.164167 0.036250 0.031667 0.065000
0 -1  0.145000 0.038750 0.026667 0.055000
0 -1  0.120000 0.053750 0.040000 0.087500
0 -1  0.154167 0.091875 0.045000 0.108750
0 -1  0.229167 0.166250 0.055000 0.117500
0 -1  0.061667 0.040000 0.030000 0.062500
0 -1  0.964167 0.063125 0.061667 0.123750
0 -1  0.241667 0.458125 0.053333 0.108750
