0 7176 0.313333 0.447500 0.076667 0.155000
0 7177 0.518333 0.563125 0.073333 0.151250
0 -1  0.568333 0.730000 0.080000 0.160000
0 -1  0.666667 0.770625 0.093333 0.186250
0 -1  0.657500 0.673125 0.091667 0.183750
0 -1  0.031667 0.206250 0.050000 0.102500
0 -1  0.151667 0.265000 0.060000 0.120000
0 -1  0.105833 0.280625 0.058333 0.118750
0 -1  0.068333 0.300625 0.056667 0.101250
0 -1  0.315000 0.247500 0.066667 0.135000
0 -1  0.352500 0.231250 0.078333 0.157500
0 -1  0.505000 0.398750 0.073333 0.147500
0 -1  0.862500 0.426875 0.085000 0.171250
0 -1  0.815833 0.463750 0.081667 0.162500
0 -1  0.784167 0.510625 0.088333 0.178750
0 -1  0.696667 0.476250 0.093333 0.187500
0 -1  0.923333 0.205625 0.056667 0.113750
0 -1  0.817500 0.185000 0.041667 0.085000
0 -1  0.781667 0.178750 0.046667 0.095000
0 -1  0.779167 0.205625 0.055000 0.111250
0 -1  0.702500 0.182500 0.041667 0.085000
0 -1  0.648333 0.187500 0.050000 0.100000
0 -1  0.725833 0.198750 0.058333 0.117500
0 -1  0.443333 0.061875 0.060000 0.121250
0 -1  0.542500 0.180625 0.065000 0.131250
0 -1  0.590000 0.253125 0.066667 0.136250
