0 7169 0.352500 0.278125 0.078333 0.156250
0 7170 0.370000 0.173750 0.070000 0.140000
0 7171 0.861667 0.214375 0.083333 0.168750
0 -1  0.414167 0.604375 0.078333 0.156250
0 -1  0.331667 0.579375 0.083333 0.166250
0 -1  0.446667 0.522500 0.086667 0.175000
0 -1  0.205833 0.063125 0.048333 0.123750
0 -1  0.225833 0.083750 0.071667 0.162500
0 -1  0.661667 0.078125 0.076667 0.153750
0 -1  0.817500 0.096875 0.061667 0.158750
0 -1  0.845833 0.090000 0.055000 0.125000
0 -1  0.899167 0.073750 0.055000 0.145000
0 -1  0.885833 0.173125 0.071667 0.163750
0 -1  0.977500 0.102500 0.041667 0.172500
0 -1  0.951667 0.141875 0.066667 0.153750
0 -1  0.929167 0.138750 0.061667 0.165000
0 -1  0.929167 0.177500 0.038333 0.090000
