0 7179 0.520000 0.322500 0.083333 0.167500
0 7827 0.221667 0.365000 0.073333 0.147500
0 7828 0.329167 0.128750 0.075000 0.152500
0 7829 0.382500 0.129375 0.071667 0.146250
0 7830 0.549167 0.169375 0.078333 0.156250
0 -1  0.821667 0.294375 0.086667 0.173750
0 -1  0.690000 0.123750 0.070000 0.140000
0 -1  0.649167 0.222500 0.081667 0.165000
0 -1  0.621667 0.204375 0.076667 0.153750
0 -1  0.451667 0.098750 0.070000 0.142500
0 -1  0.136667 0.101250 0.080000 0.160000
0 -1  0.055833 0.162500 0.081667 0.165000
