0 7185 0.578333 0.592500 0.096667 0.195000
0 7186 0.370833 0.303125 0.091667 0.183750
0 7187 0.444167 0.425625 0.078333 0.158750
0 7188 0.519167 0.523125 0.091667 0.183750
0 7189 0.565833 0.153125 0.075000 0.151250
0 -1  0.794167 0.100625 0.065000 0.133750
0 -1  0.500000 0.120000 0.050000 0.100000
0 -1  0.436667 0.124375 0.053333 0.108750
0 -1  0.757500 0.379375 0.075000 0.151250
0 -1  0.833333 0.461875 0.086667 0.173750
0 -1  0.574167 0.510625 0.088333 0.178750
0 -1  0.459167 0.364375 0.085000 0.171250
