0 7182 0.549167 0.363125 0.078333 0.156250
0 7183 0.435833 0.354375 0.095000 0.191250
0 7184 0.335833 0.358750 0.081667 0.165000
0 -1  0.955000 0.154375 0.073333 0.146250
0 -1  0.836667 0.140625 0.060000 0.121250
0 -1  0.680833 0.163125 0.075000 0.151250
0 -1  0.712500 0.190625 0.071667 0.143750
0 -1  0.633333 0.266875 0.080000 0.161250
0 -1  0.550000 0.325000 0.076667 0.155000
0 -1  0.629167 0.237500 0.071667 0.145000
0 -1  0.356667 0.189375 0.066667 0.136250
0 -1  0.350000 0.221875 0.073333 0.146250
0 -1  0.232500 0.198750 0.078333 0.157500
0 -1  0.284167 0.310000 0.081667 0.162500
0 -1  0.777500 0.877500 0.071667 0.130000
0 -1  0.870833 0.803750 0.141667 0.155000
