0 7186 0.190000 0.245625 0.066667 0.136250
0 7188 0.414167 0.358750 0.078333 0.157500
0 7189 0.817500 0.476875 0.081667 0.163750
0 -1  0.478333 0.403125 0.080000 0.161250
0 -1  0.853333 0.230625 0.043333 0.088750
0 -1  0.688333 0.243750 0.046667 0.107500
0 -1  0.664167 0.245625 0.045000 0.111250
0 -1  0.623333 0.264375 0.056667 0.133750
0 -1  0.590833 0.244375 0.058333 0.133750
0 -1  0.675000 0.339375 0.063333 0.128750
0 -1  0.394167 0.261875 0.051667 0.126250
0 -1  0.460833 0.355000 0.065000 0.150000
0 -1  0.372500 0.300000 0.058333 0.135000
0 -1  0.252500 0.242500 0.045000 0.092500
0 -1  0.060833 0.293750 0.115000 0.230000
0 -1  0.192500 0.471250 0.041667 0.082500
0 -1  0.220833 0.533125 0.041667 0.086250
0 -1  0.327500 0.495625 0.045000 0.091250
0 -1  0.352500 0.657500 0.068333 0.137500
0 -1  0.318333 0.682500 0.073333 0.150000
0 -1  0.662500 0.694375 0.091667 0.183750
0 -1  0.696667 0.739375 0.103333 0.206250
0 -1  0.936667 0.512500 0.043333 0.087500
0 -1  0.900000 0.501875 0.036667 0.073750
