0 7181 0.786667 0.360625 0.083333 0.168750
0 7182 0.276667 0.439375 0.086667 0.151250
0 7183 0.140000 0.384375 0.086667 0.173750
0 -1  0.306667 0.402500 0.076667 0.145000
0 -1  0.745000 0.259375 0.063333 0.128750
0 -1  0.678333 0.217500 0.070000 0.140000
0 -1  0.514167 0.245000 0.071667 0.145000
0 -1  0.497500 0.288750 0.068333 0.137500
0 -1  0.414167 0.201250 0.065000 0.130000
0 -1  0.362500 0.206875 0.065000 0.133750
0 -1  0.315000 0.178125 0.066667 0.136250
0 -1  0.278333 0.215625 0.063333 0.128750
0 -1  0.401667 0.292500 0.066667 0.135000
0 -1  0.349167 0.315625 0.045000 0.091250
0 -1  0.185000 0.365625 0.076667 0.153750
