0 7183 0.565833 0.313125 0.091667 0.183750
0 7184 0.466667 0.315000 0.073333 0.147500
0 -1  0.877500 0.187500 0.071667 0.145000
0 -1  0.825000 0.150000 0.073333 0.150000
0 -1  0.785833 0.124375 0.058333 0.118750
0 -1  0.720000 0.153750 0.066667 0.135000
0 -1  0.679167 0.130000 0.061667 0.125000
0 -1  0.666667 0.195000 0.063333 0.127500
0 -1  0.703333 0.310000 0.073333 0.150000
0 -1  0.663333 0.289375 0.070000 0.153750
0 -1  0.335833 0.208750 0.068333 0.137500
0 -1  0.360000 0.217500 0.070000 0.142500
0 -1  0.242500 0.231250 0.075000 0.150000
0 -1  0.222500 0.318750 0.075000 0.150000
0 -1  0.200000 0.349375 0.086667 0.173750
0 -1  0.040000 0.298750 0.073333 0.147500
