0 7180 0.630000 0.436875 0.083333 0.168750
0 7830 0.275000 0.466875 0.086667 0.173750
0 -1  0.082500 0.783125 0.125000 0.186250
0 -1  0.873333 0.120000 0.063333 0.155000
0 -1  0.910000 0.244375 0.060000 0.121250
0 -1  0.852500 0.200000 0.068333 0.137500
0 -1  0.813333 0.271250 0.066667 0.147500
0 -1  0.800833 0.123125 0.061667 0.126250
0 -1  0.719167 0.178125 0.065000 0.131250
0 -1  0.747500 0.195000 0.075000 0.152500
0 -1  0.552500 0.160625 0.075000 0.151250
0 -1  0.548333 0.382500 0.073333 0.150000
