0 7190 0.584167 0.405000 0.065000 0.132500
0 7191 0.737500 0.441875 0.068333 0.138750
0 -1  0.950833 0.658750 0.081667 0.152500
0 -1  0.865833 0.710000 0.091667 0.185000
0 -1  0.806667 0.781250 0.110000 0.222500
0 -1  0.819167 0.408750 0.061667 0.125000
0 -1  0.860833 0.458125 0.065000 0.133750
0 -1  0.434167 0.453750 0.058333 0.125000
0 -1  0.410833 0.468125 0.065000 0.131250
0 -1  0.510000 0.616875 0.093333 0.188750
0 -1  0.179167 0.405000 0.061667 0.137500
0 -1  0.158333 0.428750 0.066667 0.135000
0 -1  0.039167 0.565000 0.075000 0.160000
