0 7194 0.460833 0.343750 0.095000 0.190000
0 7195 0.637500 0.418125 0.105000 0.211250
0 7831 0.896667 0.498125 0.086667 0.173750
0 7832 0.776667 0.225625 0.110000 0.221250
0 7833 0.645833 0.216250 0.081667 0.165000
0 -1  0.425000 0.515000 0.100000 0.200000
0 -1  0.485833 0.557500 0.075000 0.150000
0 -1  0.575000 0.581875 0.086667 0.173750
0 -1  0.355833 0.073125 0.071667 0.143750
0 -1  0.079167 0.083750 0.078333 0.157500
0 -1  0.126667 0.103750 0.090000 0.182500
0 -1  0.054167 0.294375 0.101667 0.191250
