0 7192 0.757500 0.336250 0.088333 0.177500
0 7193 0.663333 0.195625 0.086667 0.173750
0 -1  0.881667 0.223750 0.090000 0.180000
0 -1  0.847500 0.178125 0.091667 0.186250
0 -1  0.451667 0.136250 0.073333 0.150000
0 -1  0.444167 0.187500 0.078333 0.157500
0 -1  0.243333 0.158125 0.063333 0.128750
0 -1  0.135000 0.096875 0.070000 0.141250
0 -1  0.159167 0.183750 0.088333 0.152500
0 -1  0.158333 0.270000 0.076667 0.155000
0 -1  0.225833 0.368125 0.098333 0.198750
0 -1  0.100000 0.065625 0.063333 0.128750
0 -1  0.050000 0.390000 0.090000 0.182500
