0 7196 0.541667 0.332500 0.090000 0.182500
0 7197 0.610000 0.425000 0.083333 0.167500
0 -1  0.062500 0.188750 0.115000 0.295000
0 -1  0.430833 0.151875 0.078333 0.156250
0 -1  0.338333 0.361875 0.050000 0.101250
0 -1  0.266667 0.363125 0.043333 0.088750
0 -1  0.240833 0.367500 0.045000 0.090000
0 -1  0.175833 0.379375 0.045000 0.093750
0 -1  0.559167 0.106875 0.035000 0.071250
0 -1  0.576667 0.100625 0.033333 0.078750
0 -1  0.620833 0.097500 0.035000 0.070000
0 -1  0.640833 0.108750 0.041667 0.105000
0 -1  0.665833 0.109375 0.038333 0.093750
0 -1  0.697500 0.103750 0.045000 0.090000
0 -1  0.772500 0.274375 0.081667 0.163750
0 -1  0.834167 0.361250 0.081667 0.165000
0 -1  0.878333 0.098125 0.060000 0.121250
0 -1  0.930833 0.096250 0.055000 0.137500
0 -1  0.965833 0.101250 0.048333 0.120000
0 -1  0.919167 0.479375 0.078333 0.158750
