0 7201 0.462500 0.421250 0.085000 0.170000
0 -1  0.551667 0.383750 0.090000 0.182500
0 -1  0.361667 0.385000 0.066667 0.135000
0 -1  0.957500 0.193750 0.075000 0.152500
0 -1  0.847500 0.273750 0.078333 0.157500
0 -1  0.764167 0.281250 0.051667 0.105000
0 -1  0.698333 0.248125 0.063333 0.128750
0 -1  0.512500 0.206250 0.071667 0.145000
0 -1  0.447500 0.213750 0.068333 0.137500
0 -1  0.241667 0.211875 0.060000 0.121250
0 -1  0.293333 0.228125 0.066667 0.136250
0 -1  0.247500 0.282500 0.075000 0.152500
0 -1  0.085833 0.177500 0.068333 0.137500
0 -1  0.036667 0.185000 0.070000 0.142500
0 -1  0.117500 0.282500 0.071667 0.145000
0 -1  0.754167 0.918125 0.131667 0.158750
