0 7197 0.475833 0.570000 0.081667 0.165000
0 7831 0.930833 0.354375 0.081667 0.166250
0 7832 0.804167 0.266875 0.075000 0.151250
0 7833 0.783333 0.367500 0.080000 0.160000
0 -1  0.429167 0.763125 0.161667 0.218750
0 -1  0.963333 0.148750 0.063333 0.142500
0 -1  0.707500 0.348750 0.071667 0.167500
0 -1  0.625000 0.188125 0.056667 0.113750
0 -1  0.594167 0.265000 0.071667 0.145000
0 -1  0.649167 0.303125 0.078333 0.161250
0 -1  0.680000 0.329375 0.063333 0.128750
0 -1  0.790833 0.541875 0.091667 0.186250
0 -1  0.695833 0.559375 0.098333 0.196250
0 -1  0.551667 0.395625 0.073333 0.143750
0 -1  0.436667 0.188750 0.066667 0.135000
0 -1  0.425833 0.220625 0.061667 0.136250
0 -1  0.410000 0.241875 0.060000 0.121250
0 -1  0.484167 0.276875 0.071667 0.143750
0 -1  0.500000 0.308125 0.080000 0.161250
0 -1  0.345000 0.219375 0.060000 0.121250
0 -1  0.271667 0.217500 0.063333 0.127500
0 -1  0.170833 0.186875 0.051667 0.113750
0 -1  0.198333 0.201250 0.056667 0.135000
0 -1  0.227500 0.227500 0.061667 0.135000
0 -1  0.155833 0.248125 0.061667 0.141250
0 -1  0.185833 0.270000 0.078333 0.155000
