0 7202 0.510833 0.355000 0.068333 0.137500
0 -1  0.036667 0.446875 0.070000 0.141250
0 -1  0.490833 0.473750 0.081667 0.162500
0 -1  0.689167 0.253125 0.045000 0.101250
0 -1  0.640833 0.245625 0.051667 0.106250
0 -1  0.660833 0.245625 0.061667 0.126250
0 -1  0.594167 0.261250 0.065000 0.130000
0 -1  0.590833 0.291250 0.058333 0.117500
0 -1  0.612500 0.316250 0.061667 0.125000
0 -1  0.615000 0.381875 0.063333 0.143750
0 -1  0.646667 0.380625 0.066667 0.136250
0 -1  0.699167 0.381875 0.068333 0.138750
0 -1  0.791667 0.281875 0.070000 0.141250
0 -1  0.948333 0.320000 0.076667 0.155000
0 -1  0.947500 0.351250 0.071667 0.145000
