0 7198 0.364167 0.265625 0.078333 0.156250
0 7199 0.487500 0.296250 0.085000 0.172500
0 -1  0.926667 0.426250 0.073333 0.147500
0 -1  0.839167 0.426250 0.065000 0.130000
0 -1  0.706667 0.361250 0.060000 0.120000
0 -1  0.671667 0.369375 0.060000 0.121250
0 -1  0.562500 0.333125 0.065000 0.131250
0 -1  0.648333 0.775625 0.086667 0.173750
0 -1  0.525000 0.880625 0.100000 0.201250
0 -1  0.072500 0.630625 0.078333 0.156250
0 -1  0.054167 0.212500 0.095000 0.190000
0 -1  0.048333 0.295000 0.090000 0.200000
0 -1  0.098333 0.275000 0.086667 0.175000
0 -1  0.170000 0.471875 0.093333 0.188750
0 -1  0.238333 0.460000 0.086667 0.175000
