0 510 0.459167 0.434375 0.398333 0.866250
0 511 0.645833 0.422500 0.298333 0.672500
0 -1  0.553333 0.153125 0.033333 0.081250
0 -1  0.770833 0.151875 0.038333 0.083750
0 -1  0.112500 0.148750 0.038333 0.067500
0 -1  0.707500 0.506250 0.038333 0.092500
0 -1  0.249167 0.401875 0.031667 0.066250
0 -1  0.255833 0.410625 0.028333 0.053750
0 -1  0.168333 0.395625 0.033333 0.071250
0 -1  0.146667 0.391250 0.026667 0.065000
0 -1  0.123333 0.400000 0.026667 0.065000
0 -1  0.072500 0.400625 0.031667 0.063750
0 -1  0.066667 0.424375 0.033333 0.073750
0 -1  0.013333 0.423750 0.023333 0.062500
0 -1  0.045000 0.479375 0.033333 0.088750
0 -1  0.314167 0.399375 0.031667 0.071250
