0 7207 0.468333 0.328125 0.156667 0.313750
0 7208 0.374167 0.377500 0.195000 0.392500
0 -1  0.097500 0.183750 0.101667 0.225000
0 -1  0.211667 0.161875 0.106667 0.251250
0 -1  0.302500 0.165000 0.095000 0.240000
0 -1  0.342500 0.189375 0.081667 0.166250
0 -1  0.397500 0.161250 0.081667 0.187500
0 -1  0.484167 0.164375 0.101667 0.238750
0 -1  0.605833 0.183125 0.098333 0.286250
0 -1  0.737500 0.168125 0.115000 0.268750
0 -1  0.713333 0.229375 0.126667 0.293750
0 -1  0.848333 0.242500 0.100000 0.232500
