0 7213 0.526667 0.531250 0.080000 0.160000
0 -1  0.589167 0.536875 0.071667 0.146250
0 -1  0.028333 0.509375 0.053333 0.138750
0 -1  0.080833 0.521250 0.075000 0.145000
0 -1  0.075000 0.553125 0.073333 0.148750
0 -1  0.264167 0.493125 0.068333 0.128750
0 -1  0.277500 0.511875 0.065000 0.131250
0 -1  0.335000 0.422500 0.063333 0.127500
0 -1  0.400833 0.416875 0.051667 0.118750
0 -1  0.400000 0.444375 0.066667 0.133750
0 -1  0.580000 0.316875 0.033333 0.068750
0 -1  0.560833 0.321875 0.031667 0.071250
0 -1  0.540000 0.322500 0.036667 0.072500
0 -1  0.510000 0.381250 0.046667 0.095000
0 -1  0.544167 0.410625 0.048333 0.111250
0 -1  0.555000 0.422500 0.050000 0.107500
0 -1  0.459167 0.446875 0.051667 0.116250
0 -1  0.469167 0.460625 0.065000 0.131250
0 -1  0.626667 0.324375 0.043333 0.088750
0 -1  0.613333 0.440625 0.050000 0.101250
0 -1  0.648333 0.456250 0.063333 0.127500
0 -1  0.288333 0.089375 0.086667 0.176250
0 -1  0.520000 0.087500 0.070000 0.142500
0 -1  0.590833 0.105625 0.061667 0.123750
0 -1  0.737500 0.098125 0.038333 0.076250
0 -1  0.765833 0.096250 0.041667 0.085000
0 -1  0.803333 0.104375 0.046667 0.096250
0 -1  0.830000 0.100000 0.050000 0.102500
0 -1  0.752500 0.303125 0.038333 0.078750
0 -1  0.750833 0.361875 0.045000 0.091250
0 -1  0.972500 0.274375 0.028333 0.058750
0 -1  0.980833 0.286875 0.031667 0.063750
0 -1  0.930000 0.290000 0.040000 0.080000
0 -1  0.949167 0.321875 0.041667 0.078750
0 -1  0.973333 0.337500 0.030000 0.065000
0 -1  0.959167 0.348125 0.035000 0.073750
0 -1  0.954167 0.392500 0.041667 0.080000
0 -1  0.928333 0.388750 0.043333 0.100000
0 -1  0.887500 0.292500 0.038333 0.077500
0 -1  0.840833 0.351875 0.045000 0.091250
0 -1  0.925000 0.631250 0.090000 0.182500
