0 7215 0.783333 0.587500 0.093333 0.187500
0 -1  0.060833 0.507500 0.101667 0.205000
0 -1  0.069167 0.340625 0.065000 0.146250
0 -1  0.060833 0.362500 0.071667 0.145000
0 -1  0.281667 0.264375 0.056667 0.113750
0 -1  0.331667 0.276250 0.060000 0.120000
0 -1  0.487500 0.163750 0.041667 0.085000
0 -1  0.417500 0.244375 0.055000 0.111250
0 -1  0.574167 0.192500 0.041667 0.105000
0 -1  0.556667 0.235000 0.050000 0.110000
0 -1  0.585000 0.237500 0.060000 0.120000
0 -1  0.679167 0.143125 0.041667 0.086250
0 -1  0.690000 0.195625 0.053333 0.106250
0 -1  0.710000 0.214375 0.053333 0.111250
0 -1  0.742500 0.230000 0.041667 0.085000
0 -1  0.758333 0.121250 0.036667 0.072500
0 -1  0.804167 0.151250 0.045000 0.092500
0 -1  0.790000 0.218125 0.040000 0.091250
0 -1  0.785000 0.245000 0.033333 0.085000
0 -1  0.827500 0.391875 0.081667 0.143750
0 -1  0.890000 0.410000 0.080000 0.162500
0 -1  0.885000 0.111875 0.033333 0.068750
0 -1  0.934167 0.120000 0.038333 0.077500
0 -1  0.859167 0.181875 0.045000 0.091250
0 -1  0.876667 0.203125 0.026667 0.053750
0 -1  0.956667 0.188750 0.050000 0.102500
0 -1  0.780833 0.551250 0.081667 0.160000
