0 7212 0.505833 0.631250 0.078333 0.157500
0 7213 0.400000 0.592500 0.093333 0.207500
0 7214 0.817500 0.482500 0.071667 0.145000
0 -1  0.330833 0.595625 0.091667 0.183750
0 -1  0.947500 0.284375 0.041667 0.086250
0 -1  0.915833 0.286250 0.041667 0.085000
0 -1  0.870833 0.322500 0.045000 0.092500
0 -1  0.964167 0.370625 0.055000 0.111250
0 -1  0.931667 0.361250 0.056667 0.115000
0 -1  0.955000 0.450000 0.073333 0.147500
0 -1  0.881667 0.401250 0.060000 0.120000
0 -1  0.857500 0.388750 0.055000 0.117500
0 -1  0.882500 0.538750 0.081667 0.165000
0 -1  0.619167 0.428750 0.071667 0.145000
0 -1  0.577500 0.400000 0.055000 0.130000
0 -1  0.548333 0.410625 0.053333 0.121250
0 -1  0.459167 0.338750 0.045000 0.092500
0 -1  0.105833 0.423750 0.068333 0.137500
0 -1  0.120000 0.493750 0.060000 0.142500
0 -1  0.158333 0.536250 0.073333 0.177500
0 -1  0.936667 0.071250 0.070000 0.140000
0 -1  0.880833 0.063125 0.065000 0.123750
