0 7221 0.460833 0.331250 0.125000 0.252500
0 7222 0.400000 0.321250 0.100000 0.240000
0 7223 0.299167 0.241250 0.111667 0.225000
0 7224 0.315000 0.541875 0.183333 0.368750
0 7225 0.503333 0.663750 0.170000 0.342500
0 7226 0.640000 0.707500 0.166667 0.335000
0 -1  0.760833 0.536875 0.115000 0.231250
0 -1  0.826667 0.569375 0.123333 0.248750
0 -1  0.955000 0.191875 0.073333 0.191250
0 -1  0.905833 0.187500 0.085000 0.190000
0 -1  0.825833 0.167500 0.075000 0.162500
0 -1  0.692500 0.193125 0.085000 0.171250
0 -1  0.417500 0.168750 0.058333 0.117500
0 -1  0.367500 0.165000 0.055000 0.112500
