0 7230 0.415000 0.445000 0.130000 0.260000
0 7231 0.494167 0.475625 0.111667 0.223750
0 7232 0.611667 0.558125 0.106667 0.216250
0 7233 0.780000 0.630625 0.100000 0.201250
0 -1  0.769167 0.586250 0.111667 0.225000
0 -1  0.341667 0.708125 0.136667 0.306250
0 -1  0.096667 0.635625 0.166667 0.333750
0 -1  0.969167 0.536250 0.055000 0.135000
0 -1  0.965000 0.569375 0.053333 0.138750
0 -1  0.839167 0.593750 0.061667 0.142500
0 -1  0.710000 0.527500 0.060000 0.132500
0 -1  0.286667 0.404375 0.120000 0.246250
0 -1  0.184167 0.391250 0.111667 0.225000
0 -1  0.081667 0.302500 0.123333 0.260000
0 -1  0.047500 0.346250 0.091667 0.245000
0 -1  0.975000 0.102500 0.043333 0.125000
