0 7230 0.577500 0.563750 0.091667 0.185000
0 7231 0.628333 0.568750 0.076667 0.155000
0 7232 0.784167 0.509375 0.081667 0.166250
0 7233 0.934167 0.431875 0.075000 0.151250
0 -1  0.878333 0.405625 0.076667 0.153750
0 -1  0.831667 0.758125 0.093333 0.188750
0 -1  0.608333 0.776250 0.113333 0.227500
0 -1  0.359167 0.806250 0.141667 0.222500
0 -1  0.077500 0.606250 0.075000 0.150000
0 -1  0.113333 0.541250 0.076667 0.120000
0 -1  0.117500 0.408750 0.068333 0.117500
0 -1  0.423333 0.408125 0.060000 0.121250
0 -1  0.322500 0.487500 0.071667 0.130000
0 -1  0.256667 0.545625 0.106667 0.213750
0 -1  0.291667 0.587500 0.090000 0.182500
0 -1  0.406667 0.554375 0.076667 0.151250
0 -1  0.458333 0.560625 0.083333 0.161250
0 -1  0.453333 0.601875 0.096667 0.193750
0 -1  0.737500 0.324375 0.061667 0.126250
0 -1  0.815000 0.251250 0.050000 0.110000
0 -1  0.820833 0.271250 0.058333 0.117500
0 -1  0.898333 0.306250 0.070000 0.142500
0 -1  0.961667 0.180000 0.050000 0.102500
0 -1  0.115833 0.071250 0.058333 0.140000
0 -1  0.144167 0.063750 0.061667 0.125000
0 -1  0.203333 0.055000 0.053333 0.107500
