0 7230 0.755000 0.479375 0.093333 0.186250
0 7231 0.816667 0.462500 0.080000 0.162500
0 -1  0.594167 0.698750 0.081667 0.165000
0 -1  0.531667 0.808750 0.063333 0.117500
0 -1  0.450000 0.745000 0.083333 0.175000
0 -1  0.048333 0.605625 0.093333 0.181250
0 -1  0.073333 0.549375 0.100000 0.161250
0 -1  0.180833 0.596875 0.088333 0.156250
0 -1  0.120000 0.368125 0.070000 0.141250
0 -1  0.357500 0.507500 0.081667 0.162500
0 -1  0.370000 0.559375 0.076667 0.153750
0 -1  0.789167 0.574375 0.098333 0.198750
0 -1  0.932500 0.063750 0.035000 0.072500
0 -1  0.890000 0.098750 0.040000 0.080000
0 -1  0.890000 0.063750 0.030000 0.062500
0 -1  0.837500 0.080000 0.031667 0.067500
0 -1  0.843333 0.117500 0.040000 0.080000
0 -1  0.828333 0.121875 0.036667 0.073750
0 -1  0.815000 0.103125 0.036667 0.076250
0 -1  0.735833 0.119375 0.041667 0.083750
0 -1  0.950833 0.163125 0.035000 0.098750
0 -1  0.935833 0.167500 0.041667 0.107500
0 -1  0.684167 0.123750 0.038333 0.077500
0 -1  0.761667 0.188750 0.046667 0.105000
0 -1  0.783333 0.238125 0.050000 0.111250
0 -1  0.747500 0.242500 0.055000 0.110000
0 -1  0.608333 0.143125 0.046667 0.093750
0 -1  0.573333 0.153125 0.046667 0.093750
0 -1  0.655833 0.205000 0.048333 0.110000
0 -1  0.691667 0.214375 0.050000 0.101250
0 -1  0.703333 0.279375 0.056667 0.126250
0 -1  0.630000 0.284375 0.060000 0.121250
0 -1  0.541667 0.266250 0.056667 0.115000
0 -1  0.980833 0.091875 0.035000 0.071250
0 -1  0.971667 0.140000 0.043333 0.100000
0 -1  0.483333 0.222500 0.050000 0.100000
0 -1  0.470833 0.255000 0.051667 0.110000
0 -1  0.476667 0.338750 0.056667 0.132500
0 -1  0.519167 0.401250 0.061667 0.142500
0 -1  0.509167 0.458750 0.068333 0.152500
0 -1  0.906667 0.472500 0.076667 0.155000
