0 7230 0.649167 0.201875 0.105000 0.241250
0 7231 0.732500 0.223125 0.111667 0.223750
0 7232 0.795000 0.290000 0.120000 0.240000
0 7233 0.885000 0.373125 0.113333 0.226250
0 -1  0.929167 0.344375 0.125000 0.251250
0 -1  0.031667 0.754375 0.060000 0.156250
0 -1  0.920000 0.721875 0.143333 0.333750
0 -1  0.515833 0.179375 0.075000 0.183750
0 -1  0.537500 0.193125 0.075000 0.183750
0 -1  0.458333 0.204375 0.083333 0.203750
0 -1  0.549167 0.391250 0.131667 0.312500
0 -1  0.055833 0.204375 0.095000 0.191250
