0 7244 0.419167 0.225000 0.078333 0.157500
0 -1  0.369167 0.201875 0.058333 0.118750
0 -1  0.483333 0.206875 0.060000 0.121250
0 -1  0.520000 0.201250 0.063333 0.127500
0 -1  0.570833 0.204375 0.058333 0.118750
0 -1  0.624167 0.200625 0.058333 0.118750
0 -1  0.797500 0.218750 0.088333 0.205000
0 -1  0.740833 0.226250 0.121667 0.245000
0 -1  0.205000 0.471875 0.046667 0.093750
0 -1  0.166667 0.477500 0.046667 0.102500
0 -1  0.067500 0.465000 0.045000 0.092500
0 -1  0.034167 0.465625 0.048333 0.098750
0 -1  0.101667 0.197500 0.033333 0.067500
