0 7253 0.427500 0.573750 0.198333 0.397500
0 -1  0.391667 0.233125 0.076667 0.153750
0 -1  0.430833 0.234375 0.068333 0.161250
0 -1  0.453333 0.273750 0.080000 0.190000
0 -1  0.498333 0.240625 0.080000 0.186250
0 -1  0.613333 0.265000 0.093333 0.187500
0 -1  0.675833 0.185000 0.075000 0.150000
0 -1  0.731667 0.151875 0.066667 0.133750
0 -1  0.780833 0.148125 0.068333 0.138750
0 -1  0.383333 0.525625 0.196667 0.393750
0 -1  0.130833 0.678750 0.075000 0.140000
0 -1  0.071667 0.755625 0.073333 0.146250
0 -1  0.834167 0.188750 0.071667 0.145000
0 -1  0.901667 0.186250 0.070000 0.142500
0 -1  0.960000 0.150625 0.066667 0.143750
