0 7265 0.435833 0.388125 0.261667 0.526250
0 -1  0.148333 0.413125 0.293333 0.588750
0 -1  0.911667 0.431875 0.166667 0.336250
0 -1  0.707500 0.275625 0.135000 0.271250
0 -1  0.617500 0.248125 0.091667 0.183750
0 -1  0.545000 0.281250 0.123333 0.280000
0 -1  0.488333 0.328125 0.146667 0.348750
0 -1  0.135833 0.332500 0.208333 0.547500
0 -1  0.944167 0.185625 0.035000 0.071250
0 -1  0.983333 0.189375 0.026667 0.066250
0 -1  0.201667 0.109375 0.023333 0.046250
0 -1  0.174167 0.112500 0.025000 0.050000
