0 513 0.635000 0.384375 0.263333 0.526250
0 514 0.341667 0.398750 0.243333 0.515000
0 -1  0.494167 0.219375 0.035000 0.076250
0 -1  0.219167 0.225000 0.041667 0.095000
0 -1  0.678333 0.041875 0.036667 0.078750
0 -1  0.628333 0.048750 0.036667 0.075000
0 -1  0.586667 0.045000 0.036667 0.082500
0 -1  0.953333 0.436875 0.030000 0.063750
0 -1  0.844167 0.474375 0.035000 0.071250
0 -1  0.796667 0.463750 0.033333 0.065000
0 -1  0.825000 0.565000 0.036667 0.082500
0 -1  0.705833 0.499375 0.038333 0.078750
0 -1  0.564167 0.421250 0.028333 0.055000
0 -1  0.502500 0.408750 0.025000 0.047500
0 -1  0.400000 0.467500 0.026667 0.060000
0 -1  0.434167 0.471875 0.025000 0.066250
0 -1  0.488333 0.485625 0.030000 0.071250
