0 7266 0.897500 0.222500 0.125000 0.250000
0 7269 0.462500 0.260625 0.115000 0.231250
0 7270 0.324167 0.276250 0.135000 0.272500
0 -1  0.955833 0.234375 0.081667 0.228750
0 -1  0.710833 0.247500 0.128333 0.260000
0 -1  0.630833 0.304375 0.081667 0.166250
0 -1  0.395000 0.235000 0.070000 0.140000
0 -1  0.267500 0.218750 0.048333 0.097500
0 -1  0.229167 0.204375 0.028333 0.058750
0 -1  0.195833 0.203125 0.028333 0.058750
0 -1  0.180833 0.203125 0.028333 0.056250
0 -1  0.160833 0.206250 0.031667 0.065000
0 -1  0.093333 0.234375 0.063333 0.128750
