0 7273 0.390833 0.337500 0.075000 0.152500
0 -1  0.801667 0.360000 0.073333 0.175000
0 -1  0.759167 0.382500 0.095000 0.257500
0 -1  0.709167 0.363125 0.075000 0.171250
0 -1  0.645000 0.347500 0.086667 0.195000
0 -1  0.599167 0.348125 0.081667 0.181250
0 -1  0.470000 0.319375 0.056667 0.113750
0 -1  0.227500 0.301250 0.025000 0.050000
0 -1  0.185000 0.301250 0.036667 0.072500
0 -1  0.157500 0.305000 0.035000 0.072500
0 -1  0.130833 0.308125 0.035000 0.071250
0 -1  0.134167 0.850625 0.048333 0.096250
0 -1  0.065833 0.810625 0.041667 0.086250
0 -1  0.043333 0.531250 0.030000 0.060000
