0 7279 0.643333 0.256250 0.096667 0.195000
0 7280 0.571667 0.263750 0.080000 0.160000
0 7281 0.777500 0.248750 0.078333 0.160000
0 7282 0.866667 0.233125 0.076667 0.156250
0 -1  0.136667 0.304375 0.140000 0.281250
0 -1  0.462500 0.240000 0.068333 0.137500
0 -1  0.727500 0.244375 0.061667 0.123750
0 -1  0.813333 0.243125 0.056667 0.138750
0 -1  0.925833 0.223750 0.045000 0.090000
0 -1  0.978333 0.218125 0.036667 0.096250
0 -1  0.700833 0.237500 0.038333 0.110000
0 -1  0.494167 0.705000 0.061667 0.125000
0 -1  0.756667 0.636250 0.050000 0.100000
0 -1  0.965833 0.575625 0.038333 0.088750
0 -1  0.934167 0.600000 0.041667 0.085000
0 -1  0.886667 0.641875 0.050000 0.101250
0 -1  0.828333 0.951250 0.043333 0.082500
0 -1  0.955000 0.809375 0.053333 0.108750
0 -1  0.944167 0.496875 0.031667 0.063750
0 -1  0.855833 0.523125 0.041667 0.083750
0 -1  0.752500 0.563125 0.038333 0.078750
0 -1  0.615833 0.621250 0.045000 0.092500
