0 7300 0.595833 0.366875 0.078333 0.158750
0 7301 0.504167 0.371875 0.085000 0.171250
0 -1  0.800833 0.336250 0.045000 0.092500
0 -1  0.653333 0.338750 0.040000 0.082500
0 -1  0.532500 0.348125 0.035000 0.081250
0 -1  0.459167 0.356250 0.045000 0.102500
0 -1  0.429167 0.360000 0.048333 0.122500
0 -1  0.397500 0.356875 0.051667 0.116250
0 -1  0.317500 0.370000 0.058333 0.117500
0 -1  0.078333 0.375625 0.056667 0.113750
0 -1  0.103333 0.723125 0.053333 0.108750
0 -1  0.059167 0.728750 0.055000 0.110000
