0 7321 0.500000 0.328750 0.120000 0.240000
0 7322 0.602500 0.308125 0.135000 0.271250
0 -1  0.885833 0.250625 0.031667 0.066250
0 -1  0.862500 0.249375 0.028333 0.068750
0 -1  0.848333 0.255000 0.033333 0.067500
0 -1  0.812500 0.251250 0.025000 0.062500
0 -1  0.814167 0.259375 0.021667 0.043750
0 -1  0.770833 0.251875 0.028333 0.058750
0 -1  0.739167 0.253125 0.021667 0.053750
0 -1  0.711667 0.250000 0.026667 0.055000
0 -1  0.678333 0.251250 0.026667 0.057500
0 -1  0.476667 0.267500 0.040000 0.092500
0 -1  0.443333 0.261875 0.033333 0.068750
0 -1  0.460833 0.263750 0.035000 0.077500
0 -1  0.275833 0.265625 0.051667 0.121250
0 -1  0.217500 0.346250 0.158333 0.317500
0 -1  0.975833 0.513750 0.041667 0.090000
0 -1  0.910833 0.611250 0.051667 0.122500
0 -1  0.952500 0.611875 0.055000 0.131250
0 -1  0.953333 0.371875 0.026667 0.053750
0 -1  0.960833 0.406875 0.028333 0.058750
0 -1  0.929167 0.406250 0.028333 0.057500
0 -1  0.910833 0.406250 0.028333 0.062500
0 -1  0.926667 0.473750 0.043333 0.087500
0 -1  0.819167 0.412500 0.028333 0.060000
0 -1  0.814167 0.463750 0.031667 0.070000
0 -1  0.811667 0.499375 0.040000 0.101250
0 -1  0.961667 0.244375 0.026667 0.053750
0 -1  0.914167 0.245625 0.021667 0.043750
