0 7327 0.351667 0.296250 0.103333 0.207500
0 7328 0.280833 0.266250 0.108333 0.217500
0 7329 0.187500 0.221250 0.115000 0.232500
0 -1  0.753333 0.266875 0.043333 0.098750
0 -1  0.735000 0.281875 0.050000 0.111250
0 -1  0.694167 0.272500 0.041667 0.095000
0 -1  0.623333 0.322500 0.100000 0.237500
0 -1  0.520000 0.327500 0.090000 0.207500
0 -1  0.038333 0.153750 0.073333 0.195000
0 -1  0.087500 0.186250 0.091667 0.210000
0 -1  0.245000 0.593750 0.050000 0.102500
0 -1  0.143333 0.593125 0.043333 0.103750
0 -1  0.115833 0.587500 0.038333 0.090000
0 -1  0.106667 0.611250 0.056667 0.115000
0 -1  0.093333 0.706875 0.060000 0.131250
0 -1  0.310000 0.763750 0.070000 0.150000
0 -1  0.375833 0.779375 0.081667 0.181250
0 -1  0.036667 0.856875 0.070000 0.141250
0 -1  0.110000 0.504375 0.033333 0.068750
0 -1  0.027500 0.514375 0.038333 0.076250
0 -1  0.022500 0.563125 0.041667 0.096250
0 -1  0.026667 0.583125 0.046667 0.093750
