0 7330 0.414167 0.316250 0.121667 0.245000
0 7850 0.593333 0.310625 0.136667 0.278750
0 -1  0.336667 0.327500 0.116667 0.235000
0 -1  0.053333 0.309375 0.090000 0.211250
0 -1  0.158333 0.311250 0.090000 0.182500
0 -1  0.246667 0.367500 0.133333 0.320000
0 -1  0.720000 0.228125 0.023333 0.056250
0 -1  0.712500 0.228750 0.025000 0.057500
0 -1  0.637500 0.231875 0.028333 0.058750
0 -1  0.674167 0.393125 0.021667 0.058750
0 -1  0.666667 0.394375 0.026667 0.058750
0 -1  0.640833 0.406875 0.028333 0.061250
0 -1  0.750833 0.421875 0.028333 0.063750
0 -1  0.765833 0.440625 0.028333 0.066250
0 -1  0.791667 0.442500 0.036667 0.087500
0 -1  0.875833 0.469375 0.038333 0.076250
0 -1  0.938333 0.396250 0.036667 0.075000
0 -1  0.901667 0.395000 0.030000 0.062500
0 -1  0.905000 0.415000 0.026667 0.055000
0 -1  0.895833 0.426875 0.031667 0.063750
0 -1  0.889167 0.222500 0.031667 0.065000
0 -1  0.196667 0.253750 0.030000 0.062500
