0 7330 0.363333 0.280000 0.083333 0.167500
0 7849 0.132500 0.178125 0.075000 0.151250
0 -1  0.322500 0.268125 0.081667 0.163750
0 -1  0.184167 0.186875 0.071667 0.143750
0 -1  0.738333 0.295000 0.040000 0.087500
0 -1  0.685833 0.301250 0.038333 0.095000
0 -1  0.753333 0.311875 0.046667 0.106250
0 -1  0.297500 0.498125 0.035000 0.071250
0 -1  0.260833 0.493125 0.031667 0.063750
0 -1  0.220000 0.487500 0.026667 0.055000
0 -1  0.209167 0.503125 0.025000 0.053750
0 -1  0.185833 0.493125 0.028333 0.066250
0 -1  0.166667 0.510625 0.033333 0.068750
0 -1  0.279167 0.555000 0.038333 0.077500
0 -1  0.228333 0.605000 0.056667 0.115000
0 -1  0.116667 0.501875 0.036667 0.073750
0 -1  0.090833 0.500625 0.031667 0.066250
0 -1  0.067500 0.498750 0.031667 0.065000
0 -1  0.028333 0.514375 0.033333 0.066250
0 -1  0.056667 0.557500 0.036667 0.095000
0 -1  0.086667 0.557500 0.033333 0.082500
0 -1  0.073333 0.579375 0.040000 0.081250
0 -1  0.102500 0.571250 0.038333 0.087500
0 -1  0.126667 0.590000 0.036667 0.087500
0 -1  0.151667 0.591250 0.040000 0.087500
0 -1  0.147500 0.613750 0.035000 0.072500
0 -1  0.175833 0.604375 0.045000 0.101250
0 -1  0.136667 0.823750 0.073333 0.160000
0 -1  0.156667 0.795000 0.073333 0.167500
0 -1  0.042500 0.740000 0.075000 0.150000
0 -1  0.247500 0.231875 0.081667 0.163750
