0 7330 0.616667 0.316875 0.130000 0.261250
0 7849 0.207500 0.304375 0.091667 0.183750
0 7850 0.049167 0.254375 0.095000 0.191250
0 -1  0.574167 0.310000 0.108333 0.217500
0 -1  0.264167 0.298125 0.078333 0.156250
0 -1  0.955833 0.236250 0.055000 0.122500
0 -1  0.761667 0.237500 0.050000 0.102500
0 -1  0.728333 0.249375 0.053333 0.108750
0 -1  0.819167 0.290000 0.091667 0.210000
0 -1  0.875833 0.288750 0.135000 0.322500
0 -1  0.498333 0.251250 0.043333 0.087500
0 -1  0.531667 0.265625 0.033333 0.068750
0 -1  0.436667 0.318750 0.090000 0.210000
