0 7340 0.573333 0.336875 0.083333 0.166250
0 -1  0.835833 0.291250 0.025000 0.050000
0 -1  0.854167 0.290000 0.025000 0.052500
0 -1  0.907500 0.291875 0.025000 0.051250
0 -1  0.923333 0.291875 0.026667 0.053750
0 -1  0.530000 0.296250 0.020000 0.045000
0 -1  0.497500 0.295625 0.021667 0.048750
0 -1  0.467500 0.327500 0.065000 0.145000
0 -1  0.398333 0.295625 0.020000 0.041250
0 -1  0.127500 0.307500 0.031667 0.065000
0 -1  0.143333 0.303750 0.020000 0.042500
0 -1  0.150833 0.315000 0.021667 0.045000
0 -1  0.179167 0.309375 0.028333 0.058750
0 -1  0.211667 0.323750 0.040000 0.100000
0 -1  0.231667 0.307500 0.026667 0.055000
0 -1  0.251667 0.309375 0.030000 0.068750
0 -1  0.286667 0.311875 0.043333 0.088750
0 -1  0.332500 0.334375 0.055000 0.138750
0 -1  0.940833 0.409375 0.018333 0.043750
0 -1  0.925833 0.425000 0.025000 0.050000
0 -1  0.935000 0.451250 0.030000 0.062500
0 -1  0.915000 0.486250 0.030000 0.067500
0 -1  0.890833 0.471250 0.031667 0.072500
0 -1  0.858333 0.460625 0.030000 0.061250
0 -1  0.818333 0.453125 0.030000 0.061250
0 -1  0.820000 0.456875 0.023333 0.048750
0 -1  0.777500 0.446250 0.031667 0.067500
0 -1  0.747500 0.411250 0.025000 0.050000
0 -1  0.777500 0.449375 0.021667 0.051250
