0 7333 0.475000 0.248750 0.086667 0.187500
0 7334 0.387500 0.248125 0.085000 0.171250
0 -1  0.333333 0.211250 0.043333 0.087500
0 -1  0.290833 0.201250 0.035000 0.072500
0 -1  0.273333 0.202500 0.033333 0.067500
0 -1  0.237500 0.198750 0.031667 0.065000
0 -1  0.225833 0.207500 0.045000 0.092500
0 -1  0.195000 0.198750 0.036667 0.072500
0 -1  0.119167 0.213750 0.051667 0.132500
0 -1  0.036667 0.208750 0.043333 0.097500
0 -1  0.960000 0.199375 0.076667 0.223750
0 -1  0.906667 0.201250 0.086667 0.197500
