0 7340 0.245833 0.440625 0.171667 0.346250
0 -1  0.477500 0.062500 0.041667 0.110000
0 -1  0.456667 0.068750 0.043333 0.095000
0 -1  0.445833 0.120625 0.045000 0.111250
0 -1  0.430000 0.166250 0.053333 0.122500
0 -1  0.442500 0.185000 0.055000 0.142500
0 -1  0.481667 0.211250 0.053333 0.125000
0 -1  0.409167 0.220625 0.041667 0.088750
0 -1  0.488333 0.266875 0.053333 0.136250
0 -1  0.419167 0.278750 0.058333 0.147500
0 -1  0.459167 0.340000 0.085000 0.215000
0 -1  0.422500 0.331250 0.065000 0.192500
0 -1  0.394167 0.397500 0.095000 0.220000
0 -1  0.080833 0.358750 0.028333 0.065000
0 -1  0.046667 0.501875 0.023333 0.048750
0 -1  0.017500 0.504375 0.025000 0.051250
0 -1  0.120000 0.352500 0.023333 0.052500
