0 7340 0.468333 0.246875 0.190000 0.381250
0 -1  0.924167 0.116875 0.031667 0.068750
0 -1  0.965833 0.289375 0.025000 0.056250
0 -1  0.951667 0.290000 0.023333 0.055000
0 -1  0.932500 0.290000 0.025000 0.052500
0 -1  0.880000 0.280000 0.026667 0.055000
0 -1  0.874167 0.348750 0.031667 0.077500
0 -1  0.753333 0.296250 0.030000 0.062500
0 -1  0.730000 0.303125 0.033333 0.068750
0 -1  0.759167 0.365000 0.031667 0.067500
0 -1  0.733333 0.351875 0.030000 0.068750
0 -1  0.247500 0.182500 0.035000 0.060000
0 -1  0.226667 0.182500 0.033333 0.062500
0 -1  0.190000 0.195625 0.033333 0.066250
0 -1  0.138333 0.194375 0.033333 0.063750
0 -1  0.184167 0.260625 0.105000 0.216250
0 -1  0.541667 0.301875 0.023333 0.058750
0 -1  0.555833 0.303125 0.028333 0.058750
0 -1  0.440000 0.323125 0.023333 0.051250
0 -1  0.426667 0.340625 0.030000 0.061250
0 -1  0.080000 0.352500 0.156667 0.510000
