0 7347 0.804167 0.483125 0.281667 0.563750
0 7348 0.369167 0.425000 0.261667 0.525000
0 -1  0.690000 0.293750 0.050000 0.102500
0 -1  0.663333 0.285625 0.036667 0.081250
0 -1  0.645833 0.287500 0.041667 0.092500
0 -1  0.624167 0.292500 0.035000 0.082500
0 -1  0.605000 0.285625 0.036667 0.078750
0 -1  0.571667 0.288125 0.033333 0.068750
0 -1  0.547500 0.283125 0.041667 0.083750
0 -1  0.518333 0.285000 0.040000 0.082500
0 -1  0.735000 0.323750 0.083333 0.192500
0 -1  0.157500 0.331875 0.098333 0.223750
0 -1  0.042500 0.337500 0.081667 0.205000
0 -1  0.712500 0.290625 0.025000 0.051250
