0 7351 0.596667 0.302500 0.060000 0.120000
0 7352 0.640833 0.289375 0.068333 0.138750
0 -1  0.447500 0.270000 0.025000 0.052500
0 -1  0.419167 0.290000 0.035000 0.080000
0 -1  0.409167 0.296250 0.035000 0.072500
0 -1  0.383333 0.285000 0.043333 0.092500
0 -1  0.323333 0.292500 0.030000 0.067500
0 -1  0.305000 0.291875 0.033333 0.076250
0 -1  0.270833 0.280000 0.041667 0.085000
0 -1  0.241667 0.282500 0.040000 0.102500
0 -1  0.175000 0.278125 0.036667 0.086250
0 -1  0.165000 0.285000 0.046667 0.105000
