0 7353 0.454167 0.308125 0.098333 0.198750
0 7354 0.384167 0.320000 0.085000 0.170000
0 7356 0.211667 0.309375 0.113333 0.228750
0 -1  0.750833 0.276875 0.051667 0.103750
0 -1  0.670000 0.316875 0.116667 0.271250
0 -1  0.624167 0.260625 0.035000 0.071250
0 -1  0.620833 0.268125 0.028333 0.058750
0 -1  0.600833 0.270625 0.031667 0.063750
0 -1  0.580833 0.284375 0.041667 0.103750
0 -1  0.567500 0.283125 0.048333 0.106250
0 -1  0.554167 0.270625 0.041667 0.101250
0 -1  0.511667 0.263750 0.033333 0.077500
0 -1  0.525833 0.331250 0.058333 0.117500
0 -1  0.265000 0.298750 0.083333 0.170000
