0 520 0.516667 0.258750 0.216667 0.435000
0 -1  0.261667 0.051875 0.026667 0.051250
0 -1  0.230000 0.053750 0.026667 0.050000
0 -1  0.199167 0.049375 0.025000 0.056250
0 -1  0.418333 0.195625 0.023333 0.056250
0 -1  0.374167 0.193125 0.021667 0.056250
0 -1  0.267500 0.191250 0.025000 0.055000
0 -1  0.105833 0.193750 0.028333 0.052500
0 -1  0.657500 0.210625 0.045000 0.108750
0 -1  0.587500 0.242500 0.088333 0.210000
0 -1  0.650000 0.260000 0.050000 0.115000
0 -1  0.713333 0.227500 0.070000 0.165000
0 -1  0.934167 0.232500 0.105000 0.212500
0 -1  0.845833 0.233125 0.088333 0.173750
