0 7364 0.227500 0.381250 0.128333 0.257500
0 7365 0.422500 0.383125 0.111667 0.223750
0 7366 0.500833 0.371875 0.091667 0.183750
0 7367 0.595000 0.365000 0.083333 0.167500
0 7368 0.170000 0.378125 0.113333 0.228750
0 -1  0.327500 0.363125 0.081667 0.163750
0 -1  0.849167 0.337500 0.038333 0.092500
0 -1  0.819167 0.335000 0.038333 0.097500
0 -1  0.765000 0.346250 0.046667 0.117500
0 -1  0.715000 0.346875 0.046667 0.116250
0 -1  0.670833 0.373125 0.058333 0.156250
0 -1  0.655833 0.336875 0.041667 0.088750
0 -1  0.894167 0.409375 0.118333 0.288750
0 -1  0.445833 0.368750 0.068333 0.182500
