0 7377 0.368333 0.270000 0.063333 0.127500
0 7378 0.511667 0.288750 0.080000 0.162500
0 7379 0.459167 0.300625 0.098333 0.198750
0 7859 0.246667 0.296875 0.040000 0.081250
0 -1  0.528333 0.269375 0.056667 0.113750
0 -1  0.399167 0.260625 0.045000 0.091250
0 -1  0.330000 0.270000 0.046667 0.095000
0 -1  0.300833 0.271875 0.045000 0.093750
0 -1  0.263333 0.263125 0.040000 0.091250
0 -1  0.195833 0.270625 0.058333 0.116250
0 -1  0.135833 0.278125 0.045000 0.108750
0 -1  0.113333 0.257500 0.040000 0.082500
