0 7382 0.563333 0.252500 0.110000 0.222500
0 7383 0.720000 0.260625 0.103333 0.208750
0 7384 0.460833 0.247500 0.108333 0.217500
0 -1  0.436667 0.218125 0.053333 0.141250
0 -1  0.370833 0.218125 0.055000 0.123750
0 -1  0.327500 0.211875 0.055000 0.138750
0 -1  0.634167 0.223125 0.055000 0.128750
0 -1  0.054167 0.250000 0.081667 0.187500
0 -1  0.148333 0.247500 0.100000 0.200000
0 -1  0.910000 0.246875 0.096667 0.193750
0 -1  0.586667 0.237500 0.073333 0.180000
0 -1  0.531667 0.198125 0.033333 0.068750
