0 7393 0.214167 0.224375 0.098333 0.198750
0 7394 0.293333 0.205000 0.070000 0.142500
0 7395 0.447500 0.211875 0.088333 0.176250
0 7397 0.366667 0.201875 0.086667 0.176250
0 7861 0.554167 0.206875 0.058333 0.121250
0 -1  0.653333 0.164375 0.033333 0.066250
0 -1  0.610000 0.174375 0.050000 0.101250
0 -1  0.527500 0.175625 0.048333 0.113750
0 -1  0.484167 0.164375 0.025000 0.068750
0 -1  0.502500 0.188750 0.025000 0.052500
0 -1  0.419167 0.189375 0.071667 0.171250
0 -1  0.247500 0.198750 0.061667 0.150000
0 -1  0.042500 0.233750 0.081667 0.187500
