0 7402 0.765000 0.212500 0.113333 0.227500
0 7403 0.892500 0.265000 0.165000 0.332500
0 -1  0.810000 0.194375 0.073333 0.183750
0 -1  0.738333 0.186250 0.056667 0.145000
0 -1  0.719167 0.172500 0.045000 0.102500
0 -1  0.693333 0.163750 0.040000 0.087500
0 -1  0.656667 0.161250 0.033333 0.067500
0 -1  0.597500 0.191250 0.055000 0.145000
0 -1  0.565833 0.200000 0.075000 0.162500
0 -1  0.506667 0.188750 0.050000 0.105000
0 -1  0.466667 0.201875 0.073333 0.171250
0 -1  0.411667 0.198750 0.070000 0.172500
0 -1  0.229167 0.239375 0.101667 0.221250
