0 7418 0.491667 0.178750 0.050000 0.100000
0 7419 0.434167 0.183125 0.061667 0.123750
0 7420 0.353333 0.191875 0.070000 0.141250
0 -1  0.848333 0.165625 0.033333 0.068750
0 -1  0.823333 0.168750 0.036667 0.090000
0 -1  0.808333 0.158750 0.030000 0.060000
0 -1  0.786667 0.163125 0.030000 0.061250
0 -1  0.750000 0.196875 0.066667 0.158750
0 -1  0.694167 0.165000 0.025000 0.057500
0 -1  0.664167 0.176875 0.041667 0.093750
0 -1  0.628333 0.163750 0.026667 0.055000
0 -1  0.599167 0.165000 0.041667 0.107500
0 -1  0.583333 0.173750 0.050000 0.117500
0 -1  0.563333 0.171250 0.036667 0.100000
