0 7426 0.331667 0.194375 0.093333 0.188750
0 7865 0.192500 0.190000 0.098333 0.197500
0 7866 0.809167 0.186250 0.108333 0.217500
0 -1  0.748333 0.189375 0.110000 0.221250
0 -1  0.690000 0.140625 0.030000 0.061250
0 -1  0.655000 0.153125 0.036667 0.096250
0 -1  0.628333 0.154375 0.040000 0.103750
0 -1  0.613333 0.145000 0.040000 0.092500
0 -1  0.577500 0.145625 0.038333 0.076250
0 -1  0.539167 0.159375 0.051667 0.103750
0 -1  0.495833 0.156875 0.055000 0.143750
0 -1  0.471667 0.150000 0.043333 0.090000
0 -1  0.435833 0.165000 0.058333 0.117500
0 -1  0.707500 0.137500 0.021667 0.045000
0 -1  0.308333 0.169375 0.056667 0.138750
0 -1  0.040833 0.200000 0.078333 0.180000
