0 7439 0.344167 0.235000 0.118333 0.237500
0 7440 0.419167 0.254375 0.098333 0.198750
0 7874 0.635000 0.291875 0.166667 0.336250
0 7875 0.753333 0.226250 0.103333 0.207500
0 -1  0.561667 0.198750 0.026667 0.092500
0 -1  0.587500 0.183125 0.021667 0.056250
0 -1  0.597500 0.176250 0.021667 0.057500
0 -1  0.538333 0.204375 0.036667 0.108750
0 -1  0.519167 0.185000 0.028333 0.082500
0 -1  0.477500 0.183125 0.031667 0.083750
0 -1  0.470000 0.203750 0.033333 0.100000
0 -1  0.390833 0.220625 0.078333 0.193750
