0 7442 0.461667 0.308750 0.173333 0.347500
0 7443 0.759167 0.296875 0.208333 0.418750
0 7444 0.605833 0.325625 0.158333 0.318750
0 7940 0.332500 0.295625 0.118333 0.238750
0 -1  0.576667 0.302500 0.140000 0.280000
0 -1  0.661667 0.265625 0.063333 0.161250
0 -1  0.240000 0.264375 0.063333 0.148750
0 -1  0.220833 0.281250 0.075000 0.167500
0 -1  0.141667 0.287500 0.070000 0.222500
0 -1  0.511667 0.271250 0.080000 0.247500
0 -1  0.085000 0.279375 0.086667 0.173750
0 -1  0.030000 0.296875 0.056667 0.183750
