0 7454 0.411667 0.455000 0.130000 0.260000
0 7455 0.260000 0.450000 0.120000 0.242500
0 -1  0.084167 0.439375 0.075000 0.166250
0 -1  0.334167 0.426250 0.071667 0.182500
0 -1  0.504167 0.417500 0.065000 0.147500
0 -1  0.540833 0.418750 0.051667 0.152500
0 -1  0.586667 0.426875 0.060000 0.156250
0 -1  0.625833 0.406875 0.048333 0.146250
0 -1  0.650000 0.426875 0.053333 0.133750
0 -1  0.717500 0.425000 0.071667 0.187500
0 -1  0.780833 0.446875 0.078333 0.203750
0 -1  0.845833 0.447500 0.071667 0.202500
