0 7461 0.474167 0.246875 0.095000 0.191250
0 7463 0.553333 0.218125 0.070000 0.141250
0 7464 0.335000 0.258750 0.093333 0.187500
0 7465 0.619167 0.226250 0.095000 0.190000
0 7466 0.695833 0.215625 0.078333 0.156250
0 7877 0.240000 0.258125 0.086667 0.173750
0 -1  0.760000 0.191875 0.030000 0.071250
0 -1  0.784167 0.195625 0.038333 0.103750
0 -1  0.800000 0.215000 0.046667 0.135000
0 -1  0.914167 0.234375 0.075000 0.218750
0 -1  0.729167 0.197500 0.031667 0.082500
0 -1  0.664167 0.211250 0.041667 0.112500
0 -1  0.832500 0.190000 0.028333 0.067500
0 -1  0.371667 0.244375 0.053333 0.146250
