0 7457 0.344167 0.318125 0.098333 0.198750
0 7458 0.577500 0.305625 0.085000 0.171250
0 7459 0.544167 0.291875 0.095000 0.191250
0 7460 0.794167 0.295000 0.101667 0.202500
0 7877 0.418333 0.308125 0.080000 0.161250
0 -1  0.707500 0.270000 0.068333 0.140000
0 -1  0.834167 0.250000 0.025000 0.060000
0 -1  0.868333 0.243125 0.020000 0.053750
0 -1  0.896667 0.253125 0.030000 0.083750
0 -1  0.935000 0.266250 0.033333 0.100000
0 -1  0.960833 0.248750 0.025000 0.077500
0 -1  0.981667 0.247500 0.026667 0.085000
