0 7457 0.385833 0.314375 0.071667 0.146250
0 7458 0.520000 0.300000 0.063333 0.130000
0 7459 0.462500 0.295625 0.068333 0.138750
0 7460 0.890000 0.395625 0.206667 0.413750
0 -1  0.116667 0.328750 0.080000 0.162500
0 -1  0.215833 0.320625 0.065000 0.171250
0 -1  0.535833 0.285000 0.031667 0.090000
0 -1  0.568333 0.271875 0.016667 0.043750
0 -1  0.591667 0.289375 0.040000 0.111250
0 -1  0.616667 0.269375 0.020000 0.063750
0 -1  0.650000 0.300625 0.036667 0.113750
0 -1  0.665833 0.273750 0.021667 0.067500
0 -1  0.682500 0.283125 0.028333 0.093750
0 -1  0.713333 0.270000 0.020000 0.052500
0 -1  0.730000 0.276250 0.026667 0.067500
