0 7461 0.338333 0.246250 0.070000 0.142500
0 7462 0.190833 0.252500 0.068333 0.140000
0 7464 0.266667 0.249375 0.070000 0.141250
0 7465 0.444167 0.294375 0.161667 0.323750
0 7466 0.502500 0.273750 0.121667 0.242500
0 -1  0.540833 0.228750 0.045000 0.115000
0 -1  0.566667 0.234375 0.046667 0.103750
0 -1  0.591667 0.244375 0.053333 0.156250
0 -1  0.603333 0.278125 0.050000 0.131250
0 -1  0.688333 0.261875 0.063333 0.178750
0 -1  0.947500 0.273750 0.085000 0.252500
0 -1  0.035000 0.268750 0.066667 0.185000
