0 7467 0.598333 0.285000 0.076667 0.155000
0 -1  0.907500 0.516250 0.178333 0.600000
0 -1  0.755833 0.248125 0.028333 0.081250
0 -1  0.723333 0.250625 0.026667 0.076250
0 -1  0.696667 0.242500 0.020000 0.055000
0 -1  0.680833 0.252500 0.025000 0.075000
0 -1  0.692500 0.257500 0.028333 0.065000
0 -1  0.650000 0.255000 0.030000 0.102500
0 -1  0.633333 0.244375 0.030000 0.073750
0 -1  0.562500 0.268750 0.035000 0.100000
0 -1  0.525833 0.256875 0.035000 0.093750
0 -1  0.495833 0.264375 0.035000 0.101250
0 -1  0.461667 0.263750 0.033333 0.077500
0 -1  0.255833 0.313750 0.081667 0.172500
0 -1  0.838333 0.293125 0.080000 0.183750
0 -1  0.863333 0.295000 0.063333 0.175000
0 -1  0.160000 0.318125 0.076667 0.166250
