0 7469 0.545000 0.304375 0.106667 0.216250
0 7877 0.183333 0.298750 0.086667 0.175000
0 7878 0.381667 0.283125 0.086667 0.173750
0 -1  0.505833 0.278750 0.091667 0.185000
0 -1  0.736667 0.227500 0.016667 0.050000
0 -1  0.744167 0.234375 0.018333 0.066250
0 -1  0.757500 0.235000 0.025000 0.070000
0 -1  0.728333 0.245625 0.020000 0.041250
0 -1  0.705833 0.231875 0.028333 0.076250
0 -1  0.774167 0.267500 0.055000 0.177500
0 -1  0.810833 0.263125 0.045000 0.133750
0 -1  0.848333 0.273125 0.036667 0.121250
0 -1  0.885833 0.260000 0.045000 0.140000
0 -1  0.677500 0.258125 0.038333 0.123750
0 -1  0.651667 0.241250 0.033333 0.097500
0 -1  0.633333 0.238125 0.026667 0.061250
0 -1  0.576667 0.246875 0.036667 0.113750
0 -1  0.620000 0.235625 0.020000 0.051250
