0 7474 0.728333 0.390625 0.236667 0.473750
0 -1  0.824167 0.365625 0.091667 0.261250
0 -1  0.506667 0.301250 0.040000 0.082500
0 -1  0.487500 0.302500 0.038333 0.082500
0 -1  0.459167 0.294375 0.038333 0.068750
0 -1  0.417500 0.320625 0.058333 0.141250
0 -1  0.385000 0.318750 0.046667 0.107500
0 -1  0.344167 0.318125 0.048333 0.108750
0 -1  0.303333 0.321250 0.066667 0.157500
0 -1  0.262500 0.325625 0.051667 0.123750
0 -1  0.240833 0.322500 0.041667 0.092500
0 -1  0.170000 0.342500 0.080000 0.145000
0 -1  0.118333 0.335000 0.050000 0.135000
0 -1  0.105833 0.368125 0.088333 0.211250
0 -1  0.069167 0.354375 0.065000 0.146250
