0 7480 0.420000 0.176875 0.100000 0.201250
0 -1  0.332500 0.180625 0.071667 0.176250
0 -1  0.515000 0.168125 0.053333 0.171250
0 -1  0.575000 0.166250 0.050000 0.180000
0 -1  0.640833 0.194375 0.081667 0.268750
0 -1  0.706667 0.130625 0.036667 0.106250
0 -1  0.673333 0.123750 0.040000 0.107500
0 -1  0.790833 0.124375 0.058333 0.171250
0 -1  0.859167 0.130625 0.055000 0.156250
0 -1  0.888333 0.145625 0.053333 0.168750
0 -1  0.922500 0.175000 0.081667 0.240000
0 -1  0.763333 0.206250 0.126667 0.385000
