0 7487 0.070000 0.288125 0.053333 0.108750
0 7488 0.743333 0.323125 0.120000 0.241250
0 7489 0.623333 0.288750 0.093333 0.187500
0 7490 0.507500 0.301875 0.091667 0.183750
0 7881 0.314167 0.294375 0.098333 0.196250
0 -1  0.090833 0.268125 0.028333 0.063750
0 -1  0.122500 0.272500 0.038333 0.070000
0 -1  0.221667 0.249375 0.016667 0.031250
0 -1  0.204167 0.249375 0.018333 0.031250
0 -1  0.430000 0.264375 0.026667 0.063750
0 -1  0.816667 0.261250 0.050000 0.115000
0 -1  0.773333 0.263125 0.040000 0.108750
