0 7485 0.224167 0.266250 0.141667 0.282500
0 7486 0.095833 0.281875 0.138333 0.276250
0 -1  0.916667 0.178750 0.053333 0.137500
0 -1  0.782500 0.166875 0.048333 0.106250
0 -1  0.752500 0.174375 0.045000 0.101250
0 -1  0.706667 0.179375 0.060000 0.136250
0 -1  0.670833 0.161875 0.041667 0.093750
0 -1  0.650833 0.151875 0.031667 0.061250
0 -1  0.620000 0.153750 0.026667 0.052500
0 -1  0.597500 0.158750 0.028333 0.055000
0 -1  0.535000 0.197500 0.063333 0.155000
0 -1  0.833333 0.188125 0.076667 0.153750
