0 7482 0.601667 0.235625 0.103333 0.206250
0 7483 0.522500 0.225000 0.068333 0.140000
0 7484 0.456667 0.228125 0.066667 0.136250
0 -1  0.851667 0.153125 0.020000 0.051250
0 -1  0.818333 0.153750 0.026667 0.057500
0 -1  0.824167 0.180625 0.035000 0.101250
0 -1  0.777500 0.158750 0.018333 0.042500
0 -1  0.802500 0.158125 0.018333 0.043750
0 -1  0.745833 0.179375 0.035000 0.088750
0 -1  0.322500 0.228750 0.091667 0.162500
0 -1  0.267500 0.188125 0.011667 0.026250
0 -1  0.253333 0.188750 0.016667 0.025000
0 -1  0.217500 0.195625 0.015000 0.023750
0 -1  0.202500 0.195000 0.015000 0.027500
0 -1  0.160000 0.196875 0.016667 0.028750
0 -1  0.148333 0.197500 0.016667 0.032500
