0 7491 0.625833 0.316250 0.085000 0.172500
0 7492 0.732500 0.338750 0.061667 0.125000
0 7493 0.768333 0.308750 0.103333 0.207500
0 7494 0.846667 0.340625 0.073333 0.148750
0 -1  0.970000 0.241875 0.040000 0.081250
0 -1  0.976667 0.283125 0.040000 0.148750
0 -1  0.951667 0.285000 0.046667 0.130000
0 -1  0.895833 0.282500 0.041667 0.122500
0 -1  0.863333 0.263125 0.046667 0.101250
0 -1  0.818333 0.275625 0.053333 0.143750
0 -1  0.700000 0.276250 0.043333 0.097500
0 -1  0.313333 0.341875 0.093333 0.208750
0 -1  0.153333 0.338750 0.063333 0.150000
0 -1  0.145000 0.370625 0.043333 0.096250
