0 7491 0.625833 0.357500 0.078333 0.157500
0 7492 0.530833 0.390625 0.058333 0.116250
0 7493 0.450833 0.364375 0.088333 0.178750
0 7494 0.392500 0.390000 0.061667 0.125000
0 -1  0.760000 0.352500 0.066667 0.175000
0 -1  0.690833 0.348125 0.085000 0.196250
0 -1  0.695000 0.382500 0.080000 0.215000
0 -1  0.299167 0.357500 0.088333 0.187500
0 -1  0.317500 0.424375 0.128333 0.243750
0 -1  0.209167 0.328750 0.045000 0.072500
0 -1  0.128333 0.360625 0.056667 0.148750
0 -1  0.106667 0.380000 0.063333 0.155000
0 -1  0.034167 0.371250 0.061667 0.130000
